examples/topond/topo_ureaCrys.SURFGRHO
DSAA
 161 161
-0.75589045E+01  0.75589045E+01  0.94486307E-01
-0.75589045E+01  0.75589045E+01  0.94486307E-01
 0.00000000E+00  0.00000000E+00
[rows 110 to 131 of 161, columns 96 to 143 of 161]
0.15789538E+00 0.12855927E+00 0.10516207E+00 0.86337536E-01 0.70981166E-01 0.58268471E-01 0.47624011E-01 0.38668798E-01 0.31165088E-01 0.24969580E-01 0.19998526E-01 0.16200258E-01 0.13522329E-01 0.11862554E-01 0.11027214E-01 0.10751889E-01 0.10779671E-01 0.10919783E-01 0.11054196E-01 0.11118133E-01 0.11079591E-01 0.10925585E-01 0.10654450E-01 0.10272098E-01 0.97906700E-02 0.92289743E-02 0.86150168E-02 0.79918510E-02 0.74285830E-02 0.70362764E-02 0.69775123E-02 0.74401317E-02 0.85679825E-02 0.10421120E-01 0.13012505E-01 0.16359652E-01 0.20505434E-01 0.25518602E-01 0.31491705E-01 0.38545060E-01 0.46840790E-01 0.56609350E-01 0.68189344E-01 0.82078316E-01 0.98987257E-01 0.11988491E+00 0.14601002E+00 0.17882033E+00
0.17444198E+00 0.14078677E+00 0.11440548E+00 0.93549504E-01 0.76801696E-01 0.63102172E-01 0.51709756E-01 0.42134959E-01 0.34068287E-01 0.27317947E-01 0.21763145E-01 0.17322680E-01 0.13932728E-01 0.11522732E-01 0.99817900E-02 0.91326513E-02 0.87510659E-02 0.86249909E-02 0.85984003E-02 0.85757107E-02 0.85057871E-02 0.83650341E-02 0.81459607E-02 0.78509384E-02 0.74896338E-02 0.70791941E-02 0.66471925E-02 0.62381164E-02 0.59237709E-02 0.58133396E-02 0.60476009E-02 0.67614185E-02 0.80406394E-02 0.99241788E-02 0.12439918E-01 0.15630512E-01 0.19559830E-01 0.24311108E-01 0.29985450E-01 0.36704912E-01 0.44622794E-01 0.53943169E-01 0.64950544E-01 0.78048081E-01 0.93798709E-01 0.11295808E+00 0.13648230E+00 0.16548730E+00
0.19250978E+00 0.15389766E+00 0.12409499E+00 0.10092546E+00 0.82617705E-01 0.67843179E-01 0.55670657E-01 0.45484370E-01 0.36895173E-01 0.29661944E-01 0.23631320E-01 0.18697050E-01 0.14775491E-01 0.11790130E-01 0.96558292E-02 0.82574923E-02 0.74353513E-02 0.70017118E-02 0.67841818E-02 0.66570811E-02 0.65439734E-02 0.64048407E-02 0.62226161E-02 0.59942775E-02 0.57265684E-02 0.54354786E-02 0.51491195E-02 0.49139140E-02 0.48022861E-02 0.49141244E-02 0.53594881E-02 0.62268466E-02 0.75695555E-02 0.94236380E-02 0.11831154E-01 0.14851116E-01 0.18560626E-01 0.23052957E-01 0.28436524E-01 0.34836944E-01 0.42403978E-01 0.51324931E-01 0.61845339E-01 0.74295831E-01 0.89120829E-01 0.10690045E+00 0.12835242E+00 0.15429694E+00
0.21148160E+00 0.16746283E+00 0.13392998E+00 0.10824947E+00 0.88266741E-01 0.72360743E-01 0.59392360E-01 0.48607306E-01 0.39529641E-01 0.31866471E-01 0.25433613E-01 0.20104423E-01 0.15778957E-01 0.12367789E-01 0.97832350E-02 0.79305001E-02 0.66951779E-02 0.59356890E-02 0.54967718E-02 0.52400382E-02 0.50656940E-02 0.49136596E-02 0.47536212E-02 0.45749234E-02 0.43805074E-02 0.41852442E-02 0.40180581E-02 0.39264837E-02 0.39794551E-02 0.42601720E-02 0.48463040E-02 0.57939439E-02 0.71425805E-02 0.89320370E-02 0.11214693E-01 0.14059595E-01 0.17552255E-01 0.21793399E-01 0.26898375E-01 0.32998391E-01 0.40244752E-01 0.48817205E-01 0.58936977E-01 0.70883664E-01 0.85012647E-01 0.10176642E+00 0.12166985E+00 0.14529700E+00
0.23053979E+00 0.18092985E+00 0.14354049E+00 0.11527276E+00 0.93577601E-01 0.76531391E-01 0.62779225E-01 0.51422507E-01 0.41894769E-01 0.33849728E-01 0.27072986E-01 0.21420228E-01 0.16779195E-01 0.13049821E-01 0.10135922E-01 0.79419080E-02 0.63688485E-02 0.53076721E-02 0.46355084E-02 0.42256928E-02 0.39686842E-02 0.37867372E-02 0.36343314E-02 0.34910238E-02 0.33547504E-02 0.32388146E-02 0.31723468E-02 0.32015635E-02 0.33864717E-02 0.37890785E-02 0.44601153E-02 0.54376660E-02 0.67575563E-02 0.84642421E-02 0.10616521E-01 0.13289250E-01 0.16573353E-01 0.20575434E-01 0.25417673E-01 0.31238578E-01 0.38195223E-01 0.46467609E-01 0.56265376E-01 0.67836103E-01 0.81472605E-01 0.97514302E-01 0.11633541E+00 0.13831146E+00
0.24870079E+00 0.19364175E+00 0.15249562E+00 0.12171506E+00 0.98366857E-01 0.80231939E-01 0.65744285E-01 0.53863753E-01 0.43934825E-01 0.35558766E-01 0.28492073E-01 0.22574561E-01 0.17684351E-01 0.13713772E-01 0.10559373E-01 0.81197311E-02 0.62958413E-02 0.49901449E-02 0.41029792E-02 0.35305985E-02 0.31718129E-02 0.29418662E-02 0.27824815E-02 0.26625135E-02 0.25736400E-02 0.25265234E-02 0.25485858E-02 0.26805569E-02 0.29684335E-02 0.34534599E-02 0.41686712E-02 0.51445405E-02 0.64173084E-02 0.80347571E-02 0.10059087E-01 0.12568244E-01 0.15656640E-01 0.19435663E-01 0.24034134E-01 0.29598895E-01 0.36295680E-01 0.44310440E-01 0.53850927E-01 0.65147671E-01 0.78452289E-01 0.94029599E-01 0.11213872E+00 0.13299811E+00
0.26488438E+00 0.20488019E+00 0.16032904E+00 0.12727816E+00 0.10244461E+00 0.83340092E-01 0.68206297E-01 0.55874046E-01 0.45606468E-01 0.36956847E-01 0.29655217E-01 0.23527456E-01 0.18443997E-01 0.14291816E-01 0.10962381E-01 0.83490086E-02 0.63485097E-02 0.48634624E-02 0.38026885E-02 0.30793491E-02 0.26093776E-02 0.23151230E-02 0.21342940E-02 0.20274041E-02 0.19791749E-02 0.19955332E-02 0.20982658E-02 0.23172745E-02 0.26822338E-02 0.32187550E-02 0.39511061E-02 0.49078030E-02 0.61263097E-02 0.76560888E-02 0.95606763E-02 0.11919374E-01 0.14828780E-01 0.18404140E-01 0.22780430E-01 0.28112994E-01 0.34577552E-01 0.42369232E-01 0.51700006E-01 0.62793471E-01 0.75875243E-01 0.91156629E-01 0.10880900E+00 0.12892709E+00
0.27801183E+00 0.21392893E+00 0.16657831E+00 0.13166918E+00 0.10562714E+00 0.85740378E-01 0.70091396E-01 0.57404374E-01 0.46875202E-01 0.38017485E-01 0.30539430E-01 0.24255611E-01 0.19030576E-01 0.14747608E-01 0.11294875E-01 0.85620281E-02 0.64419631E-02 0.48341865E-02 0.36476421E-02 0.28018007E-02 0.22257534E-02 0.18566864E-02 0.16408326E-02 0.15382886E-02 0.15278315E-02 0.16065820E-02 0.17840608E-02 0.20748274E-02 0.24945036E-02 0.30603202E-02 0.37938605E-02 0.47238604E-02 0.58885413E-02 0.73377228E-02 0.91349683E-02 0.11359836E-01 0.14110152E-01 0.17504128E-01 0.21682029E-01 0.26807006E-01 0.33064537E-01 0.40659695E-01 0.49811208E-01 0.60740988E-01 0.73657657E-01 0.88732746E-01 0.10606914E+00 0.12566321E+00
0.28712021E+00 0.22014946E+00 0.17083269E+00 0.13462941E+00 0.10775365E+00 0.87333226E-01 0.71337452E-01 0.58415118E-01 0.47714764E-01 0.38722142E-01 0.31130225E-01 0.24745805E-01 0.19429538E-01 0.15062434E-01 0.11530727E-01 0.87218575E-02 0.65260690E-02 0.48400040E-02 0.35703028E-02 0.26363667E-02 0.19721551E-02 0.15270255E-02 0.12648021E-02 0.11592697E-02 0.11877806E-02 0.13306254E-02 0.15761746E-02 0.19232635E-02 0.23796947E-02 0.29604989E-02 0.36874872E-02 0.45899564E-02 0.57061845E-02 0.70854862E-02 0.87906938E-02 0.10900934E-01 0.13514524E-01 0.16751717E-01 0.20756891E-01 0.25699581E-01 0.31773486E-01 0.39192314E-01 0.48181010E-01 0.58960843E-01 0.71727056E-01 0.86618752E-01 0.10368263E+00 0.12283524E+00
0.29147542E+00 0.22305654E+00 0.17278115E+00 0.13596382E+00 0.10870367E+00 0.88044890E-01 0.71899432E-01 0.58878640E-01 0.48107955E-01 0.39059788E-01 0.31419993E-01 0.24991877E-01 0.19634460E-01 0.15227851E-01 0.11657484E-01 0.88097770E-02 0.65735978E-02 0.48438410E-02 0.35251224E-02 0.25349167E-02 0.18065879E-02 0.12938921E-02 0.97790201E-03 0.86340726E-03 0.93649041E-03 0.11453008E-02 0.14494915E-02 0.18381994E-02 0.23183596E-02 0.29061924E-02 0.36244943E-02 0.45028070E-02 0.55789373E-02 0.69012435E-02 0.85314545E-02 0.10547864E-01 0.13048704E-01 0.16155367E-01 0.20014990E-01 0.24801595E-01 0.30714693E-01 0.37973860E-01 0.46807523E-01 0.57434245E-01 0.70035455E-01 0.84720253E-01 0.10148596E+00 0.12018225E+00
0.29066496E+00 0.22238045E+00 0.17225200E+00 0.13556532E+00 0.10841159E+00 0.87835961E-01 0.71754244E-01 0.58781928E-01 0.48047926E-01 0.39027250E-01 0.31407592E-01 0.24993491E-01 0.19644764E-01 0.15241995E-01 0.11670834E-01 0.88176833E-02 0.65711533E-02 0.48255859E-02 0.34846449E-02 0.24642776E-02 0.16956113E-02 0.11305972E-02 0.75878630E-03 0.63073471E-03 0.75843221E-03 0.10315915E-02 0.13822561E-02 0.18001466E-02 0.22956780E-02 0.28871421E-02 0.35981075E-02 0.44579863E-02 0.55038480E-02 0.67829516E-02 0.83558204E-02 0.10299730E-01 0.12712408E-01 0.15715586E-01 0.19457805E-01 0.24115550E-01 0.29891379E-01 0.37007285E-01 0.45691295E-01 0.56155471E-01 0.68564544E-01 0.82996846E-01 0.99403202E-01 0.11757470E+00
0.28465415E+00 0.21810393E+00 0.16923612E+00 0.13342906E+00 0.10687535E+00 0.86706554E-01 0.70903835E-01 0.58128412E-01 0.47539189E-01 0.38629685E-01 0.31098351E-01 0.24755674E-01 0.19464684E-01 0.15107774E-01 0.11571754E-01 0.87439111E-02 0.65135778E-02 0.47756324E-02 0.34339460E-02 0.24040398E-02 0.16153275E-02 0.10156128E-02 0.59166553E-03 0.44692407E-03 0.64232132E-03 0.97177959E-03 0.13560987E-02 0.17939851E-02 0.23002609E-02 0.28948662E-02 0.36017125E-02 0.44498534E-02 0.54755728E-02 0.67250927E-02 0.82578098E-02 0.10149964E-01 0.12498535E-01 0.15424966E-01 0.19078046E-01 0.23634891E-01 0.29298503E-01 0.36289935E-01 0.44832873E-01 0.55128746E-01 0.67321984E-01 0.81458070E-01 0.97442033E-01 0.11501097E+00
0.27379426E+00 0.21046597E+00 0.16388886E+00 0.12965357E+00 0.10415724E+00 0.84696991E-01 0.69375750E-01 0.56938405E-01 0.46597933E-01 0.37880734E-01 0.30504062E-01 0.24288593E-01 0.19102748E-01 0.14831948E-01 0.11365036E-01 0.85910028E-02 0.64007896E-02 0.46907819E-02 0.33661185E-02 0.23430610E-02 0.15505653E-02 0.93281582E-03 0.46559564E-03 0.30296875E-03 0.57770384E-03 0.94944214E-03 0.13563873E-02 0.18082785E-02 0.23232231E-02 0.29220654E-02 0.36287224E-02 0.44718132E-02 0.54869243E-02 0.67194161E-02 0.82277444E-02 0.10087220E-01 0.12393991E-01 0.15268821E-01 0.18859913E-01 0.23343623E-01 0.28921380E-01 0.35810674E-01 0.44227767E-01 0.54360285E-01 0.66329651E-01 0.80147031E-01 0.95672173E-01 0.11259079E+00
0.25877955E+00 0.19993085E+00 0.15650983E+00 0.12442835E+00 0.10037667E+00 0.81883744E-01 0.67220955E-01 0.55247965E-01 0.45251412E-01 0.36802164E-01 0.29642702E-01 0.23607257E-01 0.18571394E-01 0.14424579E-01 0.11058464E-01 0.83645006E-02 0.62360465E-02 0.45718688E-02 0.32793116E-02 0.22764247E-02 0.14930288E-02 0.87153373E-03 0.37446277E-03 0.19741959E-03 0.55246065E-03 0.95061644E-03 0.13721036E-02 0.18344605E-02 0.23574855E-02 0.29623058E-02 0.36726475E-02 0.45167149E-02 0.55295424E-02 0.67558403E-02 0.82533477E-02 0.10096618E-01 0.12381014E-01 0.15226446E-01 0.18780064E-01 0.23216632E-01 0.28734800E-01 0.35546989E-01 0.43860449E-01 0.53847692E-01 0.65606629E-01 0.79114959E-01 0.94189598E-01 0.11046812E+00
0.24055876E+00 0.18712773E+00 0.14750418E+00 0.11801014E+00 0.95696112E-01 0.78371359E-01 0.64509268E-01 0.53106314E-01 0.43536452E-01 0.35422943E-01 0.28537797E-01 0.22731028E-01 0.17886529E-01 0.13898575E-01 0.10662285E-01 0.80722540E-02 0.60249992E-02 0.44224558E-02 0.31749990E-02 0.22033740E-02 0.14394536E-02 0.82608902E-03 0.31726102E-03 0.14393986E-03 0.55344615E-03 0.96456043E-03 0.13952078E-02 0.18660455E-02 0.23972599E-02 0.30098400E-02 0.37272199E-02 0.45772441E-02 0.55945347E-02 0.68233402E-02 0.83208841E-02 0.10161137E-01 0.12438778E-01 0.15272851E-01 0.18809287E-01 0.23220940E-01 0.28703284E-01 0.35463359E-01 0.43699486E-01 0.53569994E-01 0.65151619E-01 0.78392787E-01 0.93073613E-01 0.10879011E+00
0.22021607E+00 0.17277155E+00 0.13733261E+00 0.11069241E+00 0.90302926E-01 0.74281803E-01 0.61323159E-01 0.50572188E-01 0.41497228E-01 0.33777808E-01 0.27217438E-01 0.21682896E-01 0.17066979E-01 0.13269245E-01 0.10188809E-01 0.77240118E-02 0.57752014E-02 0.42481827E-02 0.30570867E-02 0.21261360E-02 0.13902949E-02 0.79507255E-03 0.29675867E-03 0.15859169E-03 0.56917742E-03 0.98356997E-03 0.14198321E-02 0.18979778E-02 0.24376716E-02 0.30594834E-02 0.37864947E-02 0.46462285E-02 0.56729902E-02 0.69106893E-02 0.84161630E-02 0.10262914E-01 0.12545015E-01 0.15380680E-01 0.18914618E-01 0.23317809E-01 0.28782753E-01 0.35511751E-01 0.43695692E-01 0.53481645E-01 0.64930143E-01 0.77967861E-01 0.92348095E-01 0.10763666E+00
0.19884264E+00 0.15757997E+00 0.12645924E+00 0.10277345E+00 0.84390181E-01 0.69743034E-01 0.57750913E-01 0.47709655E-01 0.39182596E-01 0.31905474E-01 0.25713028E-01 0.20488595E-01 0.16133859E-01 0.12553871E-01 0.96521279E-02 0.73312382E-02 0.54959607E-02 0.40565843E-02 0.29316189E-02 0.20494426E-02 0.13490300E-02 0.78061835E-03 0.31434781E-03 0.21437167E-03 0.59152017E-03 0.10022874E-02 0.14415676E-02 0.19261425E-02 0.24744841E-02 0.31065182E-02 0.38449034E-02 0.47168388E-02 0.57563384E-02 0.70070060E-02 0.85253166E-02 0.10384308E-01 0.12677430E-01 0.15522033E-01 0.19061612E-01 0.23465411E-01 0.28923439E-01 0.35634416E-01 0.43784128E-01 0.53512540E-01 0.64870663E-01 0.77773148E-01 0.91959248E-01 0.10697969E+00
0.17742142E+00 0.14220008E+00 0.11530586E+00 0.94528148E-01 0.78139420E-01 0.64878468E-01 0.53880084E-01 0.44583908E-01 0.36643273E-01 0.29846677E-01 0.24057908E-01 0.19175651E-01 0.15109977E-01 0.11771401E-01 0.90680547E-02 0.69072263E-02 0.51985687E-02 0.38573576E-02 0.28070011E-02 0.19806080E-02 0.13219650E-02 0.78770713E-03 0.36623780E-03 0.28435984E-03 0.61571123E-03 0.10170128E-02 0.14569459E-02 0.19470263E-02 0.25039016E-02 0.31466081E-02 0.38972707E-02 0.47827027E-02 0.58365739E-02 0.71021161E-02 0.86353454E-02 0.10508700E-01 0.12814834E-01 0.15670045E-01 0.19216471E-01 0.23621650E-01 0.29073523E-01 0.35768409E-01 0.43889461E-01 0.53573969E-01 0.64870525E-01 0.77692012E-01 0.91777037E-01 0.10667727E+00
0.15674310E+00 0.12715575E+00 0.10421888E+00 0.86187268E-01 0.71707585E-01 0.59798597E-01 0.49791961E-01 0.41257478E-01 0.33929167E-01 0.27642282E-01 0.22286063E-01 0.17772612E-01 0.14019517E-01 0.10942522E-01 0.84545167E-02 0.64677445E-02 0.48970972E-02 0.36632043E-02 0.26947618E-02 0.19300646E-02 0.13183192E-02 0.82334050E-03 0.44726782E-03 0.36240256E-03 0.63985572E-03 0.10252598E-02 0.14631128E-02 0.19574925E-02 0.25224278E-02 0.31757278E-02 0.39388054E-02 0.48379592E-02 0.59063844E-02 0.71867768E-02 0.87344774E-02 0.10621041E-01 0.12937971E-01 0.15800120E-01 0.19347876E-01 0.23746821E-01 0.29182918E-01 0.35850889E-01 0.43933267E-01 0.53568530E-01 0.64809211E-01 0.77575677E-01 0.91617875E-01 0.10650236E+00
0.13736255E+00 0.11282042E+00 0.93451676E-01 0.77925753E-01 0.65219046E-01 0.54595371E-01 0.45557466E-01 0.37787189E-01 0.31087156E-01 0.25331781E-01 0.20431301E-01 0.16308854E-01 0.12888426E-01 0.10090579E-01 0.78328874E-02 0.60326405E-02 0.46101088E-02 0.34914512E-02 0.26108783E-02 0.19121676E-02 0.13502358E-02 0.89557626E-03 0.55563816E-03 0.45094763E-03 0.66476299E-03 0.10256365E-02 0.14576731E-02 0.19546451E-02 0.25267671E-02 0.31901041E-02 0.39650808E-02 0.48772798E-02 0.59592190E-02 0.72528102E-02 0.88123939E-02 0.10708221E-01 0.13030121E-01 0.15890874E-01 0.19428452E-01 0.23805853E-01 0.29206688E-01 0.35824249E-01 0.43841622E-01 0.53401228E-01 0.64564433E-01 0.77266452E-01 0.91278084E-01 0.10619130E+00
0.11959501E+00 0.99414276E-01 0.83161808E-01 0.69859773E-01 0.58762635E-01 0.49339374E-01 0.41234658E-01 0.34222156E-01 0.28159748E-01 0.22952735E-01 0.18527550E-01 0.14815757E-01 0.11746412E-01 0.92442247E-02 0.72310908E-02 0.56290936E-02 0.43637103E-02 0.33665586E-02 0.25774400E-02 0.19458096E-02 0.14323286E-02 0.10128563E-02 0.69387592E-03 0.55621287E-03 0.69437548E-03 0.10181118E-02 0.14387068E-02 0.19357690E-02 0.25137594E-02 0.31861674E-02 0.39720097E-02 0.48958698E-02 0.59893213E-02 0.72931756E-02 0.88603660E-02 0.10759309E-01 0.13077488E-01 0.15924794E-01 0.19435841E-01 0.23770054E-01 0.29107800E-01 0.35640396E-01 0.43551676E-01 0.52989408E-01 0.64026960E-01 0.76619637E-01 0.90566158E-01 0.10549150E+00
0.10354348E+00 0.87020652E-01 0.73419774E-01 0.62050670E-01 0.52392754E-01 0.44079501E-01 0.36867992E-01 0.30603356E-01 0.25185469E-01 0.20542320E-01 0.16611713E-01 0.13330862E-01 0.10632206E-01 0.84434217E-02 0.66897545E-02 0.52972601E-02 0.41960469E-02 0.33230075E-02 0.26238016E-02 0.20541209E-02 0.15807495E-02 0.11841889E-02 0.86829304E-03 0.68697762E-03 0.73664448E-03 0.10048136E-02 0.14050092E-02 0.18983519E-02 0.24803444E-02 0.31605125E-02 0.39558172E-02 0.48894571E-02 0.59917358E-02 0.73020017E-02 0.88713209E-02 0.10765677E-01 0.13069437E-01 0.15888643E-01 0.19353405E-01 0.23618279E-01 0.28859044E-01 0.35263839E-01 0.43016469E-01 0.52270149E-01 0.63111707E-01 0.75519801E-01 0.89326198E-01 0.10419492E+00
