examples/topond/topo_urea.SURFGRHO
DSAA
 101 101
-0.75589045E+01  0.75589045E+01  0.15117809E+00
-0.75589045E+01  0.75589045E+01  0.15117809E+00
 0.00000000E+00  0.00000000E+00
[rows 0 to 21 of 101, columns 0 to 47 of 101]
0.13172175E+01 0.13281964E+01 0.13042553E+01 0.12479771E+01 0.11575544E+01 0.10244568E+01 0.84875368E+00 0.65287328E+00 0.47054267E+00 0.32491138E+00 0.22080993E+00 0.15106797E+00 0.10499938E+00 0.73215009E-01 0.49055339E-01 0.28329809E-01 0.84940876E-02 0.12210223E-01 0.35645398E-01 0.65314701E-01 0.10891630E+00 0.17880524E+00 0.28171904E+00 0.39698037E+00 0.47754599E+00 0.49757747E+00 0.46765097E+00 0.40807178E+00 0.35170991E+00 0.32381836E+00 0.32116208E+00 0.32889231E+00 0.33682554E+00 0.34123914E+00 0.34231932E+00 0.34176629E+00 0.34117843E+00 0.34108532E+00 0.34067840E+00 0.33820099E+00 0.33165068E+00 0.31957325E+00 0.30219205E+00 0.28315930E+00 0.27530236E+00 0.35921328E+00 0.12349201E+01 0.70847233E+01
0.16417560E+01 0.16969407E+01 0.15879609E+01 0.14380860E+01 0.13092667E+01 0.11782347E+01 0.10097255E+01 0.79941582E+00 0.58316958E+00 0.40051510E+00 0.26730953E+00 0.17858700E+00 0.12151939E+00 0.83888899E-01 0.56903298E-01 0.35133540E-01 0.15679536E-01 0.69693584E-02 0.26624711E-01 0.51222248E-01 0.83556722E-01 0.12979220E+00 0.19396753E+00 0.26813065E+00 0.32935681E+00 0.35583424E+00 0.34484789E+00 0.31281578E+00 0.28228668E+00 0.26555203E+00 0.26061375E+00 0.26035436E+00 0.26000861E+00 0.25833140E+00 0.25604931E+00 0.25442240E+00 0.25450602E+00 0.25682953E+00 0.26125070E+00 0.26685525E+00 0.27190023E+00 0.27417187E+00 0.27239875E+00 0.26897500E+00 0.27742580E+00 0.37632811E+00 0.11526977E+01 0.60321986E+01
0.47776201E+01 0.59315736E+01 0.38061721E+01 0.20486374E+01 0.14999108E+01 0.12890432E+01 0.11226393E+01 0.91724872E+00 0.68326164E+00 0.47119091E+00 0.31156385E+00 0.20474517E+00 0.13705472E+00 0.93835402E-01 0.64270350E-01 0.41723607E-01 0.22827049E-01 0.94753275E-02 0.19387433E-01 0.38927619E-01 0.62758703E-01 0.92754872E-01 0.13027049E+00 0.17208843E+00 0.20873675E+00 0.22985859E+00 0.23273882E+00 0.22415527E+00 0.21367455E+00 0.20629016E+00 0.20150562E+00 0.19708424E+00 0.19196744E+00 0.18660006E+00 0.18208500E+00 0.17952452E+00 0.17980798E+00 0.18358714E+00 0.19115255E+00 0.20207210E+00 0.21475828E+00 0.22656223E+00 0.23512322E+00 0.24118254E+00 0.25507580E+00 0.32829572E+00 0.75620214E+00 0.30615477E+01
0.41122323E+02 0.61176391E+02 0.26662143E+02 0.58118324E+01 0.19393813E+01 0.13883328E+01 0.11872072E+01 0.99277288E+00 0.75645807E+00 0.52667405E+00 0.34745247E+00 0.22623227E+00 0.14987977E+00 0.10210538E+00 0.70506875E-01 0.47448442E-01 0.29049477E-01 0.15140903E-01 0.15269780E-01 0.29095147E-01 0.46786671E-01 0.67197662E-01 0.90231866E-01 0.11440264E+00 0.13617551E+00 0.15160430E+00 0.15916950E+00 0.16060851E+00 0.15880172E+00 0.15542240E+00 0.15070119E+00 0.14461761E+00 0.13772069E+00 0.13105156E+00 0.12573972E+00 0.12278302E+00 0.12307227E+00 0.12745401E+00 0.13656983E+00 0.15037417E+00 0.16758817E+00 0.18566925E+00 0.20188220E+00 0.21560578E+00 0.23244438E+00 0.27586013E+00 0.43760772E+00 0.11052431E+01
0.31341973E+03 0.66784144E+03 0.15579207E+03 0.18116003E+02 0.28097815E+01 0.14724659E+01 0.12093511E+01 0.10238264E+01 0.79447466E+00 0.55891129E+00 0.36955865E+00 0.23998091E+00 0.15837955E+00 0.10782735E+00 0.75056700E-01 0.51838528E-01 0.33932778E-01 0.20218098E-01 0.14658753E-01 0.21900070E-01 0.34606903E-01 0.49140177E-01 0.64621690E-01 0.80153075E-01 0.94298801E-01 0.10549468E+00 0.11283611E+00 0.11638536E+00 0.11671973E+00 0.11438800E+00 0.10986193E+00 0.10378200E+00 0.97045015E-01 0.90660054E-01 0.85590909E-01 0.82750872E-01 0.83125314E-01 0.87821422E-01 0.97808229E-01 0.11337654E+00 0.13368386E+00 0.15674375E+00 0.18011769E+00 0.20239993E+00 0.22519316E+00 0.25535750E+00 0.30845996E+00 0.42902273E+00
0.65521672E+03 0.26087175E+04 0.27261932E+03 0.25154057E+02 0.32166731E+01 0.14699908E+01 0.11878431E+01 0.10141940E+01 0.79552216E+00 0.56399758E+00 0.37470975E+00 0.24406013E+00 0.16150458E+00 0.11042819E+00 0.77561712E-01 0.54621723E-01 0.37284838E-01 0.23983243E-01 0.16009137E-01 0.17315789E-01 0.25412104E-01 0.35685563E-01 0.46564707E-01 0.57284148E-01 0.67066273E-01 0.75107685E-01 0.80789919E-01 0.83823498E-01 0.84227343E-01 0.82254115E-01 0.78364229E-01 0.73207759E-01 0.67550073E-01 0.62177399E-01 0.57880579E-01 0.55572886E-01 0.56453735E-01 0.61934792E-01 0.73159034E-01 0.90521047E-01 0.11356806E+00 0.14107910E+00 0.17127282E+00 0.20234586E+00 0.23306932E+00 0.26243624E+00 0.28697484E+00 0.29626238E+00
0.15431920E+03 0.27068912E+03 0.85978194E+02 0.12851083E+02 0.23994925E+01 0.13374911E+01 0.11240866E+01 0.96915965E+00 0.76220819E+00 0.54250558E+00 0.36278401E+00 0.23825458E+00 0.15908885E+00 0.10978916E+00 0.77929807E-01 0.55729796E-01 0.39090540E-01 0.26322687E-01 0.17565516E-01 0.14930800E-01 0.18772269E-01 0.25538012E-01 0.33068156E-01 0.40512776E-01 0.47308613E-01 0.52940037E-01 0.56972861E-01 0.59134522E-01 0.59362444E-01 0.57810893E-01 0.54824123E-01 0.50879808E-01 0.46523652E-01 0.42349462E-01 0.39093495E-01 0.37850298E-01 0.40162937E-01 0.47541740E-01 0.60809958E-01 0.80195730E-01 0.10568252E+00 0.13695577E+00 0.17309745E+00 0.21230142E+00 0.25156434E+00 0.28589539E+00 0.30668222E+00 0.30035594E+00
0.18400691E+02 0.25370653E+02 0.12820139E+02 0.35950321E+01 0.15072395E+01 0.11501142E+01 0.10319756E+01 0.89428213E+00 0.69989675E+00 0.49889340E+00 0.33663145E+00 0.22411239E+00 0.15189952E+00 0.10627437E+00 0.76341100E-01 0.55280515E-01 0.39478317E-01 0.27339463E-01 0.18533591E-01 0.13885206E-01 0.14319511E-01 0.18112763E-01 0.23030885E-01 0.28044510E-01 0.32649437E-01 0.36477753E-01 0.39232639E-01 0.40718504E-01 0.40876737E-01 0.39795871E-01 0.37691563E-01 0.34871329E-01 0.31721636E-01 0.28780542E-01 0.26955273E-01 0.27735382E-01 0.32765780E-01 0.42920069E-01 0.58443335E-01 0.79699207E-01 0.10736849E+00 0.14216213E+00 0.18420361E+00 0.23212072E+00 0.28196475E+00 0.32623369E+00 0.35366654E+00 0.35133331E+00
0.23620887E+01 0.27666309E+01 0.20075659E+01 0.13023462E+01 0.10582404E+01 0.99006705E+00 0.92513352E+00 0.79533936E+00 0.61660976E+00 0.44061228E+00 0.30128099E+00 0.20448324E+00 0.14141039E+00 0.10062434E+00 0.73190994E-01 0.53533604E-01 0.38678639E-01 0.27246339E-01 0.18743862E-01 0.13323630E-01 0.11550830E-01 0.12947449E-01 0.15823502E-01 0.19031451E-01 0.22048197E-01 0.24580743E-01 0.26424290E-01 0.27445873E-01 0.27596287E-01 0.26914903E-01 0.25523623E-01 0.23631126E-01 0.21597671E-01 0.20132179E-01 0.20548728E-01 0.24438500E-01 0.32640591E-01 0.45304962E-01 0.62767887E-01 0.85955407E-01 0.11641571E+00 0.15603453E+00 0.20619927E+00 0.26625678E+00 0.33153428E+00 0.39195993E+00 0.43308413E+00 0.44120500E+00
0.85049419E+00 0.85994621E+00 0.84323816E+00 0.84053443E+00 0.86150170E+00 0.86470467E+00 0.80606914E+00 0.68031010E+00 0.52327382E+00 0.37681421E+00 0.26269944E+00 0.18275314E+00 0.12940527E+00 0.93763641E-01 0.68993123E-01 0.50831310E-01 0.36978619E-01 0.26306306E-01 0.18288629E-01 0.12761867E-01 0.98661037E-02 0.95478348E-02 0.10862725E-01 0.12751288E-01 0.14647613E-01 0.16280968E-01 0.17496540E-01 0.18200340E-01 0.18351035E-01 0.17963494E-01 0.17125223E-01 0.16059127E-01 0.15294122E-01 0.15902477E-01 0.19265321E-01 0.26174858E-01 0.36799155E-01 0.51411173E-01 0.70835122E-01 0.96730525E-01 0.13176886E+00 0.17936922E+00 0.24248874E+00 0.32110766E+00 0.40886710E+00 0.49103081E+00 0.54733069E+00 0.56147353E+00
0.63568629E+00 0.62202860E+00 0.65098727E+00 0.70491510E+00 0.74806918E+00 0.74391798E+00 0.67667879E+00 0.56179850E+00 0.43239734E+00 0.31647873E+00 0.22642770E+00 0.16204641E+00 0.11756055E+00 0.86594576E-01 0.64275779E-01 0.47539127E-01 0.34680942E-01 0.24791505E-01 0.17350893E-01 0.12047667E-01 0.87527468E-02 0.74082633E-02 0.75903927E-02 0.85241589E-02 0.96417755E-02 0.10663974E-01 0.11454195E-01 0.11939847E-01 0.12091443E-01 0.11933573E-01 0.11599099E-01 0.11468303E-01 0.12360154E-01 0.15378070E-01 0.21253518E-01 0.30247859E-01 0.42627535E-01 0.59035565E-01 0.80870648E-01 0.11077601E+00 0.15299490E+00 0.21301494E+00 0.29563759E+00 0.40074405E+00 0.51763031E+00 0.62245197E+00 0.68561628E+00 0.68946583E+00
0.55286295E+00 0.53996050E+00 0.56673938E+00 0.61030732E+00 0.63460761E+00 0.61497438E+00 0.54932938E+00 0.45489790E+00 0.35490104E+00 0.26640410E+00 0.19644772E+00 0.14460625E+00 0.10712129E+00 0.79834440E-01 0.59499033E-01 0.43998819E-01 0.32072924E-01 0.22956507E-01 0.16128743E-01 0.11201130E-01 0.79038350E-02 0.60789850E-02 0.55179823E-02 0.57665412E-02 0.63396911E-02 0.69474285E-02 0.74525348E-02 0.77949770E-02 0.79689574E-02 0.80538793E-02 0.83162124E-02 0.93510922E-02 0.11995046E-01 0.16901990E-01 0.24426622E-01 0.34873487E-01 0.48736800E-01 0.67031666E-01 0.91869989E-01 0.12720910E+00 0.17937034E+00 0.25644172E+00 0.36508721E+00 0.50343250E+00 0.65207823E+00 0.77302811E+00 0.82830127E+00 0.80889387E+00
0.45037333E+00 0.43938736E+00 0.46192461E+00 0.49601675E+00 0.51146557E+00 0.49252122E+00 0.44131219E+00 0.37106425E+00 0.29694636E+00 0.22980461E+00 0.17451866E+00 0.13145392E+00 0.98724757E-01 0.73924912E-01 0.55005835E-01 0.40498961E-01 0.29407168E-01 0.21023518E-01 0.14802554E-01 0.10305006E-01 0.71916222E-02 0.52300884E-02 0.42528882E-02 0.40228141E-02 0.42038330E-02 0.45234248E-02 0.48387492E-02 0.51018509E-02 0.53503178E-02 0.57638125E-02 0.67588230E-02 0.89484696E-02 0.12893939E-01 0.19004700E-01 0.27641262E-01 0.39226455E-01 0.54447970E-01 0.74727058E-01 0.10303621E+00 0.14492395E+00 0.20918256E+00 0.30682530E+00 0.44593823E+00 0.62035750E+00 0.79741216E+00 0.92503816E+00 0.97259747E+00 0.96405169E+00
0.32474342E+00 0.31115918E+00 0.33879700E+00 0.37990261E+00 0.40306246E+00 0.39630645E+00 0.36307336E+00 0.31360539E+00 0.25860766E+00 0.20599874E+00 0.16012061E+00 0.12238020E+00 0.92394660E-01 0.69022308E-01 0.51009518E-01 0.37262595E-01 0.26892023E-01 0.19175881E-01 0.13522247E-01 0.94509050E-02 0.65883828E-02 0.46659461E-02 0.35053154E-02 0.29623406E-02 0.28480282E-02 0.29532311E-02 0.31419941E-02 0.33857089E-02 0.37845519E-02 0.46151821E-02 0.63110583E-02 0.93277524E-02 0.14078251E-01 0.20965744E-01 0.30409560E-01 0.42917463E-01 0.59355006E-01 0.81573786E-01 0.11347167E+00 0.16229482E+00 0.23943430E+00 0.35879497E+00 0.52903413E+00 0.73717424E+00 0.93564835E+00 0.10700174E+01 0.11538004E+01 0.13049710E+01
0.20517460E+00 0.18027094E+00 0.22898284E+00 0.29228721E+00 0.32949219E+00 0.33429677E+00 0.31387112E+00 0.27800244E+00 0.23511691E+00 0.19145474E+00 0.15111854E+00 0.11630492E+00 0.87711293E-01 0.65065981E-01 0.47614096E-01 0.34448698E-01 0.24688478E-01 0.17555706E-01 0.12403014E-01 0.87161928E-02 0.61052865E-02 0.42898618E-02 0.30809601E-02 0.23554660E-02 0.20126984E-02 0.19382898E-02 0.20393683E-02 0.23217805E-02 0.29380114E-02 0.41696845E-02 0.63553376E-02 0.98620871E-02 0.15096672E-01 0.22494982E-01 0.32514186E-01 0.45723195E-01 0.63145245E-01 0.87027861E-01 0.12211768E+00 0.17721229E+00 0.26606085E+00 0.40504757E+00 0.60260531E+00 0.83804450E+00 0.10522060E+01 0.12074155E+01 0.14073532E+01 0.21165048E+01
0.11734036E+00 0.43158298E-01 0.16212879E+00 0.25284962E+00 0.29643903E+00 0.30266527E+00 0.28579007E+00 0.25614670E+00 0.22003885E+00 0.18181905E+00 0.14492645E+00 0.11188766E+00 0.84102584E-01 0.61900557E-01 0.44856464E-01 0.32161712E-01 0.22909510E-01 0.16261936E-01 0.11523039E-01 0.81539470E-02 0.57584746E-02 0.40571947E-02 0.28601030E-02 0.20430794E-02 0.15304887E-02 0.12860239E-02 0.13170962E-02 0.16896523E-02 0.25328752E-02 0.40439438E-02 0.65021779E-02 0.10270750E-01 0.15776383E-01 0.23475500E-01 0.33845171E-01 0.47494042E-01 0.65557780E-01 0.90569235E-01 0.12788745E+00 0.18743647E+00 0.28469326E+00 0.43784522E+00 0.65499569E+00 0.90963360E+00 0.11367239E+01 0.13234094E+01 0.16802558E+01 0.36625207E+01
0.32032685E+00 0.33043756E+00 0.31327036E+00 0.30938404E+00 0.30932635E+00 0.29456562E+00 0.26993330E+00 0.24060114E+00 0.20808952E+00 0.17368849E+00 0.13955694E+00 0.10810414E+00 0.81129929E-01 0.59399191E-01 0.42749213E-01 0.30460481E-01 0.21618045E-01 0.15346832E-01 0.10920818E-01 0.77880693E-02 0.55528442E-02 0.39420218E-02 0.27705550E-02 0.19131493E-02 0.12885403E-02 0.87978901E-03 0.83659465E-03 0.13322244E-02 0.23458353E-02 0.40016006E-02 0.65782910E-02 0.10451404E-01 0.16058491E-01 0.23863247E-01 0.34348717E-01 0.48136853E-01 0.66404969E-01 0.91796415E-01 0.12991530E+00 0.19115670E+00 0.29177793E+00 0.45095025E+00 0.67722557E+00 0.94269111E+00 0.11807935E+01 0.13878018E+01 0.18153152E+01 0.46359100E+01
0.20974071E+01 0.24440599E+01 0.17553234E+01 0.87694078E+00 0.44673048E+00 0.31361102E+00 0.26026711E+00 0.22631913E+00 0.19621962E+00 0.16538786E+00 0.13414460E+00 0.10455422E+00 0.78642786E-01 0.57526815E-01 0.41298359E-01 0.29357871E-01 0.20822222E-01 0.14812463E-01 0.10593955E-01 0.76125177E-02 0.54767183E-02 0.39206965E-02 0.27657310E-02 0.18883590E-02 0.11991191E-02 0.65331934E-03 0.50901841E-03 0.11330076E-02 0.22362848E-02 0.39359019E-02 0.65234364E-02 0.10377609E-01 0.15935020E-01 0.23656085E-01 0.34017071E-01 0.47623500E-01 0.65611573E-01 0.90531658E-01 0.12780631E+00 0.18753597E+00 0.28564184E+00 0.44132845E+00 0.66466047E+00 0.93178928E+00 0.11785210E+01 0.13853037E+01 0.17342259E+01 0.34900195E+01
0.12062469E+02 0.14822787E+02 0.95246751E+01 0.36951329E+01 0.10865974E+01 0.40111478E+00 0.25636951E+00 0.21133908E+00 0.18382967E+00 0.15701483E+00 0.12893555E+00 0.10142988E+00 0.76742191E-01 0.56309909E-01 0.40483133E-01 0.28809998E-01 0.20471960E-01 0.14612275E-01 0.10503511E-01 0.75961026E-02 0.55040207E-02 0.39672515E-02 0.28121223E-02 0.19179975E-02 0.11925534E-02 0.56148823E-03 0.27965126E-03 0.10140724E-02 0.21380087E-02 0.38112729E-02 0.63278975E-02 0.10058366E-01 0.15428263E-01 0.22885762E-01 0.32888989E-01 0.46000113E-01 0.63239117E-01 0.86877759E-01 0.12176452E+00 0.17698977E+00 0.26705198E+00 0.41008564E+00 0.61802703E+00 0.87543888E+00 0.11268585E+01 0.13286515E+01 0.15571674E+01 0.21557481E+01
0.63099594E+02 0.87217571E+02 0.44191533E+02 0.12328961E+02 0.27649791E+01 0.62545667E+00 0.26365419E+00 0.19758356E+00 0.17274061E+00 0.14996948E+00 0.12481290E+00 0.99177938E-01 0.75579687E-01 0.55733626E-01 0.40213417E-01 0.28706189E-01 0.20464077E-01 0.14661734E-01 0.10585265E-01 0.76919576E-02 0.56004321E-02 0.40544662E-02 0.28835604E-02 0.19695395E-02 0.12210108E-02 0.55429275E-03 0.13364257E-03 0.93593014E-03 0.20303474E-02 0.36262005E-02 0.60063292E-02 0.95233535E-02 0.14583291E-01 0.21614377E-01 0.31047918E-01 0.43384622E-01 0.59478072E-01 0.81194229E-01 0.11253189E+00 0.16105455E+00 0.23899469E+00 0.36228825E+00 0.54387057E+00 0.77791930E+00 0.10245908E+01 0.12302233E+01 0.13939930E+01 0.15933716E+01
0.24897022E+03 0.49434351E+03 0.13834501E+03 0.26468195E+02 0.48363092E+01 0.88985412E+00 0.27868601E+00 0.18923175E+00 0.16587681E+00 0.14577921E+00 0.12247534E+00 0.98017899E-01 0.75114067E-01 0.55640726E-01 0.40302736E-01 0.28874916E-01 0.20659180E-01 0.14855875E-01 0.10764042E-01 0.78477699E-02 0.57296354E-02 0.41560467E-02 0.29585923E-02 0.20212206E-02 0.12554795E-02 0.58400335E-03 0.15342549E-03 0.89005766E-03 0.19179574E-02 0.33972990E-02 0.55878786E-02 0.88167024E-02 0.13463057E-01 0.19928939E-01 0.28613687E-01 0.39950160E-01 0.54608763E-01 0.74001608E-01 0.10116305E+00 0.14189693E+00 0.20573115E+00 0.30554978E+00 0.45361480E+00 0.65143615E+00 0.87676041E+00 0.10852442E+01 0.12427804E+01 0.13550151E+01
0.28632647E+03 0.64191666E+03 0.15278773E+03 0.28047723E+02 0.50342291E+01 0.91449593E+00 0.27941128E+00 0.18746394E+00 0.16428800E+00 0.14461807E+00 0.12172870E+00 0.97626516E-01 0.74996688E-01 0.55711472E-01 0.40485460E-01 0.29110309E-01 0.20905751E-01 0.15087432E-01 0.10965950E-01 0.80133731E-02 0.58574678E-02 0.42479913E-02 0.30189761E-02 0.20569909E-02 0.12784169E-02 0.62249289E-03 0.28652338E-03 0.89071673E-03 0.18233344E-02 0.31553266E-02 0.51138724E-02 0.79943493E-02 0.12143765E-01 0.17933258E-01 0.25728486E-01 0.35898853E-01 0.48945907E-01 0.65855134E-01 0.88737244E-01 0.12168522E+00 0.17152821E+00 0.24778600E+00 0.36054964E+00 0.51474764E+00 0.70150592E+00 0.89390397E+00 0.10579221E+01 0.11737777E+01
