examples/topond/topo_ureaCrys.SURFGRHO
DSAA
 161 161
-0.75589045E+01  0.75589045E+01  0.94486307E-01
-0.75589045E+01  0.75589045E+01  0.94486307E-01
 0.00000000E+00  0.00000000E+00
[rows 66 to 87 of 161, columns 96 to 143 of 161]
0.35145291E+00 0.36913007E+00 0.37061592E+00 0.34929181E+00 0.30006263E+00 0.22370153E+00 0.13647963E+00 0.10792129E+00 0.18132039E+00 0.26669921E+00 0.32991784E+00 0.36490410E+00 0.37452604E+00 0.36481236E+00 0.34190716E+00 0.31081995E+00 0.27534465E+00 0.23839520E+00 0.20225623E+00 0.16863985E+00 0.13866434E+00 0.11287375E+00 0.91330804E-01 0.73754820E-01 0.59663280E-01 0.48489830E-01 0.39668587E-01 0.32686145E-01 0.27107587E-01 0.22583818E-01 0.18846853E-01 0.15698507E-01 0.12996547E-01 0.10641040E-01 0.85623915E-02 0.67117504E-02 0.50539254E-02 0.35627911E-02 0.22199420E-02 0.10270333E-02 0.41183140E-03 0.12608341E-02 0.21911486E-02 0.30684171E-02 0.38898518E-02 0.46587082E-02 0.53775700E-02 0.60473479E-02
0.37418589E+00 0.38931949E+00 0.38778305E+00 0.36538692E+00 0.32068626E+00 0.25908673E+00 0.20047719E+00 0.18493102E+00 0.22818914E+00 0.29248603E+00 0.34741758E+00 0.38177614E+00 0.39420260E+00 0.38769184E+00 0.36667565E+00 0.33563291E+00 0.29861182E+00 0.25911153E+00 0.22000222E+00 0.18342944E+00 0.15077010E+00 0.12268683E+00 0.99267183E-01 0.80200604E-01 0.64948439E-01 0.52880491E-01 0.43370206E-01 0.35852074E-01 0.29849475E-01 0.24981786E-01 0.20958413E-01 0.17565829E-01 0.14652062E-01 0.12111481E-01 0.98714881E-02 0.78817875E-02 0.61063512E-02 0.45179101E-02 0.30947862E-02 0.18209148E-02 0.70565010E-03 0.51605950E-03 0.14051580E-02 0.22667387E-02 0.30646219E-02 0.38016533E-02 0.44819875E-02 0.51082708E-02
0.40030800E+00 0.41397564E+00 0.41085801E+00 0.38869775E+00 0.34853025E+00 0.29777261E+00 0.25417699E+00 0.24324245E+00 0.27345532E+00 0.32404723E+00 0.37188495E+00 0.40469472E+00 0.41853295E+00 0.41408273E+00 0.39428487E+00 0.36302251E+00 0.32441470E+00 0.28236858E+00 0.24023319E+00 0.20055699E+00 0.16499358E+00 0.13435963E+00 0.10880004E+00 0.87996293E-01 0.71364652E-01 0.58214235E-01 0.47856405E-01 0.39670058E-01 0.33132809E-01 0.27828631E-01 0.23440933E-01 0.19738036E-01 0.16555974E-01 0.13781687E-01 0.11338282E-01 0.91730874E-02 0.72486430E-02 0.55363932E-02 0.40127118E-02 0.26568460E-02 0.14510342E-02 0.39862858E-03 0.63470103E-03 0.14931034E-02 0.22775356E-02 0.29895261E-02 0.36353874E-02 0.42197389E-02
0.42706514E+00 0.43908511E+00 0.43416313E+00 0.41133848E+00 0.37304189E+00 0.32734395E+00 0.29005152E+00 0.28070835E+00 0.30556334E+00 0.34986116E+00 0.39447652E+00 0.42724379E+00 0.44291429E+00 0.44071580E+00 0.42249814E+00 0.39158324E+00 0.35200613E+00 0.30790917E+00 0.26302474E+00 0.22029822E+00 0.18171024E+00 0.14829921E+00 0.12032702E+00 0.97508645E-01 0.79238820E-01 0.64776248E-01 0.53372323E-01 0.44348346E-01 0.37132608E-01 0.31269869E-01 0.26414054E-01 0.22312353E-01 0.18786346E-01 0.15713554E-01 0.13011213E-01 0.10623047E-01 0.85092158E-02 0.66392530E-02 0.49875564E-02 0.35308922E-02 0.22473528E-02 0.11163810E-02 0.12801122E-03 0.76944118E-03 0.15522146E-02 0.22481078E-02 0.28662141E-02 0.34131827E-02
0.45199708E+00 0.46188251E+00 0.45495407E+00 0.43102651E+00 0.39310016E+00 0.34928111E+00 0.31430433E+00 0.30542336E+00 0.32818866E+00 0.37007885E+00 0.41370840E+00 0.44717801E+00 0.46479961E+00 0.46509259E+00 0.44914533E+00 0.41964799E+00 0.38027534E+00 0.33513122E+00 0.28817693E+00 0.24273209E+00 0.20116767E+00 0.16483800E+00 0.13420918E+00 0.10909367E+00 0.88903854E-01 0.72867916E-01 0.60184815E-01 0.50119147E-01 0.42047833E-01 0.35473466E-01 0.30017503E-01 0.25403303E-01 0.21435644E-01 0.17980618E-01 0.14947871E-01 0.12276052E-01 0.99216979E-02 0.78514250E-02 0.60370008E-02 0.44528200E-02 0.30754493E-02 0.18862741E-02 0.89112260E-03 0.43259759E-03 0.10134596E-02 0.16738070E-02 0.22665355E-02 0.27843996E-02
0.47366562E+00 0.48172222E+00 0.47416199E+00 0.45118324E+00 0.41559843E+00 0.37484430E+00 0.34250896E+00 0.33427549E+00 0.35521572E+00 0.39418251E+00 0.43516959E+00 0.46707466E+00 0.48464631E+00 0.48637640E+00 0.47279407E+00 0.44570958E+00 0.40796258E+00 0.36316203E+00 0.31520822E+00 0.26769731E+00 0.22343043E+00 0.18418011E+00 0.15072459E+00 0.12305895E+00 0.10066913E+00 0.82784076E-01 0.68565091E-01 0.57225411E-01 0.48091357E-01 0.40622247E-01 0.34405357E-01 0.29138373E-01 0.24607466E-01 0.20665562E-01 0.17213060E-01 0.14181958E-01 0.11523699E-01 0.92006622E-02 0.71809299E-02 0.54359461E-02 0.39409736E-02 0.26800623E-02 0.16658902E-02 0.10253415E-02 0.10546439E-02 0.15236880E-02 0.20560400E-02 0.25496662E-02
0.49222030E+00 0.50062787E+00 0.49684946E+00 0.48134897E+00 0.45614633E+00 0.42688375E+00 0.40398775E+00 0.39878076E+00 0.41451946E+00 0.44315377E+00 0.47283284E+00 0.49523129E+00 0.50666154E+00 0.50607442E+00 0.49334940E+00 0.46888706E+00 0.43396586E+00 0.39101928E+00 0.34340988E+00 0.29478214E+00 0.24833799E+00 0.20634845E+00 0.17001585E+00 0.13961671E+00 0.11478061E+00 0.94780063E-01 0.78761867E-01 0.65899159E-01 0.55472596E-01 0.46900094E-01 0.39735171E-01 0.33649525E-01 0.28409951E-01 0.23855123E-01 0.19874866E-01 0.16393036E-01 0.13354411E-01 0.10715595E-01 0.84396596E-02 0.64942276E-02 0.48531098E-02 0.35033496E-02 0.24639753E-02 0.18221919E-02 0.16967797E-02 0.19890995E-02 0.24509296E-02 0.29407192E-02
0.50964425E+00 0.52367022E+00 0.53354046E+00 0.54166857E+00 0.55096875E+00 0.56416947E+00 0.57941036E+00 0.58824770E+00 0.58466927E+00 0.57289616E+00 0.56051233E+00 0.55013392E+00 0.54030401E+00 0.52860170E+00 0.51242261E+00 0.48926425E+00 0.45762330E+00 0.41779780E+00 0.37193428E+00 0.32333801E+00 0.27547325E+00 0.23113167E+00 0.19203083E+00 0.15882661E+00 0.13136946E+00 0.10902730E+00 0.90963856E-01 0.76330279E-01 0.64371883E-01 0.54471143E-01 0.46151297E-01 0.39059969E-01 0.32945400E-01 0.27632008E-01 0.22998395E-01 0.18959128E-01 0.15450843E-01 0.12422770E-01 0.98315245E-02 0.76399710E-02 0.58204834E-02 0.43642031E-02 0.32981339E-02 0.26942675E-02 0.25954973E-02 0.28862834E-02 0.33746482E-02 0.39331934E-02
0.52958649E+00 0.55961343E+00 0.60532736E+00 0.68366854E+00 0.81753236E+00 0.10116818E+01 0.12061937E+01 0.12872360E+01 0.11961589E+01 0.99914661E+00 0.80877291E+00 0.67972500E+00 0.60512923E+00 0.56207904E+00 0.53335147E+00 0.50790399E+00 0.47880397E+00 0.44277318E+00 0.39985889E+00 0.35249082E+00 0.30413194E+00 0.25802906E+00 0.21645735E+00 0.18052970E+00 0.15039060E+00 0.12555871E+00 0.10525266E+00 0.88626690E-01 0.74907285E-01 0.63452531E-01 0.53762782E-01 0.45466458E-01 0.38296252E-01 0.32063900E-01 0.26637213E-01 0.21921011E-01 0.17842686E-01 0.14342657E-01 0.11369718E-01 0.88812331E-02 0.68486817E-02 0.52695293E-02 0.41814326E-02 0.36465988E-02 0.36547428E-02 0.40565047E-02 0.46712913E-02 0.53816281E-02
0.55667259E+00 0.62250280E+00 0.75980722E+00 0.10630366E+01 0.16825581E+01 0.26745984E+01 0.37181246E+01 0.41591372E+01 0.36520902E+01 0.25891948E+01 0.16182841E+01 0.10279221E+01 0.74505534E+00 0.61977224E+00 0.56065856E+00 0.52635858E+00 0.49766450E+00 0.46531786E+00 0.42616398E+00 0.38112159E+00 0.33328558E+00 0.28619597E+00 0.24265881E+00 0.20428190E+00 0.17155909E+00 0.14421099E+00 0.12155205E+00 0.10277067E+00 0.87097615E-01 0.73883479E-01 0.62617885E-01 0.52918571E-01 0.44508467E-01 0.37190282E-01 0.30823012E-01 0.25302353E-01 0.20546062E-01 0.16484782E-01 0.13058491E-01 0.10218814E-01 0.79378524E-02 0.62231750E-02 0.51264931E-02 0.46983765E-02 0.48743703E-02 0.54642092E-02 0.62827987E-02 0.72161650E-02
0.59488208E+00 0.73347266E+00 0.11009591E+01 0.20936700E+01 0.44106861E+01 0.84670726E+01 0.13066591E+02 0.15115761E+02 0.12776725E+02 0.81190368E+01 0.41694773E+01 0.19736499E+01 0.10541248E+01 0.72116369E+00 0.59838779E+00 0.54552364E+00 0.51403209E+00 0.48460348E+00 0.44960494E+00 0.40781101E+00 0.36154482E+00 0.31440522E+00 0.26963007E+00 0.22930710E+00 0.19430414E+00 0.16458159E+00 0.13958880E+00 0.11858367E+00 0.10083103E+00 0.85697603E-01 0.72680057E-01 0.61398320E-01 0.51574584E-01 0.43008661E-01 0.35554592E-01 0.29101010E-01 0.23556726E-01 0.18842429E-01 0.14889005E-01 0.11643033E-01 0.90802804E-02 0.72243458E-02 0.61447290E-02 0.58723586E-02 0.62773495E-02 0.71224134E-02 0.82119452E-02 0.94324398E-02
0.64411718E+00 0.91423660E+00 0.17857262E+01 0.45053426E+01 0.11580926E+02 0.25884943E+02 0.45496494E+02 0.55491201E+02 0.44180397E+02 0.24594760E+02 0.10838276E+02 0.41781866E+01 0.16713345E+01 0.88511314E+00 0.64652907E+00 0.56396934E+00 0.52659565E+00 0.49920851E+00 0.46854539E+00 0.43078793E+00 0.38715592E+00 0.34105719E+00 0.29600859E+00 0.25450704E+00 0.21777774E+00 0.18603556E+00 0.15889610E+00 0.13572491E+00 0.11585854E+00 0.98712246E-01 0.83814797E-01 0.70806276E-01 0.59420518E-01 0.49462845E-01 0.40787966E-01 0.33280966E-01 0.26843620E-01 0.21387559E-01 0.16835360E-01 0.13130652E-01 0.10258196E-01 0.82663999E-02 0.72457868E-02 0.71921953E-02 0.78931026E-02 0.90597756E-02 0.10484798E-01 0.12054516E-01
0.69468090E+00 0.11555360E+01 0.28655070E+01 0.87586054E+01 0.26293248E+02 0.72085017E+02 0.15406366E+03 0.20389060E+03 0.14799585E+03 0.67476409E+02 0.24338161E+02 0.80435320E+01 0.26387043E+01 0.11017383E+01 0.69579634E+00 0.57666278E+00 0.53242141E+00 0.50690975E+00 0.48090098E+00 0.44796410E+00 0.40808243E+00 0.36428240E+00 0.32018686E+00 0.27857933E+00 0.24097367E+00 0.20781808E+00 0.17891106E+00 0.15376726E+00 0.13184606E+00 0.11265888E+00 0.95803363E-01 0.80964339E-01 0.67902306E-01 0.56437161E-01 0.46430082E-01 0.37766550E-01 0.30343971E-01 0.24066820E-01 0.18851423E-01 0.14642474E-01 0.11442236E-01 0.93363726E-02 0.84374631E-02 0.86811275E-02 0.97519828E-02 0.11308815E-01 0.13134404E-01 0.15116073E-01
0.72423639E+00 0.13737316E+01 0.39934685E+01 0.13660787E+02 0.46999269E+02 0.15730688E+03 0.45371722E+03 0.75367609E+03 0.42435358E+03 0.14511449E+03 0.42988990E+02 0.12461566E+02 0.36439648E+01 0.12959927E+01 0.72540485E+00 0.57572432E+00 0.52745902E+00 0.50497109E+00 0.48435068E+00 0.45712957E+00 0.42220694E+00 0.38215943E+00 0.34055420E+00 0.30028523E+00 0.26301233E+00 0.22933647E+00 0.19923015E+00 0.17240723E+00 0.14853039E+00 0.12728747E+00 0.10840531E+00 0.91648822E-01 0.76820986E-01 0.63761409E-01 0.52339087E-01 0.42440871E-01 0.33961269E-01 0.26799627E-01 0.20869219E-01 0.16122170E-01 0.12591070E-01 0.10415703E-01 0.97263741E-02 0.10361285E-01 0.11882646E-01 0.13900863E-01 0.16193805E-01 0.18652403E-01
0.70722851E+00 0.14338878E+01 0.44622572E+01 0.15952933E+02 0.58289003E+02 0.21338397E+03 0.78765122E+03 0.10239240E+04 0.72213639E+03 0.19509592E+03 0.53023232E+02 0.14507156E+02 0.40592778E+01 0.13497618E+01 0.71221099E+00 0.55416167E+00 0.50823391E+00 0.49101079E+00 0.47683789E+00 0.45628614E+00 0.42759985E+00 0.39298559E+00 0.35581523E+00 0.31883721E+00 0.28358725E+00 0.25062884E+00 0.22005248E+00 0.19184295E+00 0.16601063E+00 0.14257022E+00 0.12148808E+00 0.10266573E+00 0.85962817E-01 0.71230854E-01 0.58333742E-01 0.47150146E-01 0.37567293E-01 0.29479204E-01 0.22799566E-01 0.17496924E-01 0.13652739E-01 0.11482661E-01 0.11119565E-01 0.12253525E-01 0.14310698E-01 0.16863788E-01 0.19693317E-01 0.22697986E-01
0.63592837E+00 0.12727412E+01 0.38850141E+01 0.13557542E+02 0.46924493E+02 0.15728721E+03 0.45375055E+03 0.75367168E+03 0.42428236E+03 0.14501050E+03 0.42874654E+02 0.12352340E+02 0.35456262E+01 0.12089459E+01 0.64949582E+00 0.51081599E+00 0.47398389E+00 0.46411459E+00 0.45715314E+00 0.44393180E+00 0.42266004E+00 0.39540029E+00 0.36519664E+00 0.33424182E+00 0.30343571E+00 0.27290729E+00 0.24272403E+00 0.21325796E+00 0.18513497E+00 0.15898200E+00 0.13521255E+00 0.11396387E+00 0.95163703E-01 0.78641392E-01 0.64212549E-01 0.51714584E-01 0.41008842E-01 0.31977133E-01 0.24535416E-01 0.18680299E-01 0.14568223E-01 0.12516908E-01 0.12627048E-01 0.14377820E-01 0.17058313E-01 0.20221495E-01 0.23660565E-01 0.27287905E-01
0.53062817E+00 0.97572180E+00 0.26803826E+01 0.85910212E+01 0.26182480E+02 0.72071499E+02 0.15414383E+03 0.20397452E+03 0.14798932E+03 0.67377286E+02 0.24188131E+02 0.78783212E+01 0.24765607E+01 0.94910998E+00 0.55592361E+00 0.45273956E+00 0.42802833E+00 0.42562941E+00 0.42525304E+00 0.41902489E+00 0.40587852E+00 0.38812723E+00 0.36831969E+00 0.34736703E+00 0.32457573E+00 0.29889807E+00 0.27011387E+00 0.23918044E+00 0.20780710E+00 0.17773710E+00 0.15020063E+00 0.12574473E+00 0.10437722E+00 0.85830507E-01 0.69778697E-01 0.55944358E-01 0.44118702E-01 0.34151364E-01 0.25958000E-01 0.19577507E-01 0.15277681E-01 0.13506391E-01 0.14264937E-01 0.16754105E-01 0.20144790E-01 0.23995017E-01 0.28122892E-01 0.32462527E-01
0.42540592E+00 0.68884688E+00 0.15684717E+01 0.43236300E+01 0.11477215E+02 0.25896779E+02 0.45614812E+02 0.55636266E+02 0.44255636E+02 0.24564403E+02 0.10724475E+02 0.40175542E+01 0.14906764E+01 0.69858585E+00 0.46328951E+00 0.39338435E+00 0.37776911E+00 0.37932779E+00 0.38217313E+00 0.38058300E+00 0.37524762E+00 0.36940289E+00 0.36476508E+00 0.35959129E+00 0.34995235E+00 0.33248819E+00 0.30632178E+00 0.27328974E+00 0.23688529E+00 0.20075342E+00 0.16753731E+00 0.13848271E+00 0.11370037E+00 0.92701796E-01 0.74860857E-01 0.59656419E-01 0.46729040E-01 0.35856856E-01 0.26945324E-01 0.20092946E-01 0.15729798E-01 0.14456314E-01 0.16058465E-01 0.19403379E-01 0.23587943E-01 0.28205034E-01 0.33111821E-01 0.38274933E-01
0.34846352E+00 0.49633633E+00 0.88979332E+00 0.19348136E+01 0.43397228E+01 0.85100468E+01 0.13209965E+02 0.15294888E+02 0.12910278E+02 0.81597149E+01 0.41168809E+01 0.18522658E+01 0.88993985E+00 0.53215741E+00 0.39817185E+00 0.34832087E+00 0.33357297E+00 0.33125656E+00 0.33001610E+00 0.32746524E+00 0.32788821E+00 0.33662132E+00 0.35351468E+00 0.37160516E+00 0.38158394E+00 0.37665230E+00 0.35484589E+00 0.31904034E+00 0.27525524E+00 0.23007424E+00 0.18843769E+00 0.15275394E+00 0.12330047E+00 0.99204289E-01 0.79316217E-01 0.62685919E-01 0.48684290E-01 0.36957311E-01 0.27382107E-01 0.20139617E-01 0.15894758E-01 0.15398961E-01 0.18043819E-01 0.22348710E-01 0.27406098E-01 0.32875456E-01 0.38668944E-01 0.44799992E-01
0.31365244E+00 0.40381360E+00 0.58090364E+00 0.94554486E+00 0.16525097E+01 0.27462913E+01 0.38754301E+01 0.43514720E+01 0.38156395E+01 0.26784248E+01 0.16204446E+01 0.95505253E+00 0.61723583E+00 0.45408505E+00 0.37171315E+00 0.32918953E+00 0.30631766E+00 0.28989686E+00 0.27326817E+00 0.25947547E+00 0.26063709E+00 0.28656789E+00 0.33172683E+00 0.37994212E+00 0.41564409E+00 0.42845803E+00 0.41445134E+00 0.37667346E+00 0.32384443E+00 0.26662260E+00 0.21350847E+00 0.16883139E+00 0.13321717E+00 0.10525114E+00 0.83007157E-01 0.64887527E-01 0.49850809E-01 0.37336253E-01 0.27169910E-01 0.19650011E-01 0.15781696E-01 0.16401575E-01 0.20267648E-01 0.25615723E-01 0.31620207E-01 0.38037328E-01 0.44852023E-01 0.52143216E-01
0.31723939E+00 0.38031286E+00 0.47235238E+00 0.61323177E+00 0.82701682E+00 0.11079008E+01 0.13724772E+01 0.14831581E+01 0.13719604E+01 0.11157336E+01 0.85010847E+00 0.65073820E+00 0.51984005E+00 0.43486085E+00 0.37771456E+00 0.33676570E+00 0.30239220E+00 0.26588469E+00 0.22297413E+00 0.18178725E+00 0.17172469E+00 0.21596692E+00 0.29204311E+00 0.37117972E+00 0.43572661E+00 0.47304775E+00 0.47450096E+00 0.43984705E+00 0.37929109E+00 0.30866591E+00 0.24180413E+00 0.18615292E+00 0.14309262E+00 0.11060053E+00 0.85759335E-01 0.66128105E-01 0.50122599E-01 0.36906220E-01 0.26236262E-01 0.18588616E-01 0.15461452E-01 0.17567469E-01 0.22783453E-01 0.29232107E-01 0.36255358E-01 0.43731889E-01 0.51739478E-01 0.60446670E-01
0.34256124E+00 0.39109264E+00 0.44723183E+00 0.51437754E+00 0.59438420E+00 0.68120629E+00 0.75467821E+00 0.78729448E+00 0.76580195E+00 0.70353538E+00 0.62687306E+00 0.55485122E+00 0.49386123E+00 0.44331989E+00 0.40036884E+00 0.36082655E+00 0.31880064E+00 0.26731753E+00 0.20105103E+00 0.12167547E+00 0.64376374E-01 0.12399758E+00 0.22171698E+00 0.32029703E+00 0.41262518E+00 0.48468637E+00 0.51595255E+00 0.49577944E+00 0.43339531E+00 0.35107959E+00 0.27023340E+00 0.20295034E+00 0.15197625E+00 0.11476743E+00 0.87329594E-01 0.66280545E-01 0.49425445E-01 0.35615878E-01 0.24541880E-01 0.16967987E-01 0.15092945E-01 0.19024908E-01 0.25644960E-01 0.33225779E-01 0.41340800E-01 0.50011314E-01 0.59431043E-01 0.69888672E-01
