examples/topond/topo_ureaCrys.SURFELFB
DSAA
 161 161
-0.75589045E+01  0.75589045E+01  0.94486307E-01
-0.75589045E+01  0.75589045E+01  0.94486307E-01
 0.00000000E+00  0.00000000E+00
[rows 66 to 87 of 161, columns 96 to 143 of 161]
0.93205321E+00 0.94855794E+00 0.96057058E+00 0.96932242E+00 0.97552254E+00 0.97957854E+00 0.98175065E+00 0.98220132E+00 0.98098697E+00 0.97805704E+00 0.97327263E+00 0.96639292E+00 0.95697346E+00 0.94419314E+00 0.92670165E+00 0.90258255E+00 0.86950643E+00 0.82516412E+00 0.76805668E+00 0.69852731E+00 0.61953156E+00 0.53641004E+00 0.45540077E+00 0.38164846E+00 0.31791373E+00 0.26450428E+00 0.22002755E+00 0.18231487E+00 0.14917243E+00 0.11894023E+00 0.90918083E-01 0.65554259E-01 0.44106224E-01 0.27720071E-01 0.16552041E-01 0.96957655E-02 0.58078514E-02 0.37144133E-02 0.26310686E-02 0.21121813E-02 0.19305954E-02 0.19811070E-02 0.22196947E-02 0.26265269E-02 0.31835289E-02 0.38641511E-02 0.46340398E-02 0.54576402E-02
0.91015607E+00 0.93018591E+00 0.94485044E+00 0.95553736E+00 0.96312873E+00 0.96814567E+00 0.97088789E+00 0.97151848E+00 0.97009489E+00 0.96657428E+00 0.96080096E+00 0.95245401E+00 0.94094356E+00 0.92529299E+00 0.90408013E+00 0.87551153E+00 0.83769513E+00 0.78915775E+00 0.72956481E+00 0.66039827E+00 0.58515096E+00 0.50868539E+00 0.43591265E+00 0.37047304E+00 0.31407649E+00 0.26662772E+00 0.22680039E+00 0.19267329E+00 0.16224726E+00 0.13385956E+00 0.10657373E+00 0.80515032E-01 0.56888089E-01 0.37355903E-01 0.22975659E-01 0.13556620E-01 0.79625807E-02 0.48601787E-02 0.32117857E-02 0.23709449E-02 0.19855267E-02 0.18800956E-02 0.19731303E-02 0.22271154E-02 0.26193049E-02 0.31263321E-02 0.37199545E-02 0.43701972E-02
0.88162209E+00 0.90535330E+00 0.92300554E+00 0.93596892E+00 0.94521384E+00 0.95135535E+00 0.95475185E+00 0.95558953E+00 0.95392993E+00 0.94971963E+00 0.94276461E+00 0.93266993E+00 0.91876090E+00 0.90002803E+00 0.87515356E+00 0.84267542E+00 0.80132587E+00 0.75052903E+00 0.69092766E+00 0.62467809E+00 0.55524168E+00 0.48663250E+00 0.42243277E+00 0.36503900E+00 0.31540657E+00 0.27323541E+00 0.23736456E+00 0.20617491E+00 0.17792212E+00 0.15102901E+00 0.12441217E+00 0.97865185E-01 0.72329137E-01 0.49655296E-01 0.31656211E-01 0.19031046E-01 0.11124506E-01 0.65847147E-02 0.41191437E-02 0.28259990E-02 0.21787026E-02 0.19006685E-02 0.18557479E-02 0.19785296E-02 0.22342947E-02 0.25974838E-02 0.30427785E-02 0.35446085E-02
0.84587232E+00 0.87259295E+00 0.89291456E+00 0.90803892E+00 0.91888802E+00 0.92610677E+00 0.93010742E+00 0.93111904E+00 0.92921951E+00 0.92434093E+00 0.91624950E+00 0.90451036E+00 0.88845828E+00 0.86720459E+00 0.83971776E+00 0.80501509E+00 0.76247919E+00 0.71224786E+00 0.65552781E+00 0.59462555E+00 0.53257402E+00 0.47246168E+00 0.41676576E+00 0.36696672E+00 0.32351162E+00 0.28600698E+00 0.25348028E+00 0.22461402E+00 0.19793730E+00 0.17201540E+00 0.14570589E+00 0.11853228E+00 0.91096975E-01 0.65191828E-01 0.43155486E-01 0.26618669E-01 0.15661714E-01 0.91170374E-02 0.54790565E-02 0.35399441E-02 0.25364127E-02 0.20475586E-02 0.18583589E-02 0.18624980E-02 0.20054919E-02 0.22541412E-02 0.25822624E-02 0.29664617E-02
0.80275430E+00 0.83029959E+00 0.85149104E+00 0.86718659E+00 0.87818626E+00 0.88522462E+00 0.88893289E+00 0.88976124E+00 0.88789317E+00 0.88320076E+00 0.87527059E+00 0.86348899E+00 0.84714622E+00 0.82552588E+00 0.79798304E+00 0.76405594E+00 0.72365673E+00 0.67731783E+00 0.62636887E+00 0.57288030E+00 0.51930691E+00 0.46795437E+00 0.42051617E+00 0.37786832E+00 0.34012817E+00 0.30684836E+00 0.27720966E+00 0.25015315E+00 0.22446787E+00 0.19889073E+00 0.17229030E+00 0.14400255E+00 0.11430977E+00 0.84815452E-01 0.58176327E-01 0.36903950E-01 0.22007818E-01 0.12734706E-01 0.74491343E-02 0.45953366E-02 0.30989294E-02 0.23373673E-02 0.19832743E-02 0.18720250E-02 0.19201929E-02 0.20813902E-02 0.23246997E-02 0.26261703E-02
0.75227366E+00 0.77610467E+00 0.79313112E+00 0.80379306E+00 0.80903909E+00 0.81041944E+00 0.80983725E+00 0.80895028E+00 0.80848476E+00 0.80790695E+00 0.80569871E+00 0.80002715E+00 0.78937437E+00 0.77284986E+00 0.75017258E+00 0.72148766E+00 0.68723774E+00 0.64820350E+00 0.60562651E+00 0.56121406E+00 0.51690410E+00 0.47446045E+00 0.43510440E+00 0.39935860E+00 0.36712710E+00 0.33789832E+00 0.31093024E+00 0.28534471E+00 0.26014863E+00 0.23425455E+00 0.20658924E+00 0.17637733E+00 0.14364303E+00 0.10977758E+00 0.77639568E-01 0.50565176E-01 0.30635821E-01 0.17734894E-01 0.10198494E-01 0.60830145E-02 0.39144345E-02 0.27958356E-02 0.22438434E-02 0.20130136E-02 0.19798962E-02 0.20790048E-02 0.22708714E-02 0.25281101E-02
0.69395656E+00 0.70570213E+00 0.70744267E+00 0.69925792E+00 0.68340028E+00 0.66463104E+00 0.64923810E+00 0.64274873E+00 0.64748395E+00 0.66150400E+00 0.67959582E+00 0.69563671E+00 0.70486418E+00 0.70495254E+00 0.69581507E+00 0.67867713E+00 0.65512395E+00 0.62663450E+00 0.59462031E+00 0.56060525E+00 0.52621324E+00 0.49291301E+00 0.46169861E+00 0.43291709E+00 0.40632731E+00 0.38131542E+00 0.35711569E+00 0.33292364E+00 0.30789080E+00 0.28107960E+00 0.25149286E+00 0.21829497E+00 0.18131643E+00 0.14177655E+00 0.10273208E+00 0.68373660E-01 0.42013692E-01 0.24380678E-01 0.13866522E-01 0.80768349E-02 0.50255193E-02 0.34514404E-02 0.26623478E-02 0.23054373E-02 0.22048887E-02 0.22701641E-02 0.24496595E-02 0.27096793E-02
0.62650457E+00 0.61326014E+00 0.58218903E+00 0.53490788E+00 0.47897852E+00 0.42659281E+00 0.38983040E+00 0.37625921E+00 0.38825962E+00 0.42373348E+00 0.47556181E+00 0.53217064E+00 0.58156548E+00 0.61596473E+00 0.63343491E+00 0.63635710E+00 0.62864052E+00 0.61371471E+00 0.59402917E+00 0.57143005E+00 0.54753270E+00 0.52372816E+00 0.50095016E+00 0.47948096E+00 0.45897149E+00 0.43866354E+00 0.41766557E+00 0.39512362E+00 0.37022835E+00 0.34212432E+00 0.30986066E+00 0.27254151E+00 0.22982695E+00 0.18281128E+00 0.13483993E+00 0.91139329E-01 0.56532389E-01 0.32826579E-01 0.18505782E-01 0.10597949E-01 0.64493779E-02 0.43253797E-02 0.32659410E-02 0.27838471E-02 0.26397891E-02 0.27137257E-02 0.29393709E-02 0.32740194E-02
0.54928963E+00 0.49772825E+00 0.42163333E+00 0.33289895E+00 0.25140515E+00 0.19298710E+00 0.16083017E+00 0.15065693E+00 0.15993714E+00 0.19141281E+00 0.24965716E+00 0.33210780E+00 0.42369040E+00 0.50455951E+00 0.56208909E+00 0.59490281E+00 0.60867576E+00 0.61012903E+00 0.60409536E+00 0.59355630E+00 0.58052185E+00 0.56650038E+00 0.55246981E+00 0.53870906E+00 0.52478864E+00 0.50979164E+00 0.49263819E+00 0.47232229E+00 0.44795297E+00 0.41863963E+00 0.38337256E+00 0.34110001E+00 0.29122893E+00 0.23469816E+00 0.17526043E+00 0.11954266E+00 0.74392496E-01 0.43037639E-01 0.24029234E-01 0.13583918E-01 0.81605086E-02 0.54218326E-02 0.40817690E-02 0.34972568E-02 0.33602011E-02 0.35215134E-02 0.39009275E-02 0.44448469E-02
0.46591302E+00 0.37241402E+00 0.26358041E+00 0.16940351E+00 0.11106031E+00 0.85817742E-01 0.79327258E-01 0.78551724E-01 0.78182843E-01 0.84229349E-01 0.10990465E+00 0.16990847E+00 0.26787171E+00 0.38318131E+00 0.48486690E+00 0.55542377E+00 0.59605375E+00 0.61630335E+00 0.62465873E+00 0.62623573E+00 0.62392386E+00 0.61953578E+00 0.61415871E+00 0.60810265E+00 0.60089922E+00 0.59152068E+00 0.57872632E+00 0.56133483E+00 0.53828689E+00 0.50851383E+00 0.47075901E+00 0.42358255E+00 0.36586727E+00 0.29815934E+00 0.22463063E+00 0.15381806E+00 0.95449253E-01 0.54724894E-01 0.30190413E-01 0.16884757E-01 0.10089314E-01 0.67256059E-02 0.51344689E-02 0.45093228E-02 0.44804768E-02 0.48815095E-02 0.56275556E-02 0.66556052E-02
0.38579895E+00 0.26162209E+00 0.15135626E+00 0.88615010E-01 0.74274093E-01 0.10015179E+00 0.15428531E+00 0.18385268E+00 0.14913365E+00 0.94948601E-01 0.71400491E-01 0.88443634E-01 0.15600419E+00 0.27496837E+00 0.41054899E+00 0.52097902E+00 0.59200819E+00 0.63245121E+00 0.65499352E+00 0.66783644E+00 0.67523796E+00 0.67948250E+00 0.68180818E+00 0.68258475E+00 0.68137665E+00 0.67716736E+00 0.66869070E+00 0.65468205E+00 0.63391807E+00 0.60505220E+00 0.56637311E+00 0.51571978E+00 0.45096663E+00 0.37169340E+00 0.28217393E+00 0.19335023E+00 0.11905401E+00 0.67325893E-01 0.36614428E-01 0.20295916E-01 0.12142646E-01 0.82115124E-02 0.64493150E-02 0.59007498E-02 0.61628522E-02 0.70860325E-02 0.86110693E-02 0.10678129E-01
0.32012936E+00 0.18266934E+00 0.93652365E-01 0.71517727E-01 0.13405449E+00 0.38291156E+00 0.69032220E+00 0.78543680E+00 0.67523748E+00 0.35672872E+00 0.12224525E+00 0.69039729E-01 0.97201488E-01 0.19693952E+00 0.34999324E+00 0.49662783E+00 0.59838552E+00 0.65843887E+00 0.69353009E+00 0.71561115E+00 0.73064742E+00 0.74149301E+00 0.74955711E+00 0.75530406E+00 0.75842584E+00 0.75807453E+00 0.75314335E+00 0.74244562E+00 0.72469092E+00 0.69826409E+00 0.66089825E+00 0.60944300E+00 0.54021638E+00 0.45094653E+00 0.34516083E+00 0.23637464E+00 0.14398037E+00 0.80052363E-01 0.42871704E-01 0.23613482E-01 0.14236092E-01 0.98613551E-02 0.80610534E-02 0.77757181E-02 0.86288951E-02 0.10561696E-01 0.13613171E-01 0.17765350E-01
0.27644747E+00 0.13694036E+00 0.72807887E-01 0.10004813E+00 0.39502407E+00 0.88480430E+00 0.98665689E+00 0.99465334E+00 0.98498188E+00 0.86546270E+00 0.35427791E+00 0.91790432E-01 0.75072720E-01 0.15147429E+00 0.31117920E+00 0.48814457E+00 0.61720318E+00 0.69341177E+00 0.73764508E+00 0.76579544E+00 0.78552166E+00 0.80020319E+00 0.81140666E+00 0.81972294E+00 0.82505136E+00 0.82682756E+00 0.82423256E+00 0.81628348E+00 0.80174093E+00 0.77883008E+00 0.74481006E+00 0.69551976E+00 0.62540207E+00 0.52944215E+00 0.40910988E+00 0.28004004E+00 0.16851975E+00 0.92006454E-01 0.48563807E-01 0.26682591E-01 0.16319476E-01 0.11678938E-01 0.10024870E-01 0.10272583E-01 0.12174425E-01 0.15896118E-01 0.21713776E-01 0.29724954E-01
0.25790315E+00 0.11675053E+00 0.69957113E-01 0.16220086E+00 0.71662107E+00 0.98791638E+00 0.99963523E+00 0.99994081E+00 0.99954807E+00 0.98431315E+00 0.66636400E+00 0.14362633E+00 0.71512616E-01 0.13235335E+00 0.29839123E+00 0.50053492E+00 0.64953057E+00 0.73529706E+00 0.78377729E+00 0.81423495E+00 0.83549113E+00 0.85122053E+00 0.86308333E+00 0.87179849E+00 0.87749275E+00 0.87990195E+00 0.87850779E+00 0.87255902E+00 0.86093648E+00 0.84183793E+00 0.81225107E+00 0.76723712E+00 0.69944610E+00 0.60063172E+00 0.46888165E+00 0.32092630E+00 0.19075890E+00 0.10233285E+00 0.53389144E-01 0.29419177E-01 0.18385082E-01 0.13696958E-01 0.12425794E-01 0.13577527E-01 0.17187928E-01 0.23854719E-01 0.34295663E-01 0.48788899E-01
0.26632265E+00 0.11516181E+00 0.71605700E-01 0.19757467E+00 0.81293263E+00 0.99557551E+00 0.99995120E+00 0.99999958E+00 0.99993025E+00 0.99388016E+00 0.76799364E+00 0.17373191E+00 0.73955561E-01 0.13397165E+00 0.31475977E+00 0.53673426E+00 0.69406789E+00 0.78058754E+00 0.82804370E+00 0.85738496E+00 0.87759133E+00 0.89227180E+00 0.90307278E+00 0.91079764E+00 0.91575154E+00 0.91790098E+00 0.91695441E+00 0.91234479E+00 0.90308254E+00 0.88742940E+00 0.86230061E+00 0.82230190E+00 0.75866020E+00 0.65995281E+00 0.52008778E+00 0.35580101E+00 0.20893966E+00 0.11035711E+00 0.57171812E-01 0.31805746E-01 0.20461580E-01 0.15976784E-01 0.15385712E-01 0.17939557E-01 0.24170009E-01 0.35377836E-01 0.52925988E-01 0.77172266E-01
0.30502273E+00 0.13159577E+00 0.72629005E-01 0.15897604E+00 0.70983243E+00 0.98775768E+00 0.99963945E+00 0.99994124E+00 0.99953218E+00 0.98345517E+00 0.65521100E+00 0.14339443E+00 0.78109076E-01 0.15715289E+00 0.36409926E+00 0.59559575E+00 0.74624458E+00 0.82488629E+00 0.86719573E+00 0.89315801E+00 0.91080877E+00 0.92335248E+00 0.93231269E+00 0.93850730E+00 0.94233573E+00 0.94389489E+00 0.94302405E+00 0.93927254E+00 0.93175720E+00 0.91883937E+00 0.89748117E+00 0.86208082E+00 0.80284602E+00 0.70558347E+00 0.55996846E+00 0.38222733E+00 0.22175516E+00 0.11566934E+00 0.59857532E-01 0.33873523E-01 0.22603050E-01 0.18606021E-01 0.19069499E-01 0.23685660E-01 0.33748292E-01 0.51543411E-01 0.79116353E-01 0.11637815E+00
0.37752255E+00 0.17401800E+00 0.80524754E-01 0.98685274E-01 0.38457090E+00 0.88373948E+00 0.98703260E+00 0.99481139E+00 0.98478267E+00 0.85913734E+00 0.34382490E+00 0.95936298E-01 0.91889189E-01 0.21135064E+00 0.44799437E+00 0.66947253E+00 0.79900109E+00 0.86419242E+00 0.89939744E+00 0.92113652E+00 0.93579265E+00 0.94598947E+00 0.95306098E+00 0.95777734E+00 0.96055431E+00 0.96153355E+00 0.96060882E+00 0.95739076E+00 0.95107160E+00 0.94010585E+00 0.92153365E+00 0.88965557E+00 0.83392161E+00 0.73783220E+00 0.58740004E+00 0.39878729E+00 0.22849193E+00 0.11814198E+00 0.61490749E-01 0.35683858E-01 0.24880149E-01 0.21697637E-01 0.23692185E-01 0.31234757E-01 0.46678702E-01 0.73477065E-01 0.11398494E+00 0.16653013E+00
0.47981066E+00 0.25615327E+00 0.11238080E+00 0.73630862E-01 0.13035312E+00 0.38187333E+00 0.69920241E+00 0.79424207E+00 0.68007526E+00 0.35441880E+00 0.12426784E+00 0.79577730E-01 0.13424202E+00 0.30967466E+00 0.55731635E+00 0.74493149E+00 0.84550818E+00 0.89613902E+00 0.92436600E+00 0.94213168E+00 0.95407003E+00 0.96223302E+00 0.96775379E+00 0.97132063E+00 0.97331556E+00 0.97387051E+00 0.97288660E+00 0.96999889E+00 0.96444228E+00 0.95472844E+00 0.93793651E+00 0.90824840E+00 0.85442477E+00 0.75800796E+00 0.60233939E+00 0.40497065E+00 0.22902513E+00 0.11789857E+00 0.62186882E-01 0.37315143E-01 0.27376232E-01 0.25392378E-01 0.29527795E-01 0.41107826E-01 0.63821095E-01 0.10219603E+00 0.15789968E+00 0.22609938E+00
0.59293833E+00 0.38180084E+00 0.19198174E+00 0.95102985E-01 0.72242523E-01 0.97094502E-01 0.15499935E+00 0.18814057E+00 0.15178441E+00 0.96675325E-01 0.77313615E-01 0.11053375E+00 0.23070545E+00 0.44907651E+00 0.66884330E+00 0.80902443E+00 0.88192329E+00 0.92032125E+00 0.94290244E+00 0.95747935E+00 0.96727741E+00 0.97389516E+00 0.97829292E+00 0.98107340E+00 0.98256799E+00 0.98287978E+00 0.98189886E+00 0.97926007E+00 0.97419853E+00 0.96521332E+00 0.94932055E+00 0.92045216E+00 0.86657323E+00 0.76748061E+00 0.60518880E+00 0.40093854E+00 0.22373134E+00 0.11525786E+00 0.62107881E-01 0.38856280E-01 0.30188066E-01 0.29864379E-01 0.36919283E-01 0.53928842E-01 0.86075023E-01 0.13839314E+00 0.21022764E+00 0.29220391E+00
0.69138202E+00 0.52471525E+00 0.32967855E+00 0.17976324E+00 0.10295408E+00 0.75073477E-01 0.69635922E-01 0.70452800E-01 0.71677328E-01 0.80812588E-01 0.11677457E+00 0.21061869E+00 0.38488222E+00 0.59483440E+00 0.75907177E+00 0.85575694E+00 0.90795435E+00 0.93768830E+00 0.95623083E+00 0.96848148E+00 0.97671864E+00 0.98222559E+00 0.98583390E+00 0.98807982E+00 0.98925887E+00 0.98946173E+00 0.98857761E+00 0.98622888E+00 0.98159795E+00 0.97306004E+00 0.95738746E+00 0.92801429E+00 0.87185804E+00 0.76714434E+00 0.59637878E+00 0.38734037E+00 0.21338010E+00 0.11067268E+00 0.61443578E-01 0.40405056E-01 0.33429864E-01 0.35329211E-01 0.46287334E-01 0.70408407E-01 0.11426483E+00 0.18219958E+00 0.26930823E+00 0.36131830E+00
0.76110444E+00 0.64443933E+00 0.48783717E+00 0.32922079E+00 0.21197743E+00 0.14552368E+00 0.11568757E+00 0.10890934E+00 0.12109578E+00 0.15894364E+00 0.23873573E+00 0.37431249E+00 0.54811220E+00 0.70823622E+00 0.81963360E+00 0.88627274E+00 0.92541993E+00 0.94966540E+00 0.96552281E+00 0.97616168E+00 0.98328998E+00 0.98798611E+00 0.99099706E+00 0.99282426E+00 0.99376011E+00 0.99391446E+00 0.99319896E+00 0.99123052E+00 0.98710549E+00 0.97894988E+00 0.96302340E+00 0.93185684E+00 0.87092994E+00 0.75721531E+00 0.57625397E+00 0.36525371E+00 0.19903094E+00 0.10467243E+00 0.60397992E-01 0.42069422E-01 0.37239437E-01 0.42053206E-01 0.58134071E-01 0.91299369E-01 0.14897439E+00 0.23299956E+00 0.33268920E+00 0.43002722E+00
0.80335016E+00 0.72267327E+00 0.61258341E+00 0.48624401E+00 0.37099255E+00 0.28828380E+00 0.24298031E+00 0.23163001E+00 0.25268809E+00 0.30968165E+00 0.40643937E+00 0.53497007E+00 0.66867359E+00 0.77877970E+00 0.85537400E+00 0.90478091E+00 0.93657076E+00 0.95756047E+00 0.97170883E+00 0.98127046E+00 0.98762417E+00 0.99171717E+00 0.99424924E+00 0.99571916E+00 0.99644226E+00 0.99656172E+00 0.99602179E+00 0.99445228E+00 0.99087320E+00 0.98307676E+00 0.96649134E+00 0.93215681E+00 0.86359779E+00 0.73726758E+00 0.54524073E+00 0.33621159E+00 0.18193026E+00 0.97810620E-01 0.59179015E-01 0.43970212E-01 0.41785594E-01 0.50362395E-01 0.73035551E-01 0.11731385E+00 0.19035348E+00 0.28937867E+00 0.39754653E+00 0.49553106E+00
