examples/topond/topo_ureaPATO.SURFRHOO
DSAA
 161 161
-0.75589045E+01  0.75589045E+01  0.94486307E-01
-0.75589045E+01  0.75589045E+01  0.94486307E-01
 0.00000000E+00  0.00000000E+00
[rows 110 to 131 of 161, columns 0 to 47 of 161]
0.62823542E+00 0.63936781E+00 0.63654731E+00 0.61997511E+00 0.59080789E+00 0.55099289E+00 0.50305276E+00 0.44987332E+00 0.39447819E+00 0.33975522E+00 0.28815394E+00 0.24143727E+00 0.20057466E+00 0.16580216E+00 0.13680285E+00 0.11292874E+00 0.93398468E-01 0.77437613E-01 0.64358618E-01 0.53592809E-01 0.44691531E-01 0.37310862E-01 0.31190038E-01 0.26129772E-01 0.21973687E-01 0.18594168E-01 0.15882618E-01 0.13743443E-01 0.12090743E-01 0.10846746E-01 0.99411779E-02 0.93110145E-02 0.89003208E-02 0.86600350E-02 0.85476881E-02 0.85270919E-02 0.85680406E-02 0.86460553E-02 0.87421750E-02 0.88427784E-02 0.89394067E-02 0.90285624E-02 0.91114689E-02 0.91937987E-02 0.92854005E-02 0.94000705E-02 0.95554251E-02 0.97729245E-02
0.53501869E+00 0.54421214E+00 0.54188364E+00 0.52819249E+00 0.50406720E+00 0.47111105E+00 0.43144779E+00 0.38752045E+00 0.34184980E+00 0.29677131E+00 0.25419663E+00 0.21545793E+00 0.18127111E+00 0.15181076E+00 0.12685381E+00 0.10594005E+00 0.88510076E-01 0.74003052E-01 0.61913279E-01 0.51814399E-01 0.43362090E-01 0.36284816E-01 0.30369615E-01 0.25447368E-01 0.21380060E-01 0.18051078E-01 0.15358629E-01 0.13211783E-01 0.11528390E-01 0.10234170E-01 0.92623620E-02 0.85535615E-02 0.80555268E-02 0.77228899E-02 0.75167769E-02 0.74043847E-02 0.73585646E-02 0.73574480E-02 0.73841279E-02 0.74263957E-02 0.74765176E-02 0.75310382E-02 0.75906059E-02 0.76598243E-02 0.77471529E-02 0.78648879E-02 0.80292554E-02 0.82606495E-02
0.45664765E+00 0.46415823E+00 0.46225584E+00 0.45107191E+00 0.43137321E+00 0.40448404E+00 0.37214985E+00 0.33635288E+00 0.29909907E+00 0.26220752E+00 0.22714246E+00 0.19492047E+00 0.16610390E+00 0.14086511E+00 0.11909008E+00 0.10048877E+00 0.84689192E-01 0.71305100E-01 0.59976998E-01 0.50391640E-01 0.42286724E-01 0.35446846E-01 0.29695415E-01 0.24885693E-01 0.20892865E-01 0.17607995E-01 0.14933992E-01 0.12783262E-01 0.11076552E-01 0.97424604E-02 0.87172390E-02 0.79446177E-02 0.73755346E-02 0.69677477E-02 0.66853570E-02 0.64982900E-02 0.63818016E-02 0.63160239E-02 0.62855864E-02 0.62793097E-02 0.62899677E-02 0.63141131E-02 0.63519636E-02 0.64073546E-02 0.64877758E-02 0.66045097E-02 0.67728957E-02 0.70127311E-02
0.39484614E+00 0.40091781E+00 0.39937993E+00 0.39033822E+00 0.37440796E+00 0.35264590E+00 0.32643235E+00 0.29731729E+00 0.26685226E+00 0.23643572E+00 0.20719871E+00 0.17994746E+00 0.15516386E+00 0.13305044E+00 0.11359886E+00 0.96662543E-01 0.82019624E-01 0.69420084E-01 0.58616495E-01 0.49380910E-01 0.41511659E-01 0.34833711E-01 0.29195612E-01 0.24465238E-01 0.20525744E-01 0.17272424E-01 0.14610641E-01 0.12454667E-01 0.10727139E-01 0.93588053E-02 0.82883385E-02 0.74620720E-02 0.68336059E-02 0.63632983E-02 0.60176858E-02 0.57688882E-02 0.55940441E-02 0.54748141E-02 0.53969680E-02 0.53500622E-02 0.53272078E-02 0.53249261E-02 0.53430905E-02 0.53849643E-02 0.54573426E-02 0.55708147E-02 0.57401588E-02 0.59848707E-02
0.34985330E+00 0.35477122E+00 0.35352598E+00 0.34619916E+00 0.33326500E+00 0.31553563E+00 0.29406832E+00 0.27004833E+00 0.24466554E+00 0.21900489E+00 0.19396706E+00 0.17022810E+00 0.14823642E+00 0.12823813E+00 0.11031808E+00 0.94445027E-01 0.80512922E-01 0.68374150E-01 0.57863557E-01 0.48814098E-01 0.41065762E-01 0.34469689E-01 0.28889299E-01 0.24199864E-01 0.20287561E-01 0.17048573E-01 0.14388474E-01 0.12221874E-01 0.10472218E-01 0.90715939E-02 0.79604394E-02 0.70871224E-02 0.64073817E-02 0.58836782E-02 0.54845067E-02 0.51837226E-02 0.49599260E-02 0.47959316E-02 0.46783402E-02 0.45972165E-02 0.45458719E-02 0.45207526E-02 0.45214336E-02 0.45507248E-02 0.46148976E-02 0.47240445E-02 0.48925746E-02 0.51398433E-02
0.32020692E+00 0.32426709E+00 0.32323966E+00 0.31718573E+00 0.30646045E+00 0.29167297E+00 0.27361991E+00 0.25320328E+00 0.23134495E+00 0.20891010E+00 0.18664936E+00 0.16516496E+00 0.14490051E+00 0.12614955E+00 0.10907587E+00 0.93739197E-01 0.80121342E-01 0.68149882E-01 0.57717919E-01 0.48699413E-01 0.40960280E-01 0.34365868E-01 0.28785658E-01 0.24096014E-01 0.20181716E-01 0.16936779E-01 0.14264863E-01 0.12079416E-01 0.10303590E-01 0.88699598E-02 0.77200385E-02 0.68036376E-02 0.60781110E-02 0.55075475E-02 0.50619651E-02 0.47165590E-02 0.44510373E-02 0.42490654E-02 0.40978299E-02 0.39877222E-02 0.39121414E-02 0.38674138E-02 0.38528318E-02 0.38708160E-02 0.39272097E-02 0.40317132E-02 0.41984592E-02 0.44467211E-02
0.30333240E+00 0.30680537E+00 0.30592713E+00 0.30074398E+00 0.29152446E+00 0.27872786E+00 0.26295688E+00 0.24490437E+00 0.22529977E+00 0.20485841E+00 0.18423765E+00 0.16400409E+00 0.14461467E+00 0.12641111E+00 0.10962467E+00 0.94387796E-01 0.80749492E-01 0.68692460E-01 0.58150137E-01 0.49022386E-01 0.41188885E-01 0.34519751E-01 0.28883433E-01 0.24152197E-01 0.20205699E-01 0.16933129E-01 0.14234324E-01 0.12020165E-01 0.10212446E-01 0.87433813E-02 0.75548642E-02 0.65975581E-02 0.58299193E-02 0.52172125E-02 0.47305807E-02 0.43462102E-02 0.40446162E-02 0.38100639E-02 0.36301258E-02 0.34953738E-02 0.33992001E-02 0.33377656E-02 0.33100756E-02 0.33181873E-02 0.33675568E-02 0.34675315E-02 0.36319867E-02 0.38800943E-02
0.29648142E+00 0.29962684E+00 0.29883128E+00 0.29413776E+00 0.28578811E+00 0.27417205E+00 0.25977253E+00 0.24313147E+00 0.22483114E+00 0.20547463E+00 0.18565714E+00 0.16593212E+00 0.14678154E+00 0.12859628E+00 0.11166791E+00 0.96189618E-01 0.82263873E-01 0.69914929E-01 0.59104249E-01 0.49747038E-01 0.41728045E-01 0.34915258E-01 0.29170787E-01 0.24358816E-01 0.20350931E-01 0.17029318E-01 0.14288371E-01 0.12035162E-01 0.10189146E-01 0.86813853E-02 0.74534833E-02 0.64563893E-02 0.56491735E-02 0.49978558E-02 0.44743422E-02 0.40555011E-02 0.37223970E-02 0.34596843E-02 0.32551575E-02 0.30994483E-02 0.29858625E-02 0.29103507E-02 0.28716136E-02 0.28713442E-02 0.29146147E-02 0.30104116E-02 0.31723183E-02 0.34193290E-02
0.29809577E+00 0.30132418E+00 0.30050395E+00 0.29571391E+00 0.28736058E+00 0.27597702E+00 0.26205882E+00 0.24603793E+00 0.22834084E+00 0.20944027E+00 0.18985990E+00 0.17014022E+00 0.15079157E+00 0.13225511E+00 0.11487948E+00 0.98912067E-01 0.84500679E-01 0.71702853E-01 0.60500453E-01 0.50817374E-01 0.42537852E-01 0.35523205E-01 0.29625612E-01 0.24698393E-01 0.20602928E-01 0.17212766E-01 0.14415579E-01 0.12113610E-01 0.10223140E-01 0.86733729E-02 0.74050234E-02 0.63688100E-02 0.55239724E-02 0.48369055E-02 0.42799557E-02 0.38304046E-02 0.34696448E-02 0.31825440E-02 0.29569830E-02 0.27835547E-02 0.26554108E-02 0.25682495E-02 0.25204415E-02 0.25132976E-02 0.25514833E-02 0.26435843E-02 0.28028202E-02 0.30478899E-02
0.31095417E+00 0.31552545E+00 0.31434510E+00 0.30770301E+00 0.29699185E+00 0.28369625E+00 0.26868716E+00 0.25225657E+00 0.23449717E+00 0.21558895E+00 0.19588420E+00 0.17586389E+00 0.15605127E+00 0.13693456E+00 0.11891830E+00 0.10230130E+00 0.87272711E-01 0.73918959E-01 0.62238222E-01 0.52159513E-01 0.43563532E-01 0.36302418E-01 0.30216380E-01 0.25146229E-01 0.20941827E-01 0.17467017E-01 0.14601869E-01 0.12243052E-01 0.10303026E-01 0.87085703E-02 0.73990130E-02 0.63244023E-02 0.54437656E-02 0.47235453E-02 0.41362520E-02 0.36593514E-02 0.32743797E-02 0.29662724E-02 0.27228867E-02 0.25346963E-02 0.23946430E-02 0.22981341E-02 0.22431816E-02 0.22306855E-02 0.22648659E-02 0.23538461E-02 0.25103853E-02 0.27527423E-02
0.35217145E+00 0.36304162E+00 0.36016753E+00 0.34486608E+00 0.32321859E+00 0.30096955E+00 0.28045418E+00 0.26130601E+00 0.24239901E+00 0.22298170E+00 0.20289518E+00 0.18240900E+00 0.16200211E+00 0.14219336E+00 0.12343999E+00 0.10609136E+00 0.90376348E-01 0.76408406E-01 0.64200283E-01 0.53684714E-01 0.44737771E-01 0.37201549E-01 0.30903569E-01 0.25671534E-01 0.21343258E-01 0.17772404E-01 0.14830993E-01 0.12409695E-01 0.10416740E-01 0.87760946E-02 0.74253314E-02 0.63134927E-02 0.53990925E-02 0.46483575E-02 0.40337388E-02 0.35327013E-02 0.31267760E-02 0.28008508E-02 0.25426723E-02 0.23425324E-02 0.21931182E-02 0.20895131E-02 0.20293418E-02 0.20130600E-02 0.20443942E-02 0.21309317E-02 0.22848604E-02 0.25238378E-02
0.48386854E+00 0.52021870E+00 0.51044205E+00 0.46045169E+00 0.39664494E+00 0.34167407E+00 0.30220532E+00 0.27420383E+00 0.25174173E+00 0.23096150E+00 0.21021169E+00 0.18916961E+00 0.16813460E+00 0.14761394E+00 0.12810746E+00 0.11001322E+00 0.93599183E-01 0.79005059E-01 0.66257688E-01 0.55293435E-01 0.45983947E-01 0.38161622E-01 0.31641661E-01 0.26238967E-01 0.21779528E-01 0.18106938E-01 0.15085186E-01 0.12598872E-01 0.10551859E-01 0.88651135E-02 0.74742494E-02 0.63270879E-02 0.53814237E-02 0.46030788E-02 0.39642799E-02 0.34423528E-02 0.30187119E-02 0.26781110E-02 0.24081223E-02 0.21988095E-02 0.20425721E-02 0.19341434E-02 0.18707343E-02 0.18523223E-02 0.18820887E-02 0.19670063E-02 0.21185741E-02 0.23536817E-02
0.89027849E+00 0.10211425E+01 0.98541368E+00 0.80892992E+00 0.60053117E+00 0.44133322E+00 0.34608403E+00 0.29413337E+00 0.26289298E+00 0.23915009E+00 0.21730834E+00 0.19563636E+00 0.17399846E+00 0.15281293E+00 0.13260094E+00 0.11380429E+00 0.96728509E-01 0.81538824E-01 0.68275962E-01 0.56880354E-01 0.47220150E-01 0.39119210E-01 0.32381611E-01 0.26810542E-01 0.22221062E-01 0.18447388E-01 0.15345957E-01 0.12795600E-01 0.10695968E-01 0.89650730E-02 0.75365364E-02 0.63568813E-02 0.53830810E-02 0.45804455E-02 0.39208749E-02 0.33814659E-02 0.29434426E-02 0.25913677E-02 0.23125970E-02 0.20969364E-02 0.19364763E-02 0.18255819E-02 0.17610290E-02 0.17422850E-02 0.17719360E-02 0.18562619E-02 0.20059566E-02 0.22369770E-02
0.20590690E+01 0.25433048E+01 0.24075219E+01 0.17759771E+01 0.11118806E+01 0.66556723E+00 0.43217326E+00 0.32598958E+00 0.27658108E+00 0.24731881E+00 0.22377596E+00 0.20139090E+00 0.17920805E+00 0.15744978E+00 0.13662771E+00 0.11721804E+00 0.99560393E-01 0.83843731E-01 0.70122007E-01 0.58340082E-01 0.48363775E-01 0.40010045E-01 0.33073638E-01 0.27347743E-01 0.22637994E-01 0.18770451E-01 0.15594938E-01 0.12985185E-01 0.10837081E-01 0.90659636E-02 0.76036099E-02 0.63953073E-02 0.53972147E-02 0.45741056E-02 0.38975148E-02 0.33442698E-02 0.28953677E-02 0.25351518E-02 0.22507407E-02 0.20316697E-02 0.18697108E-02 0.17588513E-02 0.16954173E-02 0.16783399E-02 0.17095643E-02 0.17946046E-02 0.19432402E-02 0.21703389E-02
0.52634324E+01 0.71674078E+01 0.66094299E+01 0.42592955E+01 0.22155717E+01 0.10860081E+01 0.57624770E+00 0.37235267E+00 0.29277017E+00 0.25508855E+00 0.22924092E+00 0.20608673E+00 0.18344234E+00 0.16123325E+00 0.13993075E+00 0.12003337E+00 0.10190878E+00 0.85766234E-01 0.71671290E-01 0.59573132E-01 0.49336331E-01 0.40772793E-01 0.33670120E-01 0.27813713E-01 0.23001788E-01 0.19053947E-01 0.15814743E-01 0.13153828E-01 0.10964059E-01 0.91585964E-02 0.76677005E-02 0.64356210E-02 0.54178140E-02 0.45785730E-02 0.38890913E-02 0.33259333E-02 0.28698689E-02 0.25050207E-02 0.22182710E-02 0.19988866E-02 0.18383240E-02 0.17301930E-02 0.16703632E-02 0.16572101E-02 0.16920006E-02 0.17794188E-02 0.19282313E-02 0.21520751E-02
0.13005363E+02 0.20843851E+02 0.18288718E+02 0.96811612E+01 0.41097035E+01 0.16837803E+01 0.75884044E+00 0.42569544E+00 0.30898231E+00 0.26158869E+00 0.23328774E+00 0.20942866E+00 0.18644168E+00 0.16392542E+00 0.14229604E+00 0.12206304E+00 0.10361394E+00 0.87173041E-01 0.72814694E-01 0.60491655E-01 0.50068069E-01 0.41352673E-01 0.34128366E-01 0.28175330E-01 0.23286775E-01 0.19277928E-01 0.15989772E-01 0.13289194E-01 0.11066995E-01 0.92348600E-02 0.77220110E-02 0.64719817E-02 0.54397329E-02 0.45892077E-02 0.38913381E-02 0.33224751E-02 0.28631947E-02 0.24974228E-02 0.22118254E-02 0.19954187E-02 0.18393586E-02 0.17368878E-02 0.16834220E-02 0.16767714E-02 0.17174962E-02 0.18093989E-02 0.19601491E-02 0.21820299E-02
0.25845796E+02 0.60105388E+02 0.45332986E+02 0.17148413E+02 0.60857107E+01 0.22065539E+01 0.90289424E+00 0.46510256E+00 0.31997827E+00 0.26546915E+00 0.23546668E+00 0.21116944E+00 0.18800595E+00 0.16534405E+00 0.14355796E+00 0.12316052E+00 0.10454964E+00 0.87957852E-01 0.73464460E-01 0.61024424E-01 0.50502001E-01 0.41704609E-01 0.34413018E-01 0.28405005E-01 0.23471468E-01 0.19425635E-01 0.16106885E-01 0.13380882E-01 0.11137545E-01 0.92879358E-02 0.77608498E-02 0.64995255E-02 0.54587151E-02 0.46022036E-02 0.39007899E-02 0.33306997E-02 0.28723769E-02 0.25095977E-02 0.22288502E-02 0.20189318E-02 0.18707255E-02 0.17771281E-02 0.17331141E-02 0.17359287E-02 0.17854101E-02 0.18844405E-02 0.20395258E-02 0.22614930E-02
0.27904873E+02 0.72482932E+02 0.51271280E+02 0.18193757E+02 0.63173139E+01 0.22627020E+01 0.91734904E+00 0.46868908E+00 0.32071904E+00 0.26554433E+00 0.23542213E+00 0.21113027E+00 0.18799633E+00 0.16536427E+00 0.14360308E+00 0.12322505E+00 0.10462850E+00 0.88046467E-01 0.73558713E-01 0.61120649E-01 0.50596993E-01 0.41795647E-01 0.34497894E-01 0.28482049E-01 0.23539566E-01 0.19484220E-01 0.16155912E-01 0.13420783E-01 0.11169162E-01 0.93124545E-02 0.77797253E-02 0.65144133E-02 0.54714077E-02 0.46145749E-02 0.39147480E-02 0.33481451E-02 0.28951646E-02 0.25394999E-02 0.22675157E-02 0.20678371E-02 0.19311135E-02 0.18499286E-02 0.18188399E-02 0.18345409E-02 0.18961446E-02 0.20055902E-02 0.21681714E-02 0.23931790E-02
0.15219213E+02 0.25683433E+02 0.22150622E+02 0.11099500E+02 0.45318928E+01 0.18013780E+01 0.79140720E+00 0.43390444E+00 0.31056675E+00 0.26160751E+00 0.23304353E+00 0.20922612E+00 0.18633870E+00 0.16391981E+00 0.14237240E+00 0.12220465E+00 0.10380525E+00 0.87399887E-01 0.73064222E-01 0.60752309E-01 0.50329651E-01 0.41606433E-01 0.34367109E-01 0.28393515E-01 0.23480562E-01 0.19445177E-01 0.16129963E-01 0.13403286E-01 0.11157238E-01 0.93045804E-02 0.77753920E-02 0.65138475E-02 0.54753550E-02 0.46241332E-02 0.39312427E-02 0.33730344E-02 0.29299676E-02 0.25857364E-02 0.23266511E-02 0.21412245E-02 0.20199250E-02 0.19550687E-02 0.19408332E-02 0.19733868E-02 0.20511298E-02 0.21750518E-02 0.23492046E-02 0.25812836E-02
0.63105995E+01 0.87955318E+01 0.80584970E+01 0.50341568E+01 0.25181487E+01 0.11883588E+01 0.60730177E+00 0.38007414E+00 0.29378906E+00 0.25452438E+00 0.22848161E+00 0.20546822E+00 0.18302397E+00 0.16100346E+00 0.13986208E+00 0.12009703E+00 0.10207766E+00 0.86015217E-01 0.71977204E-01 0.59914836E-01 0.49694878E-01 0.41131655E-01 0.34015425E-01 0.28134451E-01 0.23289937E-01 0.19304481E-01 0.16025515E-01 0.13325337E-01 0.11099132E-01 0.92620226E-02 0.77458450E-02 0.64960542E-02 0.54689707E-02 0.46294508E-02 0.39489900E-02 0.34042279E-02 0.29758045E-02 0.26475125E-02 0.24056908E-02 0.22388134E-02 0.21372342E-02 0.20930614E-02 0.21001457E-02 0.21541719E-02 0.22528565E-02 0.23962509E-02 0.25871528E-02 0.28316238E-02
0.24517854E+01 0.30799408E+01 0.29025324E+01 0.20906686E+01 0.12632859E+01 0.72480942E+00 0.45066178E+00 0.32957516E+00 0.27570818E+00 0.24549063E+00 0.22200976E+00 0.19993969E+00 0.17810473E+00 0.15666644E+00 0.13612252E+00 0.11694824E+00 0.99485098E-01 0.83924284E-01 0.70322125E-01 0.58626122E-01 0.48705101E-01 0.40379456E-01 0.33447806E-01 0.27707589E-01 0.22968925E-01 0.19062419E-01 0.15842289E-01 0.13186346E-01 0.10994099E-01 0.91839731E-02 0.76902653E-02 0.64602315E-02 0.54514877E-02 0.46298100E-02 0.39673410E-02 0.34411713E-02 0.30322521E-02 0.27245838E-02 0.25046306E-02 0.23609159E-02 0.22837614E-02 0.22651451E-02 0.22986604E-02 0.23795703E-02 0.25049550E-02 0.26739566E-02 0.28881257E-02 0.31518664E-02
0.10236897E+01 0.11913411E+01 0.11453901E+01 0.92040317E+00 0.65939307E+00 0.46445910E+00 0.35128855E+00 0.29238247E+00 0.25916826E+00 0.23528451E+00 0.21387395E+00 0.19276876E+00 0.17169115E+00 0.15101635E+00 0.13125521E+00 0.11284889E+00 0.96104666E-01 0.81190086E-01 0.68148626E-01 0.56924001E-01 0.47388271E-01 0.39369906E-01 0.32678288E-01 0.27122508E-01 0.22523919E-01 0.18723163E-01 0.15582948E-01 0.12987965E-01 0.10843126E-01 0.90709830E-02 0.76089217E-02 0.64064685E-02 0.54228871E-02 0.46251404E-02 0.39862233E-02 0.34838418E-02 0.30993951E-02 0.28172116E-02 0.26239912E-02 0.25084116E-02 0.24608642E-02 0.24732946E-02 0.25391320E-02 0.26533011E-02 0.28123155E-02 0.30144583E-02 0.32600552E-02 0.35518435E-02
