examples/topond/topo_ureaCrys.SURFLAPP
DSAA
 161 161
-0.75589045E+01  0.75589045E+01  0.94486307E-01
-0.75589045E+01  0.75589045E+01  0.94486307E-01
 0.00000000E+00  0.00000000E+00
[rows 21 to 41 of 161, columns 0 to 47 of 161]
-0.97529046E+00 -0.10272922E+01 -0.10140215E+01 -0.93735980E+00 -0.80792270E+00 -0.64262650E+00 -0.46111871E+00 -0.28217455E+00 -0.12093900E+00 0.12574492E-01 0.11374593E+00 0.18265912E+00 0.22284606E+00 0.23983700E+00 0.23981712E+00 0.22859052E+00 0.21094471E+00 0.19040483E+00 0.16928920E+00 0.14894197E+00 0.13002511E+00 0.11278569E+00 0.97256077E-01 0.83379211E-01 0.71072374E-01 0.60250561E-01 0.50829006E-01 0.42718750E-01 0.35822718E-01 0.30034995E-01 0.25243112E-01 0.21332112E-01 0.18188999E-01 0.15706779E-01 0.13787555E-01 0.12344704E-01 0.11304301E-01 0.10606046E-01 0.10203961E-01 0.10067022E-01 0.10179830E-01 0.10543221E-01 0.11174656E-01 0.12108023E-01 0.13392328E-01 0.15088696E-01 0.17264995E-01 0.19987623E-01
-0.90545006E+00 -0.94972387E+00 -0.93841107E+00 -0.87324867E+00 -0.76390312E+00 -0.62526762E+00 -0.47375181E+00 -0.32401798E+00 -0.18707879E+00 -0.69819364E-01 0.24541533E-01 0.95608627E-01 0.14494916E+00 0.17536088E+00 0.19027825E+00 0.19328923E+00 0.18775712E+00 0.17656886E+00 0.16202083E+00 0.14582470E+00 0.12918960E+00 0.11293301E+00 0.97585422E-01 0.83472527E-01 0.70773282E-01 0.59559495E-01 0.49823865E-01 0.41501707E-01 0.34489160E-01 0.28658775E-01 0.23872501E-01 0.19991875E-01 0.16885373E-01 0.14433247E-01 0.12530275E-01 0.11087013E-01 0.10030149E-01 0.93023879E-02 0.88622595E-02 0.86840437E-02 0.87578914E-02 0.90900396E-02 0.97028791E-02 0.10634504E-01 0.11937133E-01 0.13673787E-01 0.15912516E-01 0.18717641E-01
-0.85697517E+00 -0.89384632E+00 -0.88443583E+00 -0.83009147E+00 -0.73845844E+00 -0.62166641E+00 -0.49323950E+00 -0.36498000E+00 -0.24526702E+00 -0.13904208E+00 -0.48688208E-01 0.25019648E-01 0.82257239E-01 0.12382518E+00 0.15104880E+00 0.16573586E+00 0.17006633E+00 0.16639107E+00 0.15700234E+00 0.14394817E+00 0.12892615E+00 0.11325254E+00 0.97882937E-01 0.83460079E-01 0.70371520E-01 0.58807206E-01 0.48812109E-01 0.40331591E-01 0.33248590E-01 0.27412658E-01 0.22661338E-01 0.18834857E-01 0.15785423E-01 0.13382345E-01 0.11514238E-01 0.10089386E-01 0.90350715E-02 0.82965775E-02 0.78362181E-02 0.76326914E-02 0.76807220E-02 0.79909874E-02 0.85899347E-02 0.95191344E-02 0.10833513E-01 0.12597787E-01 0.14880369E-01 0.17744194E-01
-0.67844374E+00 -0.69100437E+00 -0.68800523E+00 -0.66797550E+00 -0.62501209E+00 -0.55691202E+00 -0.46920871E+00 -0.37176943E+00 -0.27356627E+00 -0.18053723E+00 -0.96157176E-01 -0.22504472E-01 0.39107395E-01 0.87881915E-01 0.12354995E+00 0.14651827E+00 0.15795974E+00 0.15970945E+00 0.15398883E+00 0.14307919E+00 0.12905545E+00 0.11362788E+00 0.98086754E-01 0.83319577E-01 0.69869168E-01 0.58007704E-01 0.47810807E-01 0.39222826E-01 0.32109513E-01 0.26297547E-01 0.21602183E-01 0.17845081E-01 0.14864697E-01 0.12521335E-01 0.10698706E-01 0.93034031E-02 0.82633843E-02 0.75261648E-02 0.70572368E-02 0.68389173E-02 0.68696512E-02 0.71636749E-02 0.77506629E-02 0.86749487E-02 0.99936271E-02 0.11772829E-01 0.14081408E-01 0.16981467E-01
0.14921903E+00 0.25553256E+00 0.22695175E+00 0.80904525E-01 -0.10037388E+00 -0.23627940E+00 -0.29507370E+00 -0.28876861E+00 -0.24340024E+00 -0.17975970E+00 -0.11049853E+00 -0.43168100E-01 0.17492314E-01 0.68503589E-01 0.10810096E+00 0.13554022E+00 0.15112064E+00 0.15613860E+00 0.15262481E+00 0.14294068E+00 0.12939006E+00 0.11395081E+00 0.98148200E-01 0.83041216E-01 0.69277921E-01 0.57181502E-01 0.46841049E-01 0.38192342E-01 0.31082306E-01 0.25316338E-01 0.20690301E-01 0.17010365E-01 0.14103880E-01 0.11824105E-01 0.10051087E-01 0.86903309E-02 0.76705575E-02 0.69412321E-02 0.64704890E-02 0.62435562E-02 0.62618097E-02 0.65422309E-02 0.71169305E-02 0.80322925E-02 0.93469977E-02 0.11128235E-01 0.13445263E-01 0.16359788E-01
0.33425327E+01 0.39359088E+01 0.37778941E+01 0.29518868E+01 0.18589955E+01 0.91345608E+00 0.30537076E+00 0.36456579E-02 -0.10576488E+00 -0.11749405E+00 -0.85076332E-01 -0.35505632E-01 0.17021966E-01 0.64802197E-01 0.10376686E+00 0.13194298E+00 0.14880860E+00 0.15508107E+00 0.15246497E+00 0.14323003E+00 0.12974659E+00 0.11412719E+00 0.98033051E-01 0.82626248E-01 0.68616427E-01 0.56352657E-01 0.45925219E-01 0.37257188E-01 0.30177254E-01 0.24472285E-01 0.19922225E-01 0.16321013E-01 0.13487530E-01 0.11269880E-01 0.95456027E-02 0.82196866E-02 0.72216861E-02 0.65027730E-02 0.60332144E-02 0.58005201E-02 0.58082643E-02 0.60754041E-02 0.66357231E-02 0.75369307E-02 0.88386876E-02 0.10608800E-01 0.12916799E-01 0.15824290E-01
0.13280104E+02 0.15390775E+02 0.14830531E+02 0.11879314E+02 0.79005273E+01 0.43627277E+01 0.20081599E+01 0.76889629E+00 0.23012892E+00 0.34703041E-01 -0.12872804E-01 0.14137038E-03 0.35209324E-01 0.74154515E-01 0.10841194E+00 0.13414288E+00 0.14989839E+00 0.15576521E+00 0.15300501E+00 0.14364034E+00 0.12995752E+00 0.11408173E+00 0.97721930E-01 0.82085043E-01 0.67907451E-01 0.55545858E-01 0.45084348E-01 0.36432368E-01 0.29402728E-01 0.23767475E-01 0.19294416E-01 0.15768542E-01 0.13002790E-01 0.10841850E-01 0.91618056E-02 0.78676137E-02 0.68897240E-02 0.61807582E-02 0.57126654E-02 0.54746398E-02 0.54717735E-02 0.57242731E-02 0.62668510E-02 0.71478239E-02 0.84271780E-02 0.10172845E-01 0.12454393E-01 0.15333499E-01
0.37909000E+02 0.44031340E+02 0.42390031E+02 0.33923922E+02 0.22782929E+02 0.12849583E+02 0.60975161E+01 0.24915163E+01 0.91441586E+00 0.31528027E+00 0.11245221E+00 0.61472094E-01 0.67843279E-01 0.92616310E-01 0.11899818E+00 0.14002080E+00 0.15299821E+00 0.15731894E+00 0.15372642E+00 0.14388546E+00 0.12988338E+00 0.11376234E+00 0.97210262E-01 0.81435036E-01 0.67175177E-01 0.54783806E-01 0.44335901E-01 0.35728980E-01 0.28763722E-01 0.23201592E-01 0.18802150E-01 0.15344593E-01 0.12638242E-01 0.10525928E-01 0.88831898E-02 0.76153429E-02 0.66537659E-02 0.59522813E-02 0.54840955E-02 0.52395361E-02 0.52245808E-02 0.54599960E-02 0.59807097E-02 0.68349298E-02 0.80822992E-02 0.97903284E-02 0.12028292E-01 0.14857980E-01
0.95628661E+02 0.11548457E+03 0.11003734E+03 0.83475850E+02 0.53084243E+02 0.29492426E+02 0.14096455E+02 0.57681857E+01 0.21214239E+01 0.75943679E+00 0.29157679E+00 0.14292456E+00 0.10917400E+00 0.11547218E+00 0.13206307E+00 0.14724121E+00 0.15663998E+00 0.15887693E+00 0.15415386E+00 0.14372856E+00 0.12942512E+00 0.11314382E+00 0.96507840E-01 0.80698641E-01 0.66442798E-01 0.54085025E-01 0.43691987E-01 0.35152864E-01 0.28260777E-01 0.22771029E-01 0.18438704E-01 0.15040104E-01 0.12383005E-01 0.10309720E-01 0.86960035E-02 0.74478461E-02 0.64975518E-02 0.57999078E-02 0.53289819E-02 0.50757375E-02 0.50464546E-02 0.52618202E-02 0.57562962E-02 0.65772849E-02 0.77834140E-02 0.94411776E-02 0.11619157E-01 0.14379164E-01
0.21931297E+03 0.25290986E+03 0.24535487E+03 0.19165682E+03 0.11213411E+03 0.56568499E+02 0.26441909E+02 0.10798573E+02 0.38997074E+01 0.13600513E+01 0.51007889E+00 0.23374318E+00 0.15200837E+00 0.13781453E+00 0.14426495E+00 0.15363149E+00 0.15950733E+00 0.15970519E+00 0.15391792E+00 0.14301063E+00 0.12853490E+00 0.11223022E+00 0.95637672E-01 0.79901065E-01 0.65730347E-01 0.53462125E-01 0.43158080E-01 0.34703705E-01 0.27889339E-01 0.22468390E-01 0.18194881E-01 0.14844787E-01 0.12226106E-01 0.10181762E-01 0.85883470E-02 0.73527790E-02 0.64082571E-02 0.57103270E-02 0.52335728E-02 0.49691395E-02 0.49230876E-02 0.51154465E-02 0.55795791E-02 0.63614182E-02 0.75179116E-02 0.91139282E-02 0.11216874E-01 0.13888364E-01
0.25099598E+03 0.15482093E+03 0.19419367E+03 0.27049510E+03 0.20296467E+03 0.94600816E+02 0.41246944E+02 0.16716637E+02 0.59583341E+01 0.20169117E+01 0.72948726E+00 0.31728200E+00 0.18826463E+00 0.15518600E+00 0.15290236E+00 0.15753781E+00 0.16064987E+00 0.15931650E+00 0.15281042E+00 0.14167304E+00 0.12722258E+00 0.11105459E+00 0.94633578E-01 0.79067740E-01 0.65052697E-01 0.52920476E-01 0.42732264E-01 0.34374643E-01 0.27639585E-01 0.22282362E-01 0.18058869E-01 0.14746893E-01 0.12156125E-01 0.10131024E-01 0.85495278E-02 0.73196902E-02 0.63755866E-02 0.56733458E-02 0.51877747E-02 0.49098164E-02 0.48448680E-02 0.50117828E-02 0.54422537E-02 0.61801369E-02 0.72800616E-02 0.88046538E-02 0.10819613E-01 0.13386008E-01
-0.27742047E+03 -0.50468423E+04 -0.28910029E+04 0.15205772E+03 0.26288866E+03 0.13256585E+03 0.53958584E+02 0.21551007E+02 0.76298809E+01 0.25325741E+01 0.89118001E+00 0.37407441E+00 0.21052731E+00 0.16434227E+00 0.15634067E+00 0.15808339E+00 0.15963317E+00 0.15754727E+00 0.15081679E+00 0.13976661E+00 0.12555468E+00 0.10967475E+00 0.93535986E-01 0.78221262E-01 0.64417710E-01 0.52457310E-01 0.42404976E-01 0.34152353E-01 0.27496653E-01 0.22197970E-01 0.18016401E-01 0.14733251E-01 0.12161087E-01 0.10146654E-01 0.85696738E-02 0.73395159E-02 0.63911487E-02 0.56811615E-02 0.51843581E-02 0.48911834E-02 0.48059959E-02 0.49460416E-02 0.53408559E-02 0.60316665E-02 0.70701948E-02 0.85162156E-02 0.10433152E-01 0.12881066E-01
-0.16212756E+04 -0.51453385E+05 -0.11151432E+05 -0.53948251E+02 0.27156799E+03 0.14694111E+03 0.58524777E+02 0.23210992E+02 0.82000548E+01 0.27040327E+01 0.94151940E+00 0.38927239E+00 0.21440462E+00 0.16400732E+00 0.15427074E+00 0.15527533E+00 0.15658645E+00 0.15457309E+00 0.14811367E+00 0.13744152E+00 0.12364327E+00 0.10816432E+00 0.92385837E-01 0.77377840E-01 0.63824620E-01 0.52061345E-01 0.42159286E-01 0.34017671E-01 0.27441294E-01 0.22197139E-01 0.18051183E-01 0.14789538E-01 0.12228567E-01 0.10217944E-01 0.86395497E-02 0.74042876E-02 0.64480774E-02 0.57279144E-02 0.52184623E-02 0.49094525E-02 0.48039277E-02 0.49171825E-02 0.52762016E-02 0.59191071E-02 0.68941869E-02 0.82577874E-02 0.10070455E-01 0.12390688E-01
-0.71929684E+02 -0.31915838E+04 -0.17033799E+04 0.18697036E+03 0.25751107E+03 0.12721871E+03 0.52232309E+02 0.20908495E+02 0.74051207E+01 0.24604109E+01 0.86494350E+00 0.36051533E+00 0.20045121E+00 0.15526306E+00 0.14770789E+00 0.14993327E+00 0.15213525E+00 0.15085454E+00 0.14502690E+00 0.13491641E+00 0.12162470E+00 0.10659924E+00 0.91216997E-01 0.76543712E-01 0.63262879E-01 0.51712975E-01 0.41971744E-01 0.33946595E-01 0.27450865E-01 0.22259541E-01 0.18145546E-01 0.14900718E-01 0.12345964E-01 0.10334427E-01 0.87505538E-02 0.75070263E-02 0.65408490E-02 0.58094539E-02 0.52873206E-02 0.49633502E-02 0.48390826E-02 0.49276332E-02 0.52531177E-02 0.58501851E-02 0.67632329E-02 0.80446432E-02 0.97514807E-02 0.11940031E-01
0.26483149E+03 0.21185296E+03 0.23214786E+03 0.27038886E+03 0.18763791E+03 0.87751600E+02 0.38798579E+02 0.15767265E+02 0.56363858E+01 0.19184399E+01 0.69574271E+00 0.29986444E+00 0.17418069E+00 0.14123608E+00 0.13868301E+00 0.14345095E+00 0.14723232E+00 0.14702228E+00 0.14195594E+00 0.13243060E+00 0.11963103E+00 0.10504204E+00 0.90048501E-01 0.75712152E-01 0.62711805E-01 0.51385203E-01 0.41813792E-01 0.33911758E-01 0.27500626E-01 0.22363644E-01 0.18281240E-01 0.15051627E-01 0.12500870E-01 0.10486124E-01 0.88948348E-02 0.76417785E-02 0.66652615E-02 0.59232838E-02 0.53901875E-02 0.50540287E-02 0.49147748E-02 0.49832213E-02 0.52804137E-02 0.58372513E-02 0.66938653E-02 0.78981920E-02 0.95032138E-02 0.11562289E-01
0.19617538E+03 0.23259658E+03 0.22361166E+03 0.16983222E+03 0.99749145E+02 0.51443653E+02 0.24284634E+02 0.99708730E+01 0.36446154E+01 0.12966179E+01 0.49594794E+00 0.22760368E+00 0.14386901E+00 0.12610355E+00 0.12969138E+00 0.13744616E+00 0.14292542E+00 0.14372593E+00 0.13928005E+00 0.13018911E+00 0.11775999E+00 0.10352682E+00 0.88878316E-01 0.74861959E-01 0.62141377E-01 0.51045386E-01 0.41653702E-01 0.33884215E-01 0.27565232E-01 0.22487874E-01 0.18440297E-01 0.15227578E-01 0.12681515E-01 0.10663842E-01 0.90654941E-02 0.78037513E-02 0.68185337E-02 0.60686362E-02 0.55284144E-02 0.51851695E-02 0.50373261E-02 0.50933313E-02 0.53710638E-02 0.58974922E-02 0.67081886E-02 0.78462190E-02 0.93598943E-02 0.11298876E-01
0.82601448E+02 0.98875176E+02 0.94413012E+02 0.72590160E+02 0.47051110E+02 0.26475058E+02 0.12776912E+02 0.53300477E+01 0.20365434E+01 0.77461242E+00 0.31995575E+00 0.16271971E+00 0.11745933E+00 0.11385453E+00 0.12307354E+00 0.13338631E+00 0.14011455E+00 0.14148099E+00 0.13726788E+00 0.12831318E+00 0.11605035E+00 0.10204885E+00 0.87680422E-01 0.73958153E-01 0.61514416E-01 0.50657753E-01 0.41458932E-01 0.33835420E-01 0.27620271E-01 0.22611793E-01 0.18605913E-01 0.15415008E-01 0.12877223E-01 0.10859498E-01 0.92568340E-02 0.79895134E-02 0.69994787E-02 0.62466443E-02 0.57056345E-02 0.53631845E-02 0.52163166E-02 0.52711949E-02 0.55425385E-02 0.60533009E-02 0.68342745E-02 0.79232800E-02 0.93633818E-02 0.11199729E-01
0.33239929E+02 0.38409352E+02 0.37029409E+02 0.29844115E+02 0.20243939E+02 0.11596162E+02 0.56773589E+01 0.24682681E+01 0.10140244E+01 0.42211004E+00 0.19473676E+00 0.11669443E+00 0.10031436E+00 0.10734006E+00 0.12051564E+00 0.13227662E+00 0.13935223E+00 0.14054867E+00 0.13601185E+00 0.12680868E+00 0.11446947E+00 0.10056186E+00 0.86406503E-01 0.72955264E-01 0.60790074E-01 0.50186533E-01 0.41198679E-01 0.33739193E-01 0.27643779E-01 0.22717192E-01 0.18763217E-01 0.15602044E-01 0.13078835E-01 0.11066449E-01 0.94646230E-02 0.81972268E-02 0.72087259E-02 0.64605741E-02 0.59280148E-02 0.55975086E-02 0.54649043E-02 0.55342666E-02 0.58172439E-02 0.63327490E-02 0.71066517E-02 0.81711813E-02 0.95635785E-02 0.11323616E-01
0.12052564E+02 0.13860328E+02 0.13380952E+02 0.10850005E+02 0.74180390E+01 0.43283646E+01 0.22155788E+01 0.10404241E+01 0.47318710E+00 0.22260092E+00 0.12251280E+00 0.92846172E-01 0.94591145E-01 0.10787404E+00 0.12277188E+00 0.13446960E+00 0.14072692E+00 0.14087561E+00 0.13540343E+00 0.12556060E+00 0.11291653E+00 0.98984245E-01 0.84992432E-01 0.71802953E-01 0.59928334E-01 0.49599365E-01 0.40846383E-01 0.33573545E-01 0.27617486E-01 0.22788980E-01 0.18899927E-01 0.15778965E-01 0.13279058E-01 0.11279778E-01 0.96863438E-02 0.84268806E-02 0.74489582E-02 0.67160742E-02 0.62045328E-02 0.59009069E-02 0.58002001E-02 0.59046305E-02 0.62229423E-02 0.67700450E-02 0.75667575E-02 0.86393791E-02 0.10018723E-01 0.11738265E-01
0.37691975E+01 0.43014274E+01 0.41602389E+01 0.34153424E+01 0.24038516E+01 0.14813590E+01 0.82607151E+00 0.43460712E+00 0.22729071E+00 0.12953446E+00 0.93058116E-01 0.88983413E-01 0.99828010E-01 0.11529704E+00 0.12960905E+00 0.13961906E+00 0.14385157E+00 0.14210585E+00 0.13515476E+00 0.12435512E+00 0.11124114E+00 0.97213319E-01 0.83368522E-01 0.70453159E-01 0.58894845E-01 0.48870522E-01 0.40381860E-01 0.33322043E-01 0.27527753E-01 0.22815810E-01 0.19006778E-01 0.15938535E-01 0.13472729E-01 0.11496518E-01 0.99214055E-02 0.86804996E-02 0.77251225E-02 0.70214013E-02 0.65472274E-02 0.62897574E-02 0.62435587E-02 0.64093235E-02 0.67931010E-02 0.74058449E-02 0.82631892E-02 0.93851104E-02 0.10795327E-01 0.12520013E-01
0.11515826E+01 0.12871237E+01 0.12513205E+01 0.10604807E+01 0.79386359E+00 0.53736522E+00 0.33967087E+00 0.20947055E+00 0.13524392E+00 0.10126629E+00 0.93432648E-01 0.10041735E+00 0.11390122E+00 0.12826711E+00 0.13992522E+00 0.14677511E+00 0.14795474E+00 0.14366017E+00 0.13486002E+00 0.12292343E+00 0.10927292E+00 0.95144436E-01 0.81471556E-01 0.68867450E-01 0.57665338E-01 0.47983514E-01 0.39792796E-01 0.32974705E-01 0.27366086E-01 0.22790406E-01 0.19077743E-01 0.16076168E-01 0.13656968E-01 0.11715799E-01 0.10171288E-01 0.89622907E-02 0.80445860E-02 0.73875819E-02 0.69713609E-02 0.67842116E-02 0.68207366E-02 0.70804685E-02 0.75669584E-02 0.82872335E-02 0.92515006E-02 0.10472934E-01 0.11967364E-01 0.13752547E-01
