examples/topond/topo_urea.SURFGRHO
DSAA
 101 101
-0.75589045E+01  0.75589045E+01  0.15117809E+00
-0.75589045E+01  0.75589045E+01  0.15117809E+00
 0.00000000E+00  0.00000000E+00
[rows 66 to 87 of 101, columns 48 to 95 of 101]
0.35302002E+00 0.29792322E+00 0.26777961E+00 0.29792322E+00 0.35302002E+00 0.38715161E+00 0.38501894E+00 0.35207630E+00 0.30134550E+00 0.24532578E+00 0.19256389E+00 0.14730513E+00 0.11061680E+00 0.81839914E-01 0.59763609E-01 0.43335796E-01 0.31968939E-01 0.25470483E-01 0.23383325E-01 0.24322565E-01 0.26653062E-01 0.29299490E-01 0.31679779E-01 0.33439729E-01 0.34327714E-01 0.34176308E-01 0.32921563E-01 0.30617541E-01 0.27428676E-01 0.23604756E-01 0.19472324E-01 0.15537387E-01 0.12900710E-01 0.13611104E-01 0.18719936E-01 0.27419801E-01 0.39249044E-01 0.54635719E-01 0.75087571E-01 0.10394261E+00 0.14748328E+00 0.21575866E+00 0.32151106E+00 0.47395542E+00 0.66442318E+00 0.85234812E+00 0.98534905E+00 0.10726138E+01
0.46651827E+00 0.42220479E+00 0.39938429E+00 0.42220479E+00 0.46651827E+00 0.49263729E+00 0.48047538E+00 0.43218900E+00 0.36249641E+00 0.28803061E+00 0.22055725E+00 0.16529639E+00 0.12257399E+00 0.90336631E-01 0.66066756E-01 0.47755582E-01 0.34168632E-01 0.24764659E-01 0.19416050E-01 0.17701923E-01 0.18318110E-01 0.19819237E-01 0.21338521E-01 0.22466118E-01 0.23003404E-01 0.22852489E-01 0.21988627E-01 0.20457530E-01 0.18371927E-01 0.15909430E-01 0.13347646E-01 0.11229758E-01 0.10693385E-01 0.13085747E-01 0.18611373E-01 0.26911696E-01 0.38006895E-01 0.52413865E-01 0.71399267E-01 0.97630202E-01 0.13608862E+00 0.19476351E+00 0.28396311E+00 0.41202073E+00 0.57511057E+00 0.74492623E+00 0.87313632E+00 0.93106849E+00
0.58597890E+00 0.53551558E+00 0.51116367E+00 0.53551558E+00 0.58597890E+00 0.61973689E+00 0.60774923E+00 0.54669963E+00 0.45402192E+00 0.35381919E+00 0.26426098E+00 0.19322029E+00 0.14062073E+00 0.10269968E+00 0.75178034E-01 0.54740049E-01 0.39322255E-01 0.27854468E-01 0.19898460E-01 0.15293050E-01 0.13586985E-01 0.13654033E-01 0.14325882E-01 0.14940143E-01 0.15220596E-01 0.15070410E-01 0.14475216E-01 0.13471945E-01 0.12143302E-01 0.10632702E-01 0.92124800E-02 0.84581625E-02 0.93177499E-02 0.12460556E-01 0.17914351E-01 0.25679922E-01 0.36000809E-01 0.49401413E-01 0.66904771E-01 0.90527121E-01 0.12396804E+00 0.17314854E+00 0.24580688E+00 0.34875722E+00 0.48134342E+00 0.62650270E+00 0.74863852E+00 0.81131519E+00
0.68644883E+00 0.62071602E+00 0.59201788E+00 0.62071602E+00 0.68644883E+00 0.74373360E+00 0.75023141E+00 0.68896149E+00 0.57567276E+00 0.44446702E+00 0.32505899E+00 0.23145586E+00 0.16430055E+00 0.11793146E+00 0.85748731E-01 0.62633678E-01 0.45392488E-01 0.32325606E-01 0.22624694E-01 0.15916908E-01 0.11953680E-01 0.10245279E-01 0.98748776E-02 0.99592755E-02 0.10014536E-01 0.98572980E-02 0.94444737E-02 0.87968652E-02 0.79808365E-02 0.71317001E-02 0.65351732E-02 0.67328007E-02 0.83489051E-02 0.11678787E-01 0.16824715E-01 0.23991236E-01 0.33529677E-01 0.45957984E-01 0.62110052E-01 0.83468596E-01 0.11263582E+00 0.15370285E+00 0.21199744E+00 0.29239043E+00 0.39536262E+00 0.51141526E+00 0.61804982E+00 0.68646138E+00
0.80868274E+00 0.75733866E+00 0.73866697E+00 0.75733866E+00 0.80868274E+00 0.86798247E+00 0.89177054E+00 0.84209213E+00 0.71722464E+00 0.55505450E+00 0.40051926E+00 0.27851794E+00 0.19250978E+00 0.13510613E+00 0.96923734E-01 0.70565238E-01 0.51383743E-01 0.36895173E-01 0.25906766E-01 0.17834187E-01 0.12316109E-01 0.90161152E-02 0.74353513E-02 0.68544966E-02 0.66350492E-02 0.64358122E-02 0.61366339E-02 0.57265684E-02 0.52606270E-02 0.48788625E-02 0.48684863E-02 0.56521023E-02 0.75695555E-02 0.10798379E-01 0.15535090E-01 0.22086884E-01 0.30866934E-01 0.42403978E-01 0.57426329E-01 0.77054352E-01 0.10307555E+00 0.13814341E+00 0.18556560E+00 0.24822227E+00 0.32625888E+00 0.41391014E+00 0.49744599E+00 0.55772256E+00
0.11897179E+01 0.14527496E+01 0.16486675E+01 0.14527496E+01 0.11897179E+01 0.10812739E+01 0.10465007E+01 0.99116546E+00 0.86149167E+00 0.67390487E+00 0.48372544E+00 0.33042073E+00 0.22296603E+00 0.15290098E+00 0.10788291E+00 0.77945452E-01 0.56775601E-01 0.40984946E-01 0.28958846E-01 0.19928103E-01 0.13427983E-01 0.90697624E-02 0.64604604E-02 0.51317366E-02 0.45372367E-02 0.42310745E-02 0.39840201E-02 0.37318904E-02 0.35152875E-02 0.34767752E-02 0.38660938E-02 0.49484962E-02 0.69064172E-02 0.99103530E-02 0.14213018E-01 0.20172047E-01 0.28245979E-01 0.38999082E-01 0.53137662E-01 0.71593960E-01 0.95638289E-01 0.12691675E+00 0.16720994E+00 0.21767473E+00 0.27747044E+00 0.34206913E+00 0.40222179E+00 0.44516067E+00
0.30419689E+01 0.79389629E+01 0.12239695E+02 0.79389629E+01 0.30419689E+01 0.15880310E+01 0.12591341E+01 0.11330620E+01 0.99146759E+00 0.78542645E+00 0.56405254E+00 0.38079034E+00 0.25213094E+00 0.16944803E+00 0.11765068E+00 0.84232983E-01 0.61215686E-01 0.44299848E-01 0.31446945E-01 0.21716695E-01 0.14571319E-01 0.95717923E-02 0.62996335E-02 0.43533906E-02 0.33321344E-02 0.28413141E-02 0.25871827E-02 0.24413977E-02 0.24194425E-02 0.26439401E-02 0.32829390E-02 0.44768454E-02 0.63550239E-02 0.91017001E-02 0.12993097E-01 0.18411704E-01 0.25853988E-01 0.35936679E-01 0.49404002E-01 0.67133507E-01 0.90117668E-01 0.11935686E+00 0.15556015E+00 0.19857365E+00 0.24658560E+00 0.29534042E+00 0.33772310E+00 0.36420419E+00
0.12513774E+02 0.62934379E+02 0.13045458E+03 0.62934379E+02 0.12513774E+02 0.27370161E+01 0.15357714E+01 0.12639515E+01 0.10947427E+01 0.87453188E+00 0.62942461E+00 0.42190139E+00 0.27567967E+00 0.18251910E+00 0.12513006E+00 0.88886237E-01 0.64414748E-01 0.46655072E-01 0.33213172E-01 0.23007909E-01 0.15449589E-01 0.10070215E-01 0.64228161E-02 0.40913676E-02 0.27161111E-02 0.19943718E-02 0.16769755E-02 0.16083264E-02 0.17595988E-02 0.21860577E-02 0.29615167E-02 0.41691386E-02 0.59316988E-02 0.84397013E-02 0.11974164E-01 0.16928860E-01 0.23830433E-01 0.33349828E-01 0.46293297E-01 0.63553048E-01 0.85986330E-01 0.11418568E+00 0.14812588E+00 0.18675047E+00 0.22765355E+00 0.26695782E+00 0.29918728E+00 0.31676544E+00
0.34254501E+02 0.32828777E+03 0.14131942E+04 0.32828777E+03 0.34254501E+02 0.43341336E+01 0.17677871E+01 0.13604307E+01 0.11619920E+01 0.92968539E+00 0.66912292E+00 0.44645050E+00 0.28946379E+00 0.18999304E+00 0.12929987E+00 0.91424660E-01 0.66140240E-01 0.47926234E-01 0.34175689E-01 0.23724301E-01 0.15953851E-01 0.10382950E-01 0.65504555E-02 0.40232407E-02 0.24321599E-02 0.15026342E-02 0.10771896E-02 0.10776137E-02 0.13975137E-02 0.19673683E-02 0.28067512E-02 0.39922001E-02 0.56487794E-02 0.79646942E-02 0.11216876E-01 0.15801971E-01 0.22266203E-01 0.31321749E-01 0.43827155E-01 0.60697114E-01 0.82702400E-01 0.11014633E+00 0.14248836E+00 0.17811720E+00 0.21451196E+00 0.24873406E+00 0.27759800E+00 0.29634349E+00
0.34397450E+02 0.33753468E+03 0.15135365E+04 0.33753468E+03 0.34397450E+02 0.43178121E+01 0.18014003E+01 0.13946359E+01 0.11857342E+01 0.94341765E+00 0.67596696E+00 0.44946669E+00 0.29066496E+00 0.19044058E+00 0.12948013E+00 0.91536148E-01 0.66250536E-01 0.48047926E-01 0.34301598E-01 0.23842492E-01 0.16052376E-01 0.10449734E-01 0.65711533E-02 0.39781513E-02 0.22923018E-02 0.12285923E-02 0.67422136E-03 0.75843221E-03 0.12340657E-02 0.18925381E-02 0.27601191E-02 0.39223095E-02 0.55038480E-02 0.76868934E-02 0.10741236E-01 0.15060982E-01 0.21200236E-01 0.29891379E-01 0.42015267E-01 0.58477677E-01 0.79948743E-01 0.10647745E+00 0.13713450E+00 0.17000694E+00 0.20283275E+00 0.23421766E+00 0.26500757E+00 0.29861608E+00
0.12453056E+02 0.64956442E+02 0.13763678E+03 0.64956442E+02 0.12453056E+02 0.27879230E+01 0.16570771E+01 0.13653642E+01 0.11615110E+01 0.91196466E+00 0.64763368E+00 0.42972322E+00 0.27868250E+00 0.18357705E+00 0.12554033E+00 0.89166692E-01 0.64730654E-01 0.47024828E-01 0.33603976E-01 0.23376073E-01 0.15752186E-01 0.10262936E-01 0.64523831E-02 0.38877361E-02 0.21926585E-02 0.10727439E-02 0.39582621E-03 0.59810060E-03 0.11892874E-02 0.18972330E-02 0.27819665E-02 0.39348718E-02 0.54781452E-02 0.75880009E-02 0.10527416E-01 0.14685379E-01 0.20614545E-01 0.29047713E-01 0.40856152E-01 0.56896643E-01 0.77704066E-01 0.10306938E+00 0.13172906E+00 0.16156588E+00 0.19065081E+00 0.21964252E+00 0.25754909E+00 0.33983629E+00
0.31920963E+01 0.79800214E+01 0.12323759E+02 0.79800214E+01 0.31920963E+01 0.18331621E+01 0.14800111E+01 0.12895285E+01 0.10870419E+01 0.83611426E+00 0.58746788E+00 0.39020574E+00 0.25535832E+00 0.17036369E+00 0.11794560E+00 0.84542525E-01 0.61703203E-01 0.44936571E-01 0.32142277E-01 0.22370936E-01 0.15086473E-01 0.98419621E-02 0.61973252E-02 0.37348076E-02 0.20908921E-02 0.97498123E-03 0.20164799E-03 0.55096757E-03 0.12031128E-02 0.19399627E-02 0.28425423E-02 0.40030815E-02 0.55410385E-02 0.76284500E-02 0.10523392E-01 0.14609661E-01 0.20433799E-01 0.28717394E-01 0.40303130E-01 0.55976660E-01 0.76123431E-01 0.10028492E+00 0.12688958E+00 0.15357355E+00 0.17849982E+00 0.20474968E+00 0.25797236E+00 0.48421656E+00
0.16487730E+01 0.19246650E+01 0.21120367E+01 0.19246650E+01 0.16487730E+01 0.14675047E+01 0.13272787E+01 0.11712262E+01 0.96295692E+00 0.72356343E+00 0.50445017E+00 0.33736862E+00 0.22440108E+00 0.15269587E+00 0.10761312E+00 0.78110471E-01 0.57405348E-01 0.41928714E-01 0.30017748E-01 0.20901247E-01 0.14108953E-01 0.92235215E-02 0.58278400E-02 0.35271192E-02 0.19794093E-02 0.91089530E-03 0.11725340E-03 0.56529361E-03 0.12370155E-02 0.19938297E-02 0.29180321E-02 0.40998968E-02 0.56566404E-02 0.77577669E-02 0.10658269E-01 0.14737740E-01 0.20535822E-01 0.28760315E-01 0.40223740E-01 0.55647840E-01 0.75297747E-01 0.98526448E-01 0.12352669E+00 0.14767566E+00 0.16898753E+00 0.19295499E+00 0.27056348E+00 0.75582035E+00
0.13446531E+01 0.13842597E+01 0.13973197E+01 0.13842597E+01 0.13446531E+01 0.12751981E+01 0.11657053E+01 0.10039382E+01 0.79971928E+00 0.58996585E+00 0.41132424E+00 0.27925728E+00 0.19023064E+00 0.13281678E+00 0.95643458E-01 0.70422286E-01 0.52140021E-01 0.38190990E-01 0.27362242E-01 0.19062674E-01 0.12889054E-01 0.84571742E-02 0.53784695E-02 0.32876067E-02 0.18711792E-02 0.88306637E-03 0.20748428E-03 0.60114078E-03 0.12680148E-02 0.20401210E-02 0.29885795E-02 0.41999502E-02 0.57892321E-02 0.79238747E-02 0.10856181E-01 0.14961556E-01 0.20772649E-01 0.28985228E-01 0.40390918E-01 0.55675918E-01 0.75049105E-01 0.97786343E-01 0.12199248E+00 0.14494263E+00 0.16457956E+00 0.18776398E+00 0.28202248E+00 0.94312068E+00
0.11561415E+01 0.11946102E+01 0.12058432E+01 0.11946102E+01 0.11561415E+01 0.10801505E+01 0.95922760E+00 0.79873319E+00 0.62106270E+00 0.45517440E+00 0.32088941E+00 0.22318618E+00 0.15674310E+00 0.11271590E+00 0.83043638E-01 0.62010738E-01 0.46219339E-01 0.33929167E-01 0.24322751E-01 0.16963814E-01 0.11507986E-01 0.76045210E-02 0.48970972E-02 0.30544626E-02 0.17968910E-02 0.91393437E-03 0.35915274E-03 0.63985572E-03 0.12817882E-02 0.20643117E-02 0.30370306E-02 0.42804587E-02 0.59063844E-02 0.80791476E-02 0.11046677E-01 0.15177709E-01 0.20995267E-01 0.29182918E-01 0.40520289E-01 0.55688590E-01 0.74909661E-01 0.97500683E-01 0.12163941E+00 0.14471032E+00 0.16476616E+00 0.18791932E+00 0.27187504E+00 0.82309147E+00
0.92285569E+00 0.97134114E+00 0.98695460E+00 0.97134114E+00 0.92285569E+00 0.83936035E+00 0.72417619E+00 0.58977083E+00 0.45478521E+00 0.33603106E+00 0.24231180E+00 0.17401387E+00 0.12649760E+00 0.93740591E-01 0.70541373E-01 0.53298871E-01 0.39917190E-01 0.29338427E-01 0.21047039E-01 0.14721025E-01 0.10061030E-01 0.67469334E-02 0.44552867E-02 0.28905631E-02 0.18093369E-02 0.10389295E-02 0.55190543E-03 0.68155802E-03 0.12690084E-02 0.20539103E-02 0.30480579E-02 0.43214239E-02 0.59803433E-02 0.81835744E-02 0.11170985E-01 0.15299286E-01 0.21075177E-01 0.29164052E-01 0.40333905E-01 0.55278556E-01 0.74282082E-01 0.96790849E-01 0.12116349E+00 0.14498550E+00 0.16636491E+00 0.18900986E+00 0.24652471E+00 0.54074789E+00
0.66506538E+00 0.70921776E+00 0.72419935E+00 0.70921776E+00 0.66506538E+00 0.59507209E+00 0.50664289E+00 0.41088693E+00 0.31954804E+00 0.24122847E+00 0.17951710E+00 0.13366109E+00 0.10053586E+00 0.76502687E-01 0.58526316E-01 0.44559369E-01 0.33441430E-01 0.24588289E-01 0.17682556E-01 0.12471423E-01 0.86821184E-02 0.60159727E-02 0.41764534E-02 0.29016143E-02 0.19870503E-02 0.12990818E-02 0.81156911E-03 0.74764828E-03 0.12256902E-02 0.19975768E-02 0.30075597E-02 0.43055241E-02 0.59885158E-02 0.82061836E-02 0.11185285E-01 0.15263000E-01 0.20919417E-01 0.28789673E-01 0.39619880E-01 0.54116034E-01 0.72645974E-01 0.94837083E-01 0.11929281E+00 0.14380278E+00 0.16637065E+00 0.18814501E+00 0.22368172E+00 0.34104710E+00
0.44326277E+00 0.47448315E+00 0.48532739E+00 0.47448315E+00 0.44326277E+00 0.39561167E+00 0.33777292E+00 0.27708732E+00 0.22014858E+00 0.17126345E+00 0.13198893E+00 0.10171380E+00 0.78698850E-01 0.61012257E-01 0.47091756E-01 0.35920366E-01 0.26937558E-01 0.19844266E-01 0.14425547E-01 0.10447512E-01 0.76292635E-02 0.56663777E-02 0.42777610E-02 0.32454920E-02 0.24264571E-02 0.17422059E-02 0.11811965E-02 0.88774361E-03 0.11598391E-02 0.18855641E-02 0.29022731E-02 0.42178632E-02 0.59134770E-02 0.81254233E-02 0.11061891E-01 0.15032287E-01 0.20478136E-01 0.27988455E-01 0.38269139E-01 0.52022272E-01 0.69695594E-01 0.91120568E-01 0.11520018E+00 0.13996845E+00 0.16331454E+00 0.18462842E+00 0.20860814E+00 0.25427161E+00
0.28459513E+00 0.30358471E+00 0.31023505E+00 0.30358471E+00 0.28459513E+00 0.25597078E+00 0.22159626E+00 0.18564147E+00 0.15160877E+00 0.12170367E+00 0.96737093E-01 0.76469896E-01 0.60136741E-01 0.46903525E-01 0.36129465E-01 0.27425643E-01 0.20578117E-01 0.15423065E-01 0.11740499E-01 0.92098066E-02 0.74540703E-02 0.61427924E-02 0.50614313E-02 0.41047703E-02 0.32329495E-02 0.24350624E-02 0.17208213E-02 0.11737464E-02 0.11114282E-02 0.17130207E-02 0.27197032E-02 0.40455831E-02 0.57425733E-02 0.79286656E-02 0.10788576E-01 0.14596614E-01 0.19744595E-01 0.26759330E-01 0.36284849E-01 0.48993145E-01 0.65387118E-01 0.85496043E-01 0.10856447E+00 0.13297534E+00 0.15667769E+00 0.17818862E+00 0.19813610E+00 0.22130906E+00
0.18284629E+00 0.19361489E+00 0.19738468E+00 0.19361489E+00 0.18284629E+00 0.16656876E+00 0.14685580E+00 0.12587110E+00 0.10541260E+00 0.86649165E-01 0.70108589E-01 0.55858366E-01 0.43755621E-01 0.33651440E-01 0.25488862E-01 0.19286473E-01 0.15017273E-01 0.12419344E-01 0.10928063E-01 0.99155814E-02 0.89711786E-02 0.79390584E-02 0.68172936E-02 0.56624249E-02 0.45347316E-02 0.34759083E-02 0.25101729E-02 0.16783302E-02 0.11860319E-02 0.14922089E-02 0.24490069E-02 0.37773800E-02 0.54671200E-02 0.76108620E-02 0.10366159E-01 0.13967252E-01 0.18748200E-01 0.25160823E-01 0.33767530E-01 0.45180893E-01 0.59919722E-01 0.78172466E-01 0.99522761E-01 0.12279428E+00 0.14623202E+00 0.16811350E+00 0.18759548E+00 0.20538357E+00
0.12053829E+00 0.12664708E+00 0.12877153E+00 0.12664708E+00 0.12053829E+00 0.11117036E+00 0.99547308E-01 0.86721653E-01 0.73598031E-01 0.60835148E-01 0.48862911E-01 0.37982901E-01 0.28499623E-01 0.20842392E-01 0.15614201E-01 0.13239466E-01 0.13064669E-01 0.13633420E-01 0.13942126E-01 0.13643753E-01 0.12747513E-01 0.11407149E-01 0.98128909E-02 0.81368837E-02 0.65073911E-02 0.50014222E-02 0.36515096E-02 0.24700493E-02 0.15344036E-02 0.12930819E-02 0.20852529E-02 0.34031833E-02 0.50812977E-02 0.71725383E-02 0.98047798E-02 0.13170441E-01 0.17542414E-01 0.23290633E-01 0.30882426E-01 0.40845621E-01 0.53671193E-01 0.69643606E-01 0.88624719E-01 0.10988253E+00 0.13211184E+00 0.15375290E+00 0.17351987E+00 0.19082293E+00
0.82040083E-01 0.85768577E-01 0.87049517E-01 0.85768577E-01 0.82040083E-01 0.76178036E-01 0.68621627E-01 0.59847320E-01 0.50304903E-01 0.40403793E-01 0.30558516E-01 0.21310083E-01 0.13667554E-01 0.99912192E-02 0.11845059E-01 0.15665460E-01 0.18889360E-01 0.20814928E-01 0.21364040E-01 0.20703798E-01 0.19113098E-01 0.16908416E-01 0.14393353E-01 0.11823498E-01 0.93849720E-02 0.71872507E-02 0.52702166E-02 0.36253288E-02 0.22441893E-02 0.13236452E-02 0.16468947E-02 0.29147609E-02 0.45810122E-02 0.66175254E-02 0.91196413E-02 0.12239534E-01 0.16190639E-01 0.21261122E-01 0.27818623E-01 0.36290574E-01 0.47103224E-01 0.60568477E-01 0.76728810E-01 0.95208726E-01 0.11515989E+00 0.13538278E+00 0.15461683E+00 0.17184523E+00
