examples/topond/topo_urea.SURFGRHO
DSAA
 101 101
-0.75589045E+01  0.75589045E+01  0.15117809E+00
-0.75589045E+01  0.75589045E+01  0.15117809E+00
 0.00000000E+00  0.00000000E+00
[rows 44 to 65 of 101, columns 48 to 95 of 101]
0.53989293E-01 0.41670023E-01 0.37424707E-01 0.41670023E-01 0.53989293E-01 0.74488277E-01 0.10486375E+00 0.14769258E+00 0.20473915E+00 0.27449982E+00 0.34978769E+00 0.41734545E+00 0.46108775E+00 0.46766821E+00 0.43206595E+00 0.36658565E+00 0.31663545E+00 0.33735173E+00 0.40491476E+00 0.45975006E+00 0.47506692E+00 0.44902445E+00 0.39148883E+00 0.31783973E+00 0.24353639E+00 0.17927967E+00 0.12939262E+00 0.93342243E-01 0.68273774E-01 0.50946105E-01 0.38686393E-01 0.29633921E-01 0.22635622E-01 0.17037232E-01 0.12485819E-01 0.87831841E-02 0.57962217E-02 0.34166730E-02 0.15702928E-02 0.60927512E-03 0.14221508E-02 0.23309539E-02 0.30632343E-02 0.36094902E-02 0.39624165E-02 0.41067771E-02 0.40245498E-02 0.37037505E-02
0.69340365E-01 0.55631989E-01 0.51021233E-01 0.55631989E-01 0.69340365E-01 0.92657364E-01 0.12748116E+00 0.17627446E+00 0.23992512E+00 0.31482256E+00 0.39096929E+00 0.45413539E+00 0.49222030E+00 0.49981179E+00 0.47697105E+00 0.43261981E+00 0.39932485E+00 0.41451946E+00 0.46148565E+00 0.49845185E+00 0.50716558E+00 0.48492591E+00 0.43396586E+00 0.36277725E+00 0.28523064E+00 0.21431743E+00 0.15715372E+00 0.11478061E+00 0.84746006E-01 0.63639616E-01 0.48489540E-01 0.37186332E-01 0.28409951E-01 0.21403484E-01 0.15751369E-01 0.11213214E-01 0.76234744E-02 0.48531098E-02 0.28388889E-02 0.17541306E-02 0.19101086E-02 0.26476428E-02 0.34055852E-02 0.40523620E-02 0.45522110E-02 0.48844400E-02 0.50347781E-02 0.50031399E-02
0.90475848E-01 0.75010967E-01 0.69873722E-01 0.75010967E-01 0.90475848E-01 0.11703212E+00 0.15660484E+00 0.21115313E+00 0.27994162E+00 0.35637020E+00 0.42784961E+00 0.48271003E+00 0.52102032E+00 0.55822870E+00 0.62150197E+00 0.74446354E+00 0.87597315E+00 0.85038531E+00 0.70783376E+00 0.60374529E+00 0.55141674E+00 0.51541448E+00 0.47061976E+00 0.40715123E+00 0.33108004E+00 0.25581928E+00 0.19177584E+00 0.14250245E+00 0.10656661E+00 0.80681351E-01 0.61698457E-01 0.47311504E-01 0.36054101E-01 0.27070144E-01 0.19873738E-01 0.14167876E-01 0.97391339E-02 0.64299436E-02 0.41957810E-02 0.32068000E-02 0.34684332E-02 0.43637214E-02 0.54206757E-02 0.64744287E-02 0.74630560E-02 0.83482572E-02 0.90995106E-02 0.96963183E-02
0.11782831E+00 0.10032667E+00 0.94515732E-01 0.10032667E+00 0.11782831E+00 0.14773435E+00 0.19167362E+00 0.25067111E+00 0.32181093E+00 0.39530381E+00 0.45758532E+00 0.50495886E+00 0.56333897E+00 0.72409462E+00 0.13198527E+01 0.30540459E+01 0.51603712E+01 0.46823344E+01 0.23964449E+01 0.10528384E+01 0.65710179E+00 0.55034624E+00 0.50115805E+00 0.44730481E+00 0.37728075E+00 0.30112701E+00 0.23184591E+00 0.17600546E+00 0.13377132E+00 0.10236346E+00 0.78684179E-01 0.60361229E-01 0.45854729E-01 0.34245227E-01 0.24987364E-01 0.17722004E-01 0.12176259E-01 0.81624889E-02 0.56800929E-02 0.49219384E-02 0.56243891E-02 0.70269088E-02 0.86727920E-02 0.10389671E-01 0.12094883E-01 0.13724167E-01 0.15216665E-01 0.16516788E-01
0.15040742E+00 0.13078073E+00 0.12419240E+00 0.13078073E+00 0.15040742E+00 0.18326826E+00 0.23024547E+00 0.29110110E+00 0.36069020E+00 0.42679755E+00 0.47728986E+00 0.52146148E+00 0.63366809E+00 0.12133105E+01 0.46719524E+01 0.18138195E+02 0.39979235E+02 0.34465758E+02 0.12646958E+02 0.29942898E+01 0.92619776E+00 0.59760904E+00 0.52450499E+00 0.47863566E+00 0.41808963E+00 0.34521343E+00 0.27377842E+00 0.21307250E+00 0.16513646E+00 0.12807815E+00 0.99181738E-01 0.76243978E-01 0.57794902E-01 0.42931337E-01 0.31087316E-01 0.21853755E-01 0.14899062E-01 0.10021009E-01 0.73174313E-02 0.69925825E-02 0.84035133E-02 0.10586230E-01 0.13073564E-01 0.15686447E-01 0.18323337E-01 0.20893328E-01 0.23302853E-01 0.25457675E-01
0.18517387E+00 0.16363299E+00 0.15623759E+00 0.16363299E+00 0.18517387E+00 0.21991547E+00 0.26749184E+00 0.32632035E+00 0.38962708E+00 0.44421039E+00 0.48099970E+00 0.52267351E+00 0.71058901E+00 0.21702875E+01 0.13646760E+02 0.83553075E+02 0.30108499E+03 0.23004751E+03 0.49865550E+02 0.77965329E+01 0.13904645E+01 0.63929528E+00 0.53196220E+00 0.49366873E+00 0.44562321E+00 0.38085158E+00 0.31200453E+00 0.24996346E+00 0.19833676E+00 0.15637743E+00 0.12224041E+00 0.94310915E-01 0.71429590E-01 0.52821131E-01 0.37952182E-01 0.26391123E-01 0.17766685E-01 0.11908693E-01 0.91129402E-02 0.95223011E-02 0.11929474E-01 0.15157788E-01 0.18738632E-01 0.22494441E-01 0.26312762E-01 0.30082278E-01 0.33678273E-01 0.36961226E-01
0.21734249E+00 0.19458797E+00 0.18649499E+00 0.19458797E+00 0.21734249E+00 0.25198029E+00 0.29650831E+00 0.34829902E+00 0.40010867E+00 0.43929748E+00 0.45962819E+00 0.49022009E+00 0.70722851E+00 0.27391246E+01 0.20606181E+02 0.16550403E+03 0.13600945E+04 0.72213639E+03 0.89928894E+02 0.11226797E+02 0.16314055E+01 0.62395379E+00 0.50823391E+00 0.48296593E+00 0.45116621E+00 0.40021949E+00 0.34088783E+00 0.28358725E+00 0.23199832E+00 0.18648552E+00 0.14706759E+00 0.11369527E+00 0.85962817E-01 0.63280435E-01 0.45109032E-01 0.30981874E-01 0.20511935E-01 0.13652739E-01 0.11056462E-01 0.12608274E-01 0.16326302E-01 0.20877634E-01 0.25828404E-01 0.31027489E-01 0.36375907E-01 0.41761635E-01 0.47034289E-01 0.51990596E-01
0.24241871E+00 0.22013337E+00 0.21178601E+00 0.22013337E+00 0.24241871E+00 0.27353929E+00 0.30997083E+00 0.34891617E+00 0.38422882E+00 0.40523323E+00 0.40727397E+00 0.41684156E+00 0.57468225E+00 0.20121989E+01 0.13504827E+02 0.83515410E+02 0.30115775E+03 0.23000822E+03 0.49727946E+02 0.76468551E+01 0.12579968E+01 0.52874387E+00 0.44742416E+00 0.44100385E+00 0.42783281E+00 0.39694762E+00 0.35772610E+00 0.31578611E+00 0.27028882E+00 0.22199781E+00 0.17532744E+00 0.13443342E+00 0.10068703E+00 0.73494416E-01 0.51880233E-01 0.35111303E-01 0.22751175E-01 0.15022229E-01 0.13147702E-01 0.16337310E-01 0.21695264E-01 0.27871947E-01 0.34534913E-01 0.41615108E-01 0.49083193E-01 0.56869308E-01 0.64804580E-01 0.72573312E-01
0.25975601E+00 0.24226722E+00 0.23523972E+00 0.24226722E+00 0.25975601E+00 0.28114500E+00 0.30254081E+00 0.32255254E+00 0.33797407E+00 0.34153298E+00 0.32985377E+00 0.32362839E+00 0.40708090E+00 0.98750851E+00 0.45050692E+01 0.18131598E+02 0.40127505E+02 0.34554992E+02 0.12575662E+02 0.28329305E+01 0.73786691E+00 0.41186727E+00 0.36808134E+00 0.37163740E+00 0.37048725E+00 0.36450722E+00 0.36300695E+00 0.35577296E+00 0.32630910E+00 0.27408395E+00 0.21342662E+00 0.15875244E+00 0.11559349E+00 0.82739167E-01 0.57515525E-01 0.38178232E-01 0.24034803E-01 0.15786159E-01 0.15441603E-01 0.20791107E-01 0.28119689E-01 0.36281021E-01 0.45151577E-01 0.54852616E-01 0.65534178E-01 0.77246899E-01 0.89806212E-01 0.10267380E+00
0.27861827E+00 0.28100339E+00 0.28239896E+00 0.28100339E+00 0.27861827E+00 0.27603361E+00 0.27206898E+00 0.26760046E+00 0.26377813E+00 0.25846304E+00 0.25108648E+00 0.25715547E+00 0.31716470E+00 0.51996364E+00 0.12087656E+01 0.30994114E+01 0.53377807E+01 0.48417389E+01 0.24237558E+01 0.95796103E+00 0.49114001E+00 0.35275094E+00 0.30998981E+00 0.28968993E+00 0.27313521E+00 0.29198592E+00 0.35447231E+00 0.40920346E+00 0.41130846E+00 0.35494442E+00 0.26956556E+00 0.19006131E+00 0.13121785E+00 0.90495263E-01 0.61336362E-01 0.39610658E-01 0.23932869E-01 0.15824249E-01 0.18095262E-01 0.26056948E-01 0.35690531E-01 0.46319723E-01 0.58195650E-01 0.71820292E-01 0.87714819E-01 0.10618031E+00 0.12700524E+00 0.14920868E+00
0.35144913E+00 0.45427493E+00 0.50703268E+00 0.45427493E+00 0.35144913E+00 0.27075644E+00 0.21918634E+00 0.18560813E+00 0.17215663E+00 0.18252860E+00 0.21268206E+00 0.25928330E+00 0.32581799E+00 0.42402457E+00 0.58340105E+00 0.83375602E+00 0.10620135E+01 0.10287441E+01 0.78927908E+00 0.57749615E+00 0.44831999E+00 0.36870127E+00 0.30700223E+00 0.23208789E+00 0.14327942E+00 0.16677978E+00 0.30477315E+00 0.43347328E+00 0.49505838E+00 0.45345800E+00 0.34130340E+00 0.22756591E+00 0.14683901E+00 0.96087166E-01 0.62787023E-01 0.38979497E-01 0.22135182E-01 0.15307431E-01 0.21374354E-01 0.32235122E-01 0.44539910E-01 0.58345980E-01 0.74526891E-01 0.94272315E-01 0.11878150E+00 0.14880239E+00 0.18404021E+00 0.22264377E+00
0.84739249E+00 0.15996878E+01 0.20162737E+01 0.15996878E+01 0.84739249E+00 0.36272183E+00 0.15953424E+00 0.79455071E-01 0.94996913E-01 0.16104446E+00 0.23456583E+00 0.30603718E+00 0.37257393E+00 0.43475203E+00 0.49532429E+00 0.55356378E+00 0.59499414E+00 0.59858150E+00 0.56587701E+00 0.51701181E+00 0.46486553E+00 0.41050384E+00 0.34512509E+00 0.25234395E+00 0.12879105E+00 0.51570089E-01 0.14641892E+00 0.32227851E+00 0.50107675E+00 0.52563136E+00 0.40549199E+00 0.26061653E+00 0.15838168E+00 0.98172667E-01 0.61419115E-01 0.36082611E-01 0.18543542E-01 0.14939929E-01 0.25580328E-01 0.39430950E-01 0.54856240E-01 0.72883791E-01 0.95364574E-01 0.12462911E+00 0.16299518E+00 0.21188354E+00 0.27066179E+00 0.33570370E+00
0.35287077E+01 0.82316373E+01 0.11216871E+02 0.82316373E+01 0.35287077E+01 0.10193028E+01 0.23362969E+00 0.47549687E-01 0.11905041E+00 0.20188115E+00 0.27836522E+00 0.34679843E+00 0.40376294E+00 0.44728033E+00 0.47825038E+00 0.49933544E+00 0.51241891E+00 0.51721514E+00 0.51248559E+00 0.49720774E+00 0.47053567E+00 0.43183026E+00 0.38039383E+00 0.31940664E+00 0.27319551E+00 0.25331471E+00 0.16350186E+00 0.19883562E+00 0.47082219E+00 0.55077677E+00 0.43246222E+00 0.27237133E+00 0.15955220E+00 0.95088679E-01 0.57006002E-01 0.31007765E-01 0.13365568E-01 0.15975530E-01 0.30919055E-01 0.47720597E-01 0.66846862E-01 0.90534870E-01 0.12208618E+00 0.16556587E+00 0.22491348E+00 0.30222891E+00 0.39557068E+00 0.49751991E+00
0.13004921E+02 0.40912165E+02 0.65686227E+02 0.40912165E+02 0.13004921E+02 0.30275005E+01 0.58632021E+00 0.18673649E+00 0.19767695E+00 0.25206348E+00 0.30782993E+00 0.35822265E+00 0.39897428E+00 0.42789124E+00 0.44567211E+00 0.45541680E+00 0.46078748E+00 0.46374491E+00 0.46336768E+00 0.45663896E+00 0.44059902E+00 0.41476245E+00 0.38338641E+00 0.35981725E+00 0.37014618E+00 0.41310754E+00 0.42643909E+00 0.44192942E+00 0.53678015E+00 0.53983190E+00 0.40678193E+00 0.25277399E+00 0.14689556E+00 0.86273406E-01 0.49834644E-01 0.24182111E-01 0.74606193E-02 0.19348254E-01 0.37392498E-01 0.57087816E-01 0.80624914E-01 0.11173498E+00 0.15572745E+00 0.21903153E+00 0.30747619E+00 0.42294335E+00 0.55944061E+00 0.70188854E+00
0.32840943E+02 0.15637293E+03 0.38609349E+03 0.15637293E+03 0.32840943E+02 0.60570951E+01 0.10664842E+01 0.31310035E+00 0.25789901E+00 0.28021958E+00 0.31106942E+00 0.33944609E+00 0.36128610E+00 0.37552854E+00 0.38323225E+00 0.38671757E+00 0.38843532E+00 0.38967999E+00 0.38984185E+00 0.38680775E+00 0.37842092E+00 0.36461888E+00 0.35018153E+00 0.34795710E+00 0.37749870E+00 0.44125656E+00 0.50367351E+00 0.53801796E+00 0.53714067E+00 0.46464976E+00 0.33291314E+00 0.20786053E+00 0.12357568E+00 0.73252012E-01 0.40857827E-01 0.16409833E-01 0.55918137E-02 0.24789578E-01 0.44767278E-01 0.67342760E-01 0.96031563E-01 0.13637733E+00 0.19622396E+00 0.28476618E+00 0.40916850E+00 0.56829152E+00 0.74679530E+00 0.91754150E+00
0.40755996E+02 0.23203470E+03 0.91946945E+03 0.23203470E+03 0.40755996E+02 0.70722881E+01 0.12607787E+01 0.37778217E+00 0.28059585E+00 0.27944535E+00 0.29050210E+00 0.30011537E+00 0.30511995E+00 0.30598908E+00 0.30453364E+00 0.30260125E+00 0.30150471E+00 0.30171466E+00 0.30272171E+00 0.30323401E+00 0.30180570E+00 0.29802302E+00 0.29447924E+00 0.29883601E+00 0.32219280E+00 0.36746389E+00 0.41604117E+00 0.43788726E+00 0.41202395E+00 0.33715287E+00 0.24010068E+00 0.15559547E+00 0.97084386E-01 0.58831722E-01 0.31454641E-01 0.92084251E-02 0.11627939E-01 0.31369096E-01 0.52604327E-01 0.78050715E-01 0.11245328E+00 0.16342473E+00 0.24164357E+00 0.35888372E+00 0.52171742E+00 0.72101375E+00 0.92627249E+00 0.11004467E+01
0.22079524E+02 0.84479610E+02 0.15518386E+03 0.84479610E+02 0.22079524E+02 0.47032024E+01 0.98637219E+00 0.35933105E+00 0.26898472E+00 0.25717562E+00 0.25581065E+00 0.25240914E+00 0.24531003E+00 0.23634852E+00 0.22799420E+00 0.22192865E+00 0.21882404E+00 0.21860895E+00 0.22070997E+00 0.22417803E+00 0.22784033E+00 0.23075685E+00 0.23326517E+00 0.23817753E+00 0.25003018E+00 0.27005117E+00 0.28983642E+00 0.29332935E+00 0.26884648E+00 0.21961893E+00 0.16193827E+00 0.11150568E+00 0.73557851E-01 0.45408881E-01 0.23063402E-01 0.71811914E-02 0.18971799E-01 0.38168563E-01 0.60317668E-01 0.88510745E-01 0.12873244E+00 0.19071907E+00 0.28786316E+00 0.43356019E+00 0.63072674E+00 0.85710309E+00 0.10669114E+01 0.12315303E+01
0.70497273E+01 0.18234869E+02 0.26544373E+02 0.18234869E+02 0.70497273E+01 0.19860839E+01 0.58882318E+00 0.30192564E+00 0.24359315E+00 0.22857226E+00 0.21908764E+00 0.20692373E+00 0.19202430E+00 0.17701505E+00 0.16456562E+00 0.15614863E+00 0.15201913E+00 0.15172512E+00 0.15453500E+00 0.15957177E+00 0.16578117E+00 0.17201106E+00 0.17743515E+00 0.18217010E+00 0.18718905E+00 0.19257957E+00 0.19522663E+00 0.18932144E+00 0.17093328E+00 0.14218011E+00 0.10985617E+00 0.80066598E-01 0.55031372E-01 0.34182588E-01 0.17082617E-01 0.11990531E-01 0.25772424E-01 0.44439320E-01 0.67253402E-01 0.97820894E-01 0.14326593E+00 0.21519233E+00 0.32910925E+00 0.49860160E+00 0.72018933E+00 0.95681717E+00 0.11572147E+01 0.13338115E+01
0.16829419E+01 0.34326941E+01 0.44649976E+01 0.34326941E+01 0.16829419E+01 0.68855161E+00 0.35955860E+00 0.26232163E+00 0.22700333E+00 0.20789351E+00 0.19044615E+00 0.17100453E+00 0.15060396E+00 0.13191110E+00 0.11725871E+00 0.10773425E+00 0.10321884E+00 0.10291858E+00 0.10587819E+00 0.11117596E+00 0.11785726E+00 0.12485585E+00 0.13109866E+00 0.13578004E+00 0.13849502E+00 0.13886136E+00 0.13588481E+00 0.12807512E+00 0.11471706E+00 0.96989570E-01 0.77438805E-01 0.58361941E-01 0.40896378E-01 0.25527298E-01 0.14617081E-01 0.17565762E-01 0.31428631E-01 0.49610175E-01 0.72790063E-01 0.10503906E+00 0.15432049E+00 0.23352748E+00 0.35936117E+00 0.54439777E+00 0.77815696E+00 0.10120902E+01 0.12023383E+01 0.14310509E+01
0.41848946E+00 0.56218130E+00 0.65132293E+00 0.56218130E+00 0.41848946E+00 0.33705858E+00 0.29099242E+00 0.25601899E+00 0.22720774E+00 0.20094401E+00 0.17464143E+00 0.14811022E+00 0.12297696E+00 0.10141420E+00 0.85080386E-01 0.74631605E-01 0.69687213E-01 0.69163075E-01 0.71814642E-01 0.76578181E-01 0.82556248E-01 0.88870593E-01 0.94606334E-01 0.98898032E-01 0.10105744E+00 0.10059678E+00 0.97149621E-01 0.90500866E-01 0.80831352E-01 0.68895120E-01 0.55809726E-01 0.42620941E-01 0.30130878E-01 0.19526416E-01 0.15149714E-01 0.22088569E-01 0.35635357E-01 0.53298560E-01 0.76449077E-01 0.10940263E+00 0.16048336E+00 0.24306909E+00 0.37405598E+00 0.56462506E+00 0.79944063E+00 0.10242229E+01 0.12052640E+01 0.14873149E+01
0.24611809E+00 0.14719032E+00 0.34274741E-01 0.14719032E+00 0.24611809E+00 0.29044847E+00 0.29239544E+00 0.27121334E+00 0.24017227E+00 0.20571107E+00 0.17091989E+00 0.13794865E+00 0.10865719E+00 0.84461277E-01 0.66192467E-01 0.54133021E-01 0.47953667E-01 0.46577739E-01 0.48491734E-01 0.52351123E-01 0.57189557E-01 0.62261701E-01 0.66879193E-01 0.70376778E-01 0.72174740E-01 0.71858754E-01 0.69228813E-01 0.64326079E-01 0.57450708E-01 0.49131411E-01 0.40014344E-01 0.30751928E-01 0.22128093E-01 0.16014769E-01 0.16752017E-01 0.25209685E-01 0.38283977E-01 0.55324529E-01 0.77986959E-01 0.11053034E+00 0.16107751E+00 0.24261601E+00 0.37134868E+00 0.55742953E+00 0.78451853E+00 0.99797782E+00 0.11637879E+01 0.14241100E+01
0.27238075E+00 0.19164860E+00 0.13645747E+00 0.19164860E+00 0.27238075E+00 0.31836884E+00 0.32426526E+00 0.30154383E+00 0.26343659E+00 0.21982356E+00 0.17691867E+00 0.13822887E+00 0.10541472E+00 0.78948003E-01 0.58693332E-01 0.44382669E-01 0.35797572E-01 0.32409244E-01 0.32890911E-01 0.35573438E-01 0.39201778E-01 0.42996950E-01 0.46412434E-01 0.48986485E-01 0.50323717E-01 0.50139846E-01 0.48312016E-01 0.44903627E-01 0.40152966E-01 0.34426923E-01 0.28163720E-01 0.21887108E-01 0.16524138E-01 0.14352278E-01 0.18093260E-01 0.26932949E-01 0.39428571E-01 0.55707460E-01 0.77437395E-01 0.10852587E+00 0.15636857E+00 0.23277410E+00 0.35251302E+00 0.52522933E+00 0.73734442E+00 0.93882647E+00 0.10850959E+01 0.12535102E+01
