examples/topond/topo_urea.SURFELFB
DSAA
 101 101
-0.75589045E+01  0.75589045E+01  0.15117809E+00
-0.75589045E+01  0.75589045E+01  0.15117809E+00
 0.00000000E+00  0.00000000E+00
[rows 22 to 43 of 101, columns 0 to 47 of 101]
0.99322834E+00 0.99772636E+00 0.97904296E+00 0.55449336E+00 0.61622190E-01 0.42981507E-01 0.11271471E+00 0.22896635E+00 0.30480590E+00 0.32382851E+00 0.31557860E+00 0.29543142E+00 0.26803777E+00 0.23630176E+00 0.20308395E+00 0.17062361E+00 0.14014420E+00 0.11195655E+00 0.85833821E-01 0.61571273E-01 0.39756391E-01 0.22178213E-01 0.10578778E-01 0.45850314E-02 0.20769591E-02 0.11753164E-02 0.96026739E-03 0.11779206E-02 0.19982217E-02 0.40939831E-02 0.91166767E-02 0.20878354E-01 0.47459416E-01 0.10253618E+00 0.19940938E+00 0.33389712E+00 0.47778693E+00 0.60222684E+00 0.69745610E+00 0.76716593E+00 0.81714964E+00 0.85110061E+00 0.87170878E+00 0.88201908E+00 0.88479494E+00 0.88142395E+00 0.87214243E+00 0.85735041E+00
0.56543272E+00 0.68562375E+00 0.42498647E+00 0.10575188E+00 0.45818634E-01 0.80777190E-01 0.18453225E+00 0.29682881E+00 0.35072458E+00 0.35652159E+00 0.34113416E+00 0.31536822E+00 0.28274544E+00 0.24615332E+00 0.20861320E+00 0.17253863E+00 0.13928414E+00 0.10920050E+00 0.82015088E-01 0.57469475E-01 0.36144686E-01 0.19699789E-01 0.93637197E-02 0.42193934E-02 0.20985483E-02 0.13564104E-02 0.12551927E-02 0.16216911E-02 0.25799253E-02 0.44491214E-02 0.78996170E-02 0.14548852E-01 0.28079035E-01 0.55916576E-01 0.11014422E+00 0.20259848E+00 0.33074887E+00 0.47052182E+00 0.59442659E+00 0.69073095E+00 0.76093252E+00 0.80986730E+00 0.84153513E+00 0.85943925E+00 0.86708475E+00 0.86742357E+00 0.86246876E+00 0.85385149E+00
0.76910195E-01 0.86798689E-01 0.68730870E-01 0.59898702E-01 0.90355482E-01 0.17665412E+00 0.29174988E+00 0.37048547E+00 0.39384688E+00 0.38486391E+00 0.36103442E+00 0.32830827E+00 0.28946728E+00 0.24761360E+00 0.20598656E+00 0.16707655E+00 0.13216748E+00 0.10143007E+00 0.74394637E-01 0.50700089E-01 0.30907202E-01 0.16428104E-01 0.78335957E-02 0.37362313E-02 0.20954883E-02 0.15944371E-02 0.17227139E-02 0.24197195E-02 0.37275379E-02 0.55485579E-02 0.79189734E-02 0.11513872E-01 0.17949481E-01 0.30432712E-01 0.55069116E-01 0.10190562E+00 0.18219429E+00 0.29790466E+00 0.43201923E+00 0.55820515E+00 0.66007559E+00 0.73495279E+00 0.78632427E+00 0.81866106E+00 0.83631226E+00 0.84336974E+00 0.84336444E+00 0.83920647E+00
0.10111564E+00 0.95893080E-01 0.10806655E+00 0.14633283E+00 0.21991032E+00 0.31431353E+00 0.38975720E+00 0.42189474E+00 0.41958979E+00 0.39877731E+00 0.36727829E+00 0.32810113E+00 0.28396957E+00 0.23830269E+00 0.19442059E+00 0.15463774E+00 0.11991320E+00 0.90077686E-01 0.64434342E-01 0.42580321E-01 0.25086302E-01 0.13029049E-01 0.63069397E-02 0.32550234E-02 0.21143906E-02 0.19397684E-02 0.24973070E-02 0.39145037E-02 0.60856683E-02 0.82395993E-02 0.98952708E-02 0.11588002E-01 0.14347533E-01 0.19572850E-01 0.29650066E-01 0.49027257E-01 0.85316902E-01 0.14855042E+00 0.24500403E+00 0.36709215E+00 0.49312902E+00 0.60223053E+00 0.68533124E+00 0.74294386E+00 0.77940440E+00 0.79982486E+00 0.80905201E+00 0.81130502E+00
0.25605403E+00 0.24745964E+00 0.26628912E+00 0.30956837E+00 0.36583311E+00 0.41456646E+00 0.43933417E+00 0.43917146E+00 0.42177302E+00 0.39309413E+00 0.35587821E+00 0.31230252E+00 0.26539897E+00 0.21871816E+00 0.17533119E+00 0.13707773E+00 0.10442787E+00 0.76867120E-01 0.53580303E-01 0.34252581E-01 0.19489029E-01 0.99604531E-02 0.49892834E-02 0.28669241E-02 0.22186718E-02 0.24993962E-02 0.38695910E-02 0.68712109E-02 0.11205293E-01 0.14726445E-01 0.16021444E-01 0.16042418E-01 0.16243182E-01 0.17638565E-01 0.21184819E-01 0.28420549E-01 0.42232489E-01 0.67771312E-01 0.11281197E+00 0.18532935E+00 0.28634902E+00 0.40344519E+00 0.51592248E+00 0.60803737E+00 0.67481706E+00 0.71873317E+00 0.74502233E+00 0.75910932E+00
0.39148233E+00 0.38720334E+00 0.39636249E+00 0.41464297E+00 0.43309194E+00 0.44282279E+00 0.43985184E+00 0.42498933E+00 0.40027764E+00 0.36714858E+00 0.32703987E+00 0.28227960E+00 0.23605498E+00 0.19163882E+00 0.15150552E+00 0.11685595E+00 0.87695843E-01 0.63311417E-01 0.42951718E-01 0.26512322E-01 0.14605987E-01 0.74508127E-02 0.39727614E-02 0.26326372E-02 0.24968608E-02 0.34923876E-02 0.64860414E-02 0.13057066E-01 0.22887409E-01 0.30927136E-01 0.33034592E-01 0.30769668E-01 0.27359384E-01 0.24725758E-01 0.23697208E-01 0.24802279E-01 0.28854216E-01 0.37472053E-01 0.53721382E-01 0.82754041E-01 0.13150136E+00 0.20541824E+00 0.30194598E+00 0.40719755E+00 0.50314296E+00 0.57836828E+00 0.63091390E+00 0.66440519E+00
0.42196017E+00 0.42119833E+00 0.42276060E+00 0.42492224E+00 0.42450642E+00 0.41868398E+00 0.40595203E+00 0.38583557E+00 0.35836559E+00 0.32414433E+00 0.28468673E+00 0.24244297E+00 0.20032196E+00 0.16095027E+00 0.12606012E+00 0.96278033E-01 0.71326668E-01 0.50500021E-01 0.33278688E-01 0.19820415E-01 0.10656533E-01 0.55557837E-02 0.32748329E-02 0.26024116E-02 0.30964900E-02 0.53789901E-02 0.11803461E-01 0.26535466E-01 0.50069247E-01 0.71739804E-01 0.80026299E-01 0.75347887E-01 0.64459724E-01 0.52857138E-01 0.43266319E-01 0.36606268E-01 0.33036867E-01 0.32664764E-01 0.36030733E-01 0.44566989E-01 0.61127496E-01 0.90361482E-01 0.13790674E+00 0.20679928E+00 0.29206660E+00 0.38009813E+00 0.45643299E+00 0.51350684E+00
0.38362011E+00 0.38399710E+00 0.38312680E+00 0.38043898E+00 0.37480435E+00 0.36498542E+00 0.34996307E+00 0.32911986E+00 0.30242778E+00 0.27064503E+00 0.23536073E+00 0.19875959E+00 0.16314172E+00 0.13038796E+00 0.10160084E+00 0.77047660E-01 0.56385928E-01 0.39088755E-01 0.24960696E-01 0.14376794E-01 0.76657911E-02 0.42287780E-02 0.28830645E-02 0.28501255E-02 0.43038806E-02 0.91517678E-02 0.23046185E-01 0.55989526E-01 0.11058714E+00 0.16614040E+00 0.19716895E+00 0.19794413E+00 0.17706297E+00 0.14589523E+00 0.11359811E+00 0.85780628E-01 0.64716204E-01 0.50433432E-01 0.42019349E-01 0.38617037E-01 0.40033426E-01 0.47149263E-01 0.62270475E-01 0.89142119E-01 0.13161106E+00 0.19000898E+00 0.25751990E+00 0.32193371E+00
0.31686990E+00 0.31744054E+00 0.31616233E+00 0.31274283E+00 0.30655521E+00 0.29683019E+00 0.28288941E+00 0.26438024E+00 0.24147235E+00 0.21495616E+00 0.18618332E+00 0.15683280E+00 0.12855948E+00 0.10264773E+00 0.79801871E-01 0.60145353E-01 0.43425980E-01 0.29386319E-01 0.18154395E-01 0.10193779E-01 0.55382303E-02 0.33823145E-02 0.27950641E-02 0.35261481E-02 0.67120690E-02 0.16926103E-01 0.46774289E-01 0.11642255E+00 0.22676872E+00 0.33770990E+00 0.41043619E+00 0.43670703E+00 0.42340925E+00 0.37978337E+00 0.31607300E+00 0.24450462E+00 0.17745439E+00 0.12342807E+00 0.84986016E-01 0.60297837E-01 0.46036585E-01 0.39371155E-01 0.38770266E-01 0.44196005E-01 0.57045482E-01 0.79563676E-01 0.11293554E+00 0.15420741E+00
0.24342896E+00 0.24391399E+00 0.24283100E+00 0.23998311E+00 0.23494412E+00 0.22718843E+00 0.21626225E+00 0.20195698E+00 0.18444242E+00 0.16432037E+00 0.14257063E+00 0.12038535E+00 0.98928669E-01 0.79101151E-01 0.61400156E-01 0.45935384E-01 0.32614750E-01 0.21463203E-01 0.12848311E-01 0.71565572E-02 0.41216387E-02 0.29347326E-02 0.30570867E-02 0.49491883E-02 0.11541075E-01 0.32853619E-01 0.93693173E-01 0.22230323E+00 0.39640176E+00 0.54803402E+00 0.64432218E+00 0.69159520E+00 0.70226649E+00 0.68283518E+00 0.63434285E+00 0.55633948E+00 0.45292822E+00 0.33769732E+00 0.23065561E+00 0.14739352E+00 0.91895927E-01 0.59161026E-01 0.41768309E-01 0.33985453E-01 0.32678444E-01 0.36802816E-01 0.46512354E-01 0.61762143E-01
0.17732609E+00 0.17763582E+00 0.17694299E+00 0.17510209E+00 0.17179415E+00 0.16661485E+00 0.15919384E+00 0.14932051E+00 0.13704778E+00 0.12274446E+00 0.10706982E+00 0.90860544E-01 0.74955083E-01 0.60018259E-01 0.46441022E-01 0.34369592E-01 0.23882741E-01 0.15243493E-01 0.89160976E-02 0.50768068E-02 0.32601200E-02 0.28447942E-02 0.38144615E-02 0.77684797E-02 0.21108819E-01 0.63528557E-01 0.17357613E+00 0.36570279E+00 0.57083476E+00 0.71780297E+00 0.80243665E+00 0.84605194E+00 0.86490646E+00 0.86681823E+00 0.85329269E+00 0.82079234E+00 0.76174236E+00 0.66769498E+00 0.53700753E+00 0.38479139E+00 0.24297293E+00 0.13934200E+00 0.77866160E-01 0.46135638E-01 0.31165741E-01 0.25069210E-01 0.24083639E-01 0.26551940E-01
0.12605217E+00 0.12620288E+00 0.12586279E+00 0.12491482E+00 0.12309668E+00 0.12006110E+00 0.11546266E+00 0.10905795E+00 0.10079748E+00 0.90881323E-01 0.79750120E-01 0.68000829E-01 0.56250468E-01 0.45003057E-01 0.34583443E-01 0.25186040E-01 0.17042010E-01 0.10565123E-01 0.61564092E-02 0.37442922E-02 0.28335352E-02 0.31430019E-02 0.53932844E-02 0.13198021E-01 0.39035559E-01 0.11509882E+00 0.28111726E+00 0.50851692E+00 0.70159326E+00 0.82053516E+00 0.88428923E+00 0.91731331E+00 0.93436433E+00 0.94261862E+00 0.94446840E+00 0.93884759E+00 0.92160230E+00 0.88509177E+00 0.81805617E+00 0.70713333E+00 0.54536977E+00 0.35647526E+00 0.19686751E+00 0.99006148E-01 0.50626823E-01 0.28948343E-01 0.19619151E-01 0.15947472E-01
0.90147261E-01 0.90203992E-01 0.90072633E-01 0.89656802E-01 0.88737239E-01 0.87015142E-01 0.84179082E-01 0.79987335E-01 0.74347599E-01 0.67367196E-01 0.59348321E-01 0.50721504E-01 0.41940786E-01 0.33388607E-01 0.25344138E-01 0.18052297E-01 0.11859684E-01 0.72129656E-02 0.43318916E-02 0.29724795E-02 0.27851406E-02 0.39744739E-02 0.84235449E-02 0.23148928E-01 0.68861765E-01 0.18522013E+00 0.39020929E+00 0.61617929E+00 0.78107681E+00 0.87506041E+00 0.92385187E+00 0.94941234E+00 0.96405341E+00 0.97349023E+00 0.97935735E+00 0.98135956E+00 0.97840357E+00 0.96766338E+00 0.94326474E+00 0.89585483E+00 0.80969790E+00 0.66139060E+00 0.45102237E+00 0.24603932E+00 0.11480491E+00 0.52279681E-01 0.26059376E-01 0.15254719E-01
0.66233576E-01 0.66256740E-01 0.66200743E-01 0.65989301E-01 0.65447819E-01 0.64335910E-01 0.62399304E-01 0.59435209E-01 0.55355681E-01 0.50226320E-01 0.44260795E-01 0.37769023E-01 0.31081225E-01 0.24488585E-01 0.18244644E-01 0.12644082E-01 0.80897090E-02 0.49407822E-02 0.32113877E-02 0.26319926E-02 0.31476564E-02 0.56685962E-02 0.13948997E-01 0.39698773E-01 0.11005360E+00 0.25838479E+00 0.47378865E+00 0.68115699E+00 0.82316082E+00 0.90225668E+00 0.94299098E+00 0.96464579E+00 0.97781277E+00 0.98677017E+00 0.99222709E+00 0.99457167E+00 0.99447850E+00 0.99145924E+00 0.98270228E+00 0.96301244E+00 0.92490594E+00 0.85190512E+00 0.71219575E+00 0.49130309E+00 0.26136971E+00 0.11422077E+00 0.47588409E-01 0.21559491E-01
0.50309618E-01 0.50335060E-01 0.50275317E-01 0.50074103E-01 0.49602711E-01 0.48684360E-01 0.47133071E-01 0.44802124E-01 0.41629869E-01 0.37665939E-01 0.33064815E-01 0.28047935E-01 0.22854340E-01 0.17714060E-01 0.12875998E-01 0.86716349E-02 0.54802256E-02 0.34977390E-02 0.26086548E-02 0.26738416E-02 0.40842718E-02 0.88306905E-02 0.23306122E-01 0.63338605E-01 0.15493311E+00 0.31571058E+00 0.52178339E+00 0.71113996E+00 0.84091159E+00 0.91384879E+00 0.95149862E+00 0.97161978E+00 0.98401014E+00 0.99209761E+00 0.99637325E+00 0.99797438E+00 0.99817155E+00 0.99712097E+00 0.99337084E+00 0.98350741E+00 0.96328455E+00 0.92517404E+00 0.84806598E+00 0.69434262E+00 0.45546331E+00 0.22473878E+00 0.91164461E-01 0.36025151E-01
0.39269627E-01 0.39311094E-01 0.39217171E-01 0.38949956E-01 0.38423210E-01 0.37519726E-01 0.36118552E-01 0.34128126E-01 0.31516508E-01 0.28327323E-01 0.24673705E-01 0.20713605E-01 0.16624333E-01 0.12603684E-01 0.89093256E-02 0.58746463E-02 0.37793012E-02 0.26623891E-02 0.24104748E-02 0.31556825E-02 0.59584588E-02 0.14383779E-01 0.37456015E-01 0.91166376E-01 0.19266977E+00 0.34794219E+00 0.53742262E+00 0.71479876E+00 0.84147556E+00 0.91487946E+00 0.95314580E+00 0.97347192E+00 0.98579477E+00 0.99354762E+00 0.99736033E+00 0.99868335E+00 0.99889509E+00 0.99828093E+00 0.99587042E+00 0.98910125E+00 0.97493150E+00 0.94909535E+00 0.89813188E+00 0.79132860E+00 0.59372131E+00 0.34026435E+00 0.14850347E+00 0.57283405E-01
0.31109858E-01 0.31167390E-01 0.31038999E-01 0.30702052E-01 0.30105492E-01 0.29181153E-01 0.27861178E-01 0.26098672E-01 0.23885886E-01 0.21262982E-01 0.18313758E-01 0.15153230E-01 0.11922845E-01 0.88104900E-02 0.60779821E-02 0.40097406E-02 0.27536755E-02 0.22747877E-02 0.25985894E-02 0.42906040E-02 0.94216829E-02 0.23391289E-01 0.55970456E-01 0.11795104E+00 0.21698612E+00 0.35679120E+00 0.52818672E+00 0.69778124E+00 0.82738501E+00 0.90649236E+00 0.94876472E+00 0.97108777E+00 0.98427351E+00 0.99256683E+00 0.99682953E+00 0.99839710E+00 0.99867916E+00 0.99802641E+00 0.99554319E+00 0.98904646E+00 0.97624693E+00 0.95371819E+00 0.91030909E+00 0.82061733E+00 0.65030849E+00 0.40857711E+00 0.19494795E+00 0.78625942E-01
0.24667861E-01 0.24735242E-01 0.24585855E-01 0.24208516E-01 0.23578372E-01 0.22663406E-01 0.21434289E-01 0.19875806E-01 0.17996551E-01 0.15833331E-01 0.13449675E-01 0.10934506E-01 0.84131323E-02 0.60719935E-02 0.41523232E-02 0.28506428E-02 0.22174002E-02 0.22603939E-02 0.32828383E-02 0.65325594E-02 0.15446085E-01 0.36563298E-01 0.76878845E-01 0.13985847E+00 0.22866895E+00 0.34953669E+00 0.50206750E+00 0.66387573E+00 0.79856559E+00 0.88731931E+00 0.93723472E+00 0.96395116E+00 0.97932861E+00 0.98903638E+00 0.99456402E+00 0.99692417E+00 0.99739777E+00 0.99636474E+00 0.99289104E+00 0.98514268E+00 0.97132370E+00 0.94751790E+00 0.90229185E+00 0.81269347E+00 0.65085060E+00 0.42536650E+00 0.21753706E+00 0.94291217E-01
0.19320999E-01 0.19390714E-01 0.19236679E-01 0.18855529E-01 0.18240210E-01 0.17382984E-01 0.16279931E-01 0.14936055E-01 0.13369427E-01 0.11613372E-01 0.97181813E-02 0.77586840E-02 0.58533431E-02 0.41782907E-02 0.29250445E-02 0.22061073E-02 0.20580140E-02 0.26544664E-02 0.47679150E-02 0.10683304E-01 0.25179287E-01 0.53818811E-01 0.98116985E-01 0.15673237E+00 0.23279972E+00 0.33477634E+00 0.46730526E+00 0.61748224E+00 0.75468717E+00 0.85458547E+00 0.91572234E+00 0.95009047E+00 0.96975707E+00 0.98192383E+00 0.98932866E+00 0.99296735E+00 0.99374874E+00 0.99194265E+00 0.98671768E+00 0.97668329E+00 0.95986663E+00 0.93092249E+00 0.87745573E+00 0.77904526E+00 0.61747893E+00 0.40942391E+00 0.22120120E+00 0.10392506E+00
0.14784135E-01 0.14849982E-01 0.14704802E-01 0.14350210E-01 0.13790408E-01 0.13032819E-01 0.12089037E-01 0.10975840E-01 0.97159995E-02 0.83394483E-02 0.68876952E-02 0.54264058E-02 0.40640084E-02 0.29490452E-02 0.22163038E-02 0.19443651E-02 0.22573956E-02 0.36474867E-02 0.76658920E-02 0.17951804E-01 0.39648727E-01 0.74637376E-01 0.11931848E+00 0.17150024E+00 0.23564188E+00 0.32054595E+00 0.43251148E+00 0.56571053E+00 0.69846174E+00 0.80659621E+00 0.88065343E+00 0.92604607E+00 0.95290202E+00 0.96919584E+00 0.97911010E+00 0.98426594E+00 0.98534787E+00 0.98245021E+00 0.97493634E+00 0.96149054E+00 0.93915760E+00 0.90106523E+00 0.83489649E+00 0.72527597E+00 0.56577659E+00 0.37932354E+00 0.21606470E+00 0.11030998E+00
0.11032919E-01 0.11091151E-01 0.10962965E-01 0.10652947E-01 0.10171969E-01 0.95362800E-02 0.87662366E-02 0.78848506E-02 0.69166431E-02 0.58882338E-02 0.48338058E-02 0.38083663E-02 0.29017233E-02 0.22284000E-02 0.18926349E-02 0.20124818E-02 0.29186404E-02 0.56685077E-02 0.13030435E-01 0.29904615E-01 0.59747511E-01 0.99309150E-01 0.14258925E+00 0.18885640E+00 0.24337993E+00 0.31387895E+00 0.40615438E+00 0.51856309E+00 0.63840012E+00 0.74688019E+00 0.83072997E+00 0.88803981E+00 0.92444716E+00 0.94692510E+00 0.96040558E+00 0.96735510E+00 0.96867888E+00 0.96443666E+00 0.95396923E+00 0.93549336E+00 0.90500507E+00 0.85521883E+00 0.77627748E+00 0.66029011E+00 0.51054222E+00 0.34936769E+00 0.21073417E+00 0.11684092E+00
0.82833024E-02 0.83335602E-02 0.82230719E-02 0.79580483E-02 0.75529634E-02 0.70287529E-02 0.64102922E-02 0.57236164E-02 0.49936967E-02 0.42444057E-02 0.35034899E-02 0.28143600E-02 0.22478247E-02 0.18986178E-02 0.18856280E-02 0.24499467E-02 0.43065442E-02 0.94893442E-02 0.22444444E-01 0.48465049E-01 0.87031166E-01 0.13035622E+00 0.17262672E+00 0.21490637E+00 0.26243346E+00 0.32126754E+00 0.39589749E+00 0.48665688E+00 0.58732860E+00 0.68591541E+00 0.77032800E+00 0.83447242E+00 0.87906581E+00 0.90820728E+00 0.92600443E+00 0.93511559E+00 0.93672371E+00 0.93093221E+00 0.91689126E+00 0.89244953E+00 0.85361210E+00 0.79464662E+00 0.70994393E+00 0.59800103E+00 0.46576795E+00 0.32982811E+00 0.21165374E+00 0.12695188E+00
