examples/topond/topo_ureaCrys.SURFLAPP
DSAA
 161 161
-0.75589045E+01  0.75589045E+01  0.94486307E-01
-0.75589045E+01  0.75589045E+01  0.94486307E-01
 0.00000000E+00  0.00000000E+00
[rows 105 to 125 of 161, columns 0 to 47 of 161]
0.16018753E+03 0.21212776E+03 0.19750071E+03 0.13007882E+03 0.61055427E+02 0.20060728E+02 0.43627684E+01 -0.76205670E-01 -0.12093753E+01 -0.13244033E+01 -0.96587809E+00 -0.41790092E+00 0.88406764E-01 0.42355061E+00 0.57039282E+00 0.57750670E+00 0.50767751E+00 0.41023893E+00 0.31478237E+00 0.23496439E+00 0.17446207E+00 0.13178161E+00 0.10333101E+00 0.85141030E-01 0.73725280E-01 0.66424191E-01 0.61444107E-01 0.57728778E-01 0.54760990E-01 0.52361257E-01 0.50521750E-01 0.49289658E-01 0.48698224E-01 0.48735829E-01 0.49341502E-01 0.50416286E-01 0.51842117E-01 0.53501933E-01 0.55296494E-01 0.57154855E-01 0.59036847E-01 0.60927795E-01 0.62827961E-01 0.64741006E-01 0.66666571E-01 0.68600599E-01 0.70544125E-01 0.72517943E-01
0.40879983E+02 0.53594127E+02 0.50066427E+02 0.33320878E+02 0.15800660E+02 0.52357816E+01 0.77958389E+00 -0.79126906E+00 -0.12292936E+01 -0.11098028E+01 -0.68594075E+00 -0.17591787E+00 0.24675418E+00 0.50103852E+00 0.59259542E+00 0.57104157E+00 0.49100138E+00 0.39321122E+00 0.30135175E+00 0.22586945E+00 0.16903516E+00 0.12892899E+00 0.10199127E+00 0.84464141E-01 0.73112712E-01 0.65502720E-01 0.60012006E-01 0.55697510E-01 0.52105866E-01 0.49087049E-01 0.46643607E-01 0.44826242E-01 0.43672575E-01 0.43179484E-01 0.43298172E-01 0.43942587E-01 0.45004101E-01 0.46367426E-01 0.47924375E-01 0.49583538E-01 0.51275036E-01 0.52950816E-01 0.54582073E-01 0.56156040E-01 0.57674498E-01 0.59155408E-01 0.60637585E-01 0.62186861E-01
0.79124471E+01 0.10314731E+02 0.96511621E+01 0.64642332E+01 0.29722937E+01 0.59895055E+00 -0.63119620E+00 -0.11237157E+01 -0.11429592E+01 -0.84647573E+00 -0.39294210E+00 0.55869163E-01 0.38626461E+00 0.56065637E+00 0.60126387E+00 0.55532256E+00 0.46830559E+00 0.37239913E+00 0.28564107E+00 0.21549140E+00 0.16296433E+00 0.12581732E+00 0.10060250E+00 0.83837660E-01 0.72589914E-01 0.64686628E-01 0.58700158E-01 0.53812595E-01 0.49638138E-01 0.46054273E-01 0.43068306E-01 0.40726660E-01 0.39062529E-01 0.38072574E-01 0.37712755E-01 0.37905095E-01 0.38549470E-01 0.39536461E-01 0.40758858E-01 0.42120587E-01 0.43542576E-01 0.44965983E-01 0.46353536E-01 0.47690131E-01 0.48983635E-01 0.50266364E-01 0.51596899E-01 0.53061324E-01
0.64084851E+00 0.10722836E+01 0.95526126E+00 0.36856647E+00 -0.34484542E+00 -0.89879266E+00 -0.11825234E+01 -0.11866366E+01 -0.94935966E+00 -0.55439769E+00 -0.11854909E+00 0.24950646E+00 0.48845195E+00 0.59247868E+00 0.59213740E+00 0.52918832E+00 0.43984196E+00 0.34853247E+00 0.26841169E+00 0.20444889E+00 0.15668618E+00 0.12272066E+00 0.99316024E-01 0.83331578E-01 0.72179932E-01 0.63976607E-01 0.57502268E-01 0.52069091E-01 0.47358216E-01 0.43270847E-01 0.39813582E-01 0.37022236E-01 0.34918963E-01 0.33493816E-01 0.32702012E-01 0.32469861E-01 0.32704565E-01 0.33304780E-01 0.34170252E-01 0.35209739E-01 0.36346973E-01 0.37524902E-01 0.38708575E-01 0.39887156E-01 0.41075370E-01 0.42314358E-01 0.43671601E-01 0.45239267E-01
-0.12143514E+01 -0.11390210E+01 -0.11595417E+01 -0.12609271E+01 -0.13700086E+01 -0.14032338E+01 -0.13034028E+01 -0.10548172E+01 -0.68844847E+00 -0.27445070E+00 0.10410000E+00 0.38447501E+00 0.54322033E+00 0.59268750E+00 0.56452462E+00 0.49326351E+00 0.40663686E+00 0.32261885E+00 0.25048621E+00 0.19333937E+00 0.15059199E+00 0.11986728E+00 0.98245445E-01 0.82987963E-01 0.71886379E-01 0.63359978E-01 0.56402071E-01 0.50453048E-01 0.45256344E-01 0.40731425E-01 0.36878786E-01 0.33718561E-01 0.31257094E-01 0.29473445E-01 0.28318255E-01 0.27719292E-01 0.27589698E-01 0.27836730E-01 0.28369729E-01 0.29106865E-01 0.29980540E-01 0.30941585E-01 0.31962417E-01 0.33039258E-01 0.34193462E-01 0.35471657E-01 0.36944342E-01 0.38702456E-01
-0.17548436E+01 -0.17809444E+01 -0.17748111E+01 -0.17322741E+01 -0.16322044E+01 -0.14499695E+01 -0.11740202E+01 -0.81833770E+00 -0.42457937E+00 -0.50322124E-01 0.25191569E+00 0.45252488E+00 0.54989331E+00 0.56327492E+00 0.52082783E+00 0.44961968E+00 0.37029392E+00 0.29583353E+00 0.23268425E+00 0.18269888E+00 0.14500219E+00 0.11742451E+00 0.97458947E-01 0.82818288E-01 0.71693834E-01 0.62812626E-01 0.55375909E-01 0.48944336E-01 0.43315639E-01 0.38420863E-01 0.34249215E-01 0.30801141E-01 0.28063907E-01 0.26002731E-01 0.24561196E-01 0.23666451E-01 0.23236177E-01 0.23185717E-01 0.23434510E-01 0.23911601E-01 0.24560176E-01 0.25341216E-01 0.26236294E-01 0.27249504E-01 0.28408316E-01 0.29763025E-01 0.31384367E-01 0.33358852E-01
-0.17643352E+01 -0.18303541E+01 -0.18138000E+01 -0.17142139E+01 -0.15303949E+01 -0.12660661E+01 -0.93675558E+00 -0.57308736E+00 -0.21673200E+00 0.90499438E-01 0.31893400E+00 0.45804049E+00 0.51545003E+00 0.51031766E+00 0.46540983E+00 0.40115438E+00 0.33268728E+00 0.26937471E+00 0.21575335E+00 0.17296830E+00 0.14015034E+00 0.11549252E+00 0.96978734E-01 0.82805922E-01 0.71571579E-01 0.62303029E-01 0.54396596E-01 0.47520305E-01 0.41515794E-01 0.36318350E-01 0.31901168E-01 0.28242004E-01 0.25307022E-01 0.23045976E-01 0.21393906E-01 0.20275923E-01 0.19612975E-01 0.19327485E-01 0.19348364E-01 0.19615297E-01 0.20082323E-01 0.20720771E-01 0.21521481E-01 0.22496226E-01 0.23678031E-01 0.25119965E-01 0.26891954E-01 0.29075177E-01
-0.15388620E+01 -0.16148816E+01 -0.15956277E+01 -0.14824439E+01 -0.12838040E+01 -0.10166904E+01 -0.70725085E+00 -0.38862428E+00 -0.95226769E-01 0.14474784E+00 0.31527150E+00 0.41428197E+00 0.45116115E+00 0.44176522E+00 0.40335419E+00 0.35096701E+00 0.29567019E+00 0.24433419E+00 0.20031403E+00 0.16447197E+00 0.13617763E+00 0.11410652E+00 0.96786590E-01 0.82912522E-01 0.71479639E-01 0.61797429E-01 0.53437762E-01 0.46159609E-01 0.39836774E-01 0.34401480E-01 0.29806876E-01 0.26006067E-01 0.22943151E-01 0.20551779E-01 0.18757755E-01 0.17483287E-01 0.16651545E-01 0.16190910E-01 0.16038654E-01 0.16144091E-01 0.16471230E-01 0.17000969E-01 0.17732731E-01 0.18685343E-01 0.19896839E-01 0.21422662E-01 0.23331784E-01 0.25700289E-01
-0.12707032E+01 -0.13407209E+01 -0.13229109E+01 -0.12192493E+01 -0.10413305E+01 -0.80930235E+00 -0.54948230E+00 -0.29044525E+00 -0.58142099E-01 0.12857934E+00 0.26054943E+00 0.33821416E+00 0.36933974E+00 0.36564028E+00 0.33955024E+00 0.30192294E+00 0.26087758E+00 0.22161228E+00 0.18682696E+00 0.15740975E+00 0.13313662E+00 0.11324536E+00 0.96833402E-01 0.83086672E-01 0.71375692E-01 0.61265075E-01 0.52477847E-01 0.44845480E-01 0.38261927E-01 0.32649633E-01 0.27938656E-01 0.24056488E-01 0.20925138E-01 0.18462316E-01 0.16584542E-01 0.15210701E-01 0.14265421E-01 0.13682000E-01 0.13404869E-01 0.13391706E-01 0.13615255E-01 0.14064852E-01 0.14747505E-01 0.15688330E-01 0.16929861E-01 0.18529739E-01 0.20556227E-01 0.23081054E-01
-0.10645006E+01 -0.11234556E+01 -0.11084261E+01 -0.10213964E+01 -0.87370260E+00 -0.68392667E+00 -0.47452833E+00 -0.26795971E+00 -0.83115943E-01 0.67125555E-01 0.17684296E+00 0.24650241E+00 0.28130456E+00 0.28906954E+00 0.27824858E+00 0.25645227E+00 0.22963640E+00 0.20188090E+00 0.17558296E+00 0.15186111E+00 0.13100198E+00 0.11284388E+00 0.97050517E-01 0.83272759E-01 0.71221451E-01 0.60682559E-01 0.51503053E-01 0.43567969E-01 0.36780045E-01 0.31046330E-01 0.26271863E-01 0.22358568E-01 0.19207145E-01 0.16720174E-01 0.14805325E-01 0.13378130E-01 0.12364173E-01 0.11700805E-01 0.11338495E-01 0.11242037E-01 0.11391641E-01 0.11783870E-01 0.12432299E-01 0.13367527E-01 0.14636103E-01 0.16297773E-01 0.18420450E-01 0.21072393E-01
-0.94636048E+00 -0.99557074E+00 -0.98300688E+00 -0.91050190E+00 -0.78834563E+00 -0.63273832E+00 -0.46216280E+00 -0.29390902E+00 -0.14163154E+00 -0.14220848E-01 0.84199418E-01 0.15353472E+00 0.19661688E+00 0.21801719E+00 0.22296769E+00 0.21651121E+00 0.20294717E+00 0.18557856E+00 0.16670861E+00 0.14779756E+00 0.12968529E+00 0.11280688E+00 0.97360694E-01 0.83418691E-01 0.70987503E-01 0.60036588E-01 0.50508875E-01 0.42324897E-01 0.35386244E-01 0.29580372E-01 0.24786563E-01 0.20882137E-01 0.17747947E-01 0.15272731E-01 0.13356131E-01 0.11910571E-01 0.10862328E-01 0.10152120E-01 0.97354962E-02 0.95832343E-02 0.96818250E-02 0.10033943E-01 0.10658726E-01 0.11591488E-01 0.12882316E-01 0.14592959E-01 0.16791320E-01 0.19543046E-01
-0.89177970E+00 -0.93399120E+00 -0.92320322E+00 -0.86109250E+00 -0.75697686E+00 -0.62513970E+00 -0.48114117E+00 -0.33862370E+00 -0.20758707E+00 -0.94145344E-01 -0.11635103E-02 0.70853828E-01 0.12298125E+00 0.15730423E+00 0.17651544E+00 0.18358858E+00 0.18148615E+00 0.17291721E+00 0.16017946E+00 0.14509931E+00 0.12905134E+00 0.11302219E+00 0.97687293E-01 0.83481378E-01 0.70656008E-01 0.59324913E-01 0.49500116E-01 0.41121550E-01 0.34081713E-01 0.28245878E-01 0.23468007E-01 0.19602550E-01 0.16512516E-01 0.14074450E-01 0.12181023E-01 0.10742003E-01 0.96842639E-02 0.89513779E-02 0.85031584E-02 0.83153886E-02 0.83797855E-02 0.87041055E-02 0.93121304E-02 0.10243146E-01 0.11550293E-01 0.13297161E-01 0.15551900E-01 0.18378320E-01
-0.82690855E+00 -0.85957005E+00 -0.85126102E+00 -0.80292332E+00 -0.72022715E+00 -0.61310703E+00 -0.49362258E+00 -0.37282975E+00 -0.25870928E+00 -0.15599307E+00 -0.67067211E-01 0.70673407E-02 0.66178759E-01 0.11054381E+00 0.14093340E+00 0.15866909E+00 0.16559134E+00 0.16388655E+00 0.15583483E+00 0.14357302E+00 0.12893372E+00 0.11337199E+00 0.97960965E-01 0.83429761E-01 0.70221322E-01 0.58555625E-01 0.48489600E-01 0.39969329E-01 0.32872565E-01 0.27041455E-01 0.22306138E-01 0.18500581E-01 0.15472308E-01 0.13087533E-01 0.11233165E-01 0.98168809E-02 0.87661703E-02 0.80270626E-02 0.75629524E-02 0.73537765E-02 0.73955406E-02 0.77001528E-02 0.82951810E-02 0.92231580E-02 0.10539763E-01 0.12310202E-01 0.14603024E-01 0.17480843E-01
-0.53033698E+00 -0.52241590E+00 -0.52484911E+00 -0.53350080E+00 -0.52972696E+00 -0.49819956E+00 -0.43799237E+00 -0.35884526E+00 -0.27204228E+00 -0.18566723E+00 -0.10466742E+00 -0.32150325E-01 0.29819889E-01 0.79883418E-01 0.11731423E+00 0.14213435E+00 0.15522511E+00 0.15825288E+00 0.15339262E+00 0.14296955E+00 0.12914915E+00 0.11374176E+00 0.98123842E-01 0.83245646E-01 0.69688861E-01 0.57745115E-01 0.47495981E-01 0.38883719E-01 0.31768123E-01 0.25968828E-01 0.21294536E-01 0.17561604E-01 0.14604642E-01 0.12281492E-01 0.10474556E-01 0.90900178E-02 0.80560680E-02 0.73208760E-02 0.68508335E-02 0.66292639E-02 0.66556330E-02 0.69451410E-02 0.75283266E-02 0.84502581E-02 0.97686024E-02 0.11549871E-01 0.13863056E-01 0.16770095E-01
0.77194215E+00 0.97153279E+00 0.91815047E+00 0.64196311E+00 0.28635448E+00 -0.50136436E-02 -0.17093042E+00 -0.22676273E+00 -0.21432211E+00 -0.16766523E+00 -0.10701533E+00 -0.43814998E-01 0.15121978E-01 0.65707097E-01 0.10558466E+00 0.13364844E+00 0.14993514E+00 0.15556071E+00 0.15246596E+00 0.14300154E+00 0.12951022E+00 0.11402723E+00 0.98131794E-01 0.82922957E-01 0.69072853E-01 0.56915364E-01 0.46541058E-01 0.37881943E-01 0.30778944E-01 0.25031183E-01 0.20429027E-01 0.16774376E-01 0.13891585E-01 0.11632067E-01 0.98749399E-02 0.85254903E-02 0.75126926E-02 0.67865893E-02 0.63160480E-02 0.60870942E-02 0.61018842E-02 0.63781134E-02 0.69485096E-02 0.78599601E-02 0.91715270E-02 0.10950647E-01 0.13266687E-01 0.16181294E-01
0.54820476E+01 0.64047076E+01 0.61593196E+01 0.48727577E+01 0.31588256E+01 0.16606268E+01 0.68158744E+00 0.17863262E+00 -0.25806317E-01 -0.80250952E-01 -0.67404942E-01 -0.27079783E-01 0.20981667E-01 0.66541846E-01 0.10440757E+00 0.13210943E+00 0.14885000E+00 0.15515111E+00 0.15258666E+00 0.14336254E+00 0.12983728E+00 0.11413978E+00 0.97955327E-01 0.82466085E-01 0.68393568E-01 0.56090934E-01 0.45647058E-01 0.36980617E-01 0.29914886E-01 0.24231553E-01 0.19706258E-01 0.16129723E-01 0.13318661E-01 0.11119899E-01 0.94104060E-02 0.80951097E-02 0.71038481E-02 0.63882823E-02 0.59192667E-02 0.56849125E-02 0.56893516E-02 0.59520180E-02 0.65070721E-02 0.74024961E-02 0.86981267E-02 0.10461867E-01 0.12763291E-01 0.15664013E-01
0.19065105E+02 0.22056656E+02 0.21262296E+02 0.17080107E+02 0.11429709E+02 0.63716931E+01 0.29801122E+01 0.11867849E+01 0.40249277E+00 0.10852486E+00 0.21233486E-01 0.17155670E-01 0.44325210E-01 0.79286747E-01 0.11131539E+00 0.13573455E+00 0.15074245E+00 0.15621049E+00 0.15324034E+00 0.14374936E+00 0.12997047E+00 0.11401110E+00 0.97579829E-01 0.81887885E-01 0.67674506E-01 0.55296145E-01 0.44834085E-01 0.36193677E-01 0.29183378E-01 0.23571377E-01 0.19122420E-01 0.15619309E-01 0.12873582E-01 0.10729177E-01 0.90619090E-02 0.77768114E-02 0.68046316E-02 0.60983996E-02 0.56305127E-02 0.53905850E-02 0.53840594E-02 0.56313940E-02 0.61674464E-02 0.70405756E-02 0.83107313E-02 0.10045773E-01 0.12315214E-01 0.15180769E-01
0.51142818E+02 0.59904007E+02 0.57532745E+02 0.45561109E+02 0.30385116E+02 0.17161849E+02 0.81735855E+01 0.33465441E+01 0.12368779E+01 0.43859911E+00 0.16420088E+00 0.85741352E-01 0.80440103E-01 0.99688705E-01 0.12307676E+00 0.14229613E+00 0.15417285E+00 0.15785599E+00 0.15391558E+00 0.14388842E+00 0.12978194E+00 0.11359736E+00 0.97005384E-01 0.81207616E-01 0.66939785E-01 0.54552576E-01 0.44118071E-01 0.35530662E-01 0.28588090E-01 0.23049364E-01 0.18672219E-01 0.15234623E-01 0.12545192E-01 0.10446454E-01 0.88139424E-02 0.75531574E-02 0.65957746E-02 0.58959498E-02 0.54272099E-02 0.51801334E-02 0.51608569E-02 0.53901890E-02 0.59029801E-02 0.67472549E-02 0.79824052E-02 0.96756808E-02 0.11896182E-01 0.14705724E-01
0.12806710E+03 0.15609259E+03 0.14848975E+03 0.11067261E+03 0.67937044E+02 0.36926891E+02 0.17611761E+02 0.72024807E+01 0.26337279E+01 0.93715373E+00 0.35852510E+00 0.17165434E+00 0.12309618E+00 0.12290666E+00 0.13620826E+00 0.14946897E+00 0.15769638E+00 0.15925058E+00 0.15416417E+00 0.14356484E+00 0.12918796E+00 0.11288255E+00 0.96246204E-01 0.80448834E-01 0.66211815E-01 0.53877029E-01 0.43509106E-01 0.34995515E-01 0.28127973E-01 0.22660730E-01 0.18348179E-01 0.14966257E-01 0.12322634E-01 0.10259706E-01 0.86534321E-02 0.74100772E-02 0.64622334E-02 0.57649525E-02 0.52925035E-02 0.50359528E-02 0.50015645E-02 0.52098749E-02 0.56950603E-02 0.65041231E-02 0.76952247E-02 0.93344063E-02 0.11489928E-01 0.14223568E-01
0.25635340E+03 0.27027382E+03 0.26960309E+03 0.23249612E+03 0.13933655E+03 0.67697985E+02 0.31075811E+02 0.12673152E+02 0.45538550E+01 0.15720601E+01 0.58273967E+00 0.26219720E+00 0.16471471E+00 0.14410157E+00 0.14751973E+00 0.15521107E+00 0.16009269E+00 0.15972798E+00 0.15366308E+00 0.14264978E+00 0.12815878E+00 0.11188019E+00 0.95329081E-01 0.79637121E-01 0.65509180E-01 0.53279919E-01 0.43010363E-01 0.34585851E-01 0.27796793E-01 0.22396821E-01 0.18140264E-01 0.14803465E-01 0.12194818E-01 0.10157646E-01 0.85689198E-02 0.73359055E-02 0.63920773E-02 0.56931866E-02 0.52139169E-02 0.49453887E-02 0.48934933E-02 0.50779371E-02 0.55316052E-02 0.62998330E-02 0.74388913E-02 0.90129986E-02 0.11089076E-01 0.13728606E-01
0.19993312E+03 -0.19713109E+03 0.33453474E+00 0.25362223E+03 0.22919033E+03 0.10782181E+03 0.45831329E+02 0.18492819E+02 0.65734132E+01 0.22082194E+01 0.79050672E+00 0.33925379E+00 0.19720530E+00 0.15911649E+00 0.15461097E+00 0.15809557E+00 0.16056445E+00 0.15889875E+00 0.15226403E+00 0.14111948E+00 0.12672293E+00 0.11063194E+00 0.94290505E-01 0.78797360E-01 0.64844711E-01 0.52764092E-01 0.42617479E-01 0.34292701E-01 0.27583066E-01 0.22245108E-01 0.18035846E-01 0.14734027E-01 0.12150147E-01 0.10129321E-01 0.85500134E-02 0.73206790E-02 0.63756758E-02 0.56712895E-02 0.51823470E-02 0.48996607E-02 0.48283313E-02 0.49867408E-02 0.54059409E-02 0.61290028E-02 0.72096867E-02 0.87097708E-02 0.10694291E-01 0.13224049E-01
