examples/topond/topo_urea.SURFELFB
DSAA
 101 101
-0.75589045E+01  0.75589045E+01  0.15117809E+00
-0.75589045E+01  0.75589045E+01  0.15117809E+00
 0.00000000E+00  0.00000000E+00
[rows 44 to 65 of 101, columns 0 to 47 of 101]
0.69088470E-02 0.69555192E-02 0.68530107E-02 0.66086019E-02 0.62391800E-02 0.57689451E-02 0.52262126E-02 0.46399159E-02 0.40367464E-02 0.34405747E-02 0.28767880E-02 0.23834288E-02 0.20249258E-02 0.19030178E-02 0.22012399E-02 0.33920691E-02 0.68670574E-02 0.16254370E-01 0.38025562E-01 0.76361593E-01 0.12519530E+00 0.17361072E+00 0.21705258E+00 0.25778798E+00 0.30046949E+00 0.34957511E+00 0.40849559E+00 0.47848234E+00 0.55686516E+00 0.63650365E+00 0.70868131E+00 0.76734282E+00 0.81051087E+00 0.83898231E+00 0.85520479E+00 0.86265590E+00 0.86422553E+00 0.86012579E+00 0.84768216E+00 0.82319900E+00 0.78345336E+00 0.72575753E+00 0.64823930E+00 0.55168429E+00 0.44142133E+00 0.32759289E+00 0.22413630E+00 0.14450074E+00
0.75224095E-02 0.75771413E-02 0.74569737E-02 0.71711171E-02 0.67409998E-02 0.61974760E-02 0.55768510E-02 0.49164034E-02 0.42505925E-02 0.36100095E-02 0.30263095E-02 0.25455198E-02 0.22466599E-02 0.22685493E-02 0.29116936E-02 0.50255193E-02 0.11111007E-01 0.27264399E-01 0.62396254E-01 0.11802809E+00 0.18131643E+00 0.23867874E+00 0.28663215E+00 0.32801286E+00 0.36674911E+00 0.40632731E+00 0.44989630E+00 0.49942910E+00 0.55370560E+00 0.60775513E+00 0.65512395E+00 0.68983134E+00 0.70569595E+00 0.69813878E+00 0.67227250E+00 0.64748395E+00 0.64535146E+00 0.66832226E+00 0.69658229E+00 0.70798107E+00 0.69395656E+00 0.65703757E+00 0.60131571E+00 0.52896095E+00 0.44255231E+00 0.34742221E+00 0.25345002E+00 0.17431792E+00
0.12087626E-01 0.12179487E-01 0.11977734E-01 0.11496854E-01 0.10770877E-01 0.98495890E-02 0.87927647E-02 0.76631859E-02 0.65204438E-02 0.54195377E-02 0.44198207E-02 0.36053426E-02 0.31052093E-02 0.31240610E-02 0.41147876E-02 0.74451949E-02 0.17253119E-01 0.43394234E-01 0.98407796E-01 0.17973798E+00 0.26504297E+00 0.33683547E+00 0.39237374E+00 0.43511398E+00 0.46880019E+00 0.49699604E+00 0.52365529E+00 0.55161030E+00 0.58000907E+00 0.60400853E+00 0.61583097E+00 0.60172452E+00 0.54062980E+00 0.42820903E+00 0.30754941E+00 0.23552734E+00 0.22843460E+00 0.28577479E+00 0.39815343E+00 0.51406752E+00 0.58125413E+00 0.59518261E+00 0.57496277E+00 0.53249291E+00 0.47105982E+00 0.39294014E+00 0.30509206E+00 0.22223403E+00
0.27713994E-01 0.27926027E-01 0.27459946E-01 0.26343085E-01 0.24640520E-01 0.22449696E-01 0.19891309E-01 0.17097532E-01 0.14202801E-01 0.11348640E-01 0.87128069E-02 0.65407174E-02 0.51150775E-02 0.47133337E-02 0.58744708E-02 0.10493051E-01 0.24801558E-01 0.64255932E-01 0.14775914E+00 0.26649516E+00 0.38220494E+00 0.47155088E+00 0.53414676E+00 0.57593702E+00 0.60197581E+00 0.61688188E+00 0.62566080E+00 0.63173827E+00 0.63412411E+00 0.62660065E+00 0.59450770E+00 0.50504623E+00 0.33567038E+00 0.16274047E+00 0.84933770E-01 0.77397916E-01 0.79920156E-01 0.80817426E-01 0.13341429E+00 0.28048829E+00 0.44925501E+00 0.54485290E+00 0.57231327E+00 0.56259945E+00 0.52666875E+00 0.46557652E+00 0.38286310E+00 0.29329655E+00
0.74691316E-01 0.75232141E-01 0.74041926E-01 0.71168391E-01 0.66725832E-01 0.60887588E-01 0.53873952E-01 0.45941431E-01 0.37395318E-01 0.28667237E-01 0.20458627E-01 0.13742635E-01 0.93249026E-02 0.74174714E-02 0.82225779E-02 0.13817215E-01 0.32606041E-01 0.87571935E-01 0.20806306E+00 0.37456279E+00 0.52242486E+00 0.62379037E+00 0.68656981E+00 0.72272741E+00 0.73996810E+00 0.74366149E+00 0.73854112E+00 0.72748019E+00 0.70890028E+00 0.67411147E+00 0.59617447E+00 0.42069097E+00 0.18370421E+00 0.71427504E-01 0.14629044E+00 0.53424244E+00 0.61781595E+00 0.23680554E+00 0.72409509E-01 0.13166535E+00 0.33167059E+00 0.51392557E+00 0.59545656E+00 0.61739153E+00 0.60507505E+00 0.56070940E+00 0.48387678E+00 0.38701453E+00
0.18431545E+00 0.18546690E+00 0.18292984E+00 0.17675696E+00 0.16706559E+00 0.15400959E+00 0.13774605E+00 0.11843399E+00 0.96373111E-01 0.72481853E-01 0.49090607E-01 0.29887369E-01 0.17566912E-01 0.11823703E-01 0.11256077E-01 0.17146951E-01 0.39454018E-01 0.10947816E+00 0.27073872E+00 0.48665136E+00 0.65665037E+00 0.75698556E+00 0.81126968E+00 0.83881147E+00 0.84933959E+00 0.84780630E+00 0.83727935E+00 0.81896194E+00 0.79029497E+00 0.74021594E+00 0.62851802E+00 0.38024755E+00 0.11934473E+00 0.89864832E-01 0.74456960E+00 0.99651811E+00 0.99855988E+00 0.92139012E+00 0.16250328E+00 0.82162386E-01 0.26592176E+00 0.51633703E+00 0.64462651E+00 0.69019465E+00 0.69511947E+00 0.66444014E+00 0.59432671E+00 0.49250345E+00
0.35374090E+00 0.35549416E+00 0.35162807E+00 0.34217229E+00 0.32716392E+00 0.30655110E+00 0.28003711E+00 0.24693113E+00 0.20629778E+00 0.15819207E+00 0.10672313E+00 0.61857757E-01 0.32665472E-01 0.18857751E-01 0.15237980E-01 0.20461580E-01 0.44625671E-01 0.12595947E+00 0.32359358E+00 0.58062220E+00 0.75866020E+00 0.84849256E+00 0.89119335E+00 0.91090657E+00 0.91773365E+00 0.91575154E+00 0.90650570E+00 0.88968318E+00 0.86199590E+00 0.81205952E+00 0.69406789E+00 0.40647404E+00 0.11228557E+00 0.12812263E+00 0.93361791E+00 0.99993025E+00 0.99999283E+00 0.98972784E+00 0.28123292E+00 0.76354300E-01 0.26632265E+00 0.56450985E+00 0.71394037E+00 0.76805274E+00 0.78051292E+00 0.75799444E+00 0.69429844E+00 0.59129568E+00
0.52761644E+00 0.52959309E+00 0.52522979E+00 0.51449033E+00 0.49726604E+00 0.47328155E+00 0.44183377E+00 0.40130624E+00 0.34869759E+00 0.28046923E+00 0.19791756E+00 0.11630235E+00 0.58437407E-01 0.29951417E-01 0.20645618E-01 0.23947973E-01 0.47994977E-01 0.13444668E+00 0.35669292E+00 0.64358056E+00 0.82290213E+00 0.90183323E+00 0.93541189E+00 0.94992199E+00 0.95499539E+00 0.95406652E+00 0.94800124E+00 0.93589323E+00 0.91450014E+00 0.87457442E+00 0.77831007E+00 0.51005504E+00 0.15372955E+00 0.93678575E-01 0.73217821E+00 0.99642905E+00 0.99859904E+00 0.91987857E+00 0.15791405E+00 0.92827449E-01 0.34442842E+00 0.65432217E+00 0.78825207E+00 0.83615341E+00 0.84794706E+00 0.82852965E+00 0.76967263E+00 0.66702786E+00
0.66236062E+00 0.66408409E+00 0.66026853E+00 0.65071161E+00 0.63495117E+00 0.61230167E+00 0.58173735E+00 0.54136163E+00 0.48729456E+00 0.41278882E+00 0.31192662E+00 0.19527362E+00 0.99146352E-01 0.47190030E-01 0.28210625E-01 0.27909969E-01 0.49838887E-01 0.13446354E+00 0.36563976E+00 0.67394302E+00 0.85746340E+00 0.93080512E+00 0.95943924E+00 0.97122461E+00 0.97549630E+00 0.97540343E+00 0.97169837E+00 0.96355223E+00 0.94826668E+00 0.91934670E+00 0.85365359E+00 0.66337705E+00 0.28858305E+00 0.87052983E-01 0.14744729E+00 0.54102063E+00 0.62996046E+00 0.23414694E+00 0.73661332E-01 0.17178791E+00 0.50241327E+00 0.75455894E+00 0.85013817E+00 0.88574796E+00 0.89329547E+00 0.87383915E+00 0.81575380E+00 0.70612216E+00
0.74882851E+00 0.74996687E+00 0.74743338E+00 0.74088119E+00 0.72947954E+00 0.71197104E+00 0.68672120E+00 0.65151444E+00 0.60256790E+00 0.53251142E+00 0.43010928E+00 0.29335358E+00 0.15805283E+00 0.73333890E-01 0.38991123E-01 0.32740889E-01 0.50638389E-01 0.12729563E+00 0.35089362E+00 0.67433258E+00 0.87130667E+00 0.94647275E+00 0.97381381E+00 0.98427391E+00 0.98792797E+00 0.98810469E+00 0.98561420E+00 0.97982304E+00 0.96855584E+00 0.94722289E+00 0.90350657E+00 0.79294415E+00 0.52476789E+00 0.21058127E+00 0.87270135E-01 0.73196257E-01 0.73434679E-01 0.72797849E-01 0.13830329E+00 0.37501612E+00 0.67379932E+00 0.82979704E+00 0.89155431E+00 0.91648373E+00 0.91934707E+00 0.89652876E+00 0.82690291E+00 0.68066627E+00
0.79691138E+00 0.79747297E+00 0.79621299E+00 0.79279426E+00 0.78636404E+00 0.77548784E+00 0.75807610E+00 0.73130959E+00 0.69120583E+00 0.63090780E+00 0.53794376E+00 0.39942226E+00 0.23526692E+00 0.11150741E+00 0.54465194E-01 0.38958835E-01 0.50968359E-01 0.11528511E+00 0.31628551E+00 0.64621782E+00 0.86880390E+00 0.95435296E+00 0.98289080E+00 0.99214792E+00 0.99488696E+00 0.99502318E+00 0.99328517E+00 0.98895721E+00 0.98006692E+00 0.96300303E+00 0.93052308E+00 0.86340026E+00 0.71685427E+00 0.47464273E+00 0.26251085E+00 0.16583470E+00 0.15190519E+00 0.20856549E+00 0.36774095E+00 0.60194114E+00 0.78091491E+00 0.87163376E+00 0.91425909E+00 0.93186969E+00 0.92950589E+00 0.89457395E+00 0.77834187E+00 0.53198931E+00
0.82196817E+00 0.82210532E+00 0.82178052E+00 0.82065237E+00 0.81794274E+00 0.81244555E+00 0.80230642E+00 0.78462957E+00 0.75507259E+00 0.70692181E+00 0.62838813E+00 0.50162513E+00 0.32619174E+00 0.16429689E+00 0.76582866E-01 0.47276032E-01 0.51450483E-01 0.10112537E+00 0.26842884E+00 0.58962192E+00 0.84886703E+00 0.95537483E+00 0.98757190E+00 0.99583797E+00 0.99776557E+00 0.99785045E+00 0.99666865E+00 0.99331851E+00 0.98575779E+00 0.97081764E+00 0.94320171E+00 0.89269210E+00 0.80247463E+00 0.66255765E+00 0.50827280E+00 0.40566490E+00 0.38552531E+00 0.44889765E+00 0.57821704E+00 0.72024241E+00 0.82554646E+00 0.88871197E+00 0.92203360E+00 0.93415813E+00 0.92262976E+00 0.85129026E+00 0.61275185E+00 0.26599543E+00
0.83264396E+00 0.83226255E+00 0.83305829E+00 0.83436633E+00 0.83492894E+00 0.83340959E+00 0.82843014E+00 0.81790563E+00 0.79800931E+00 0.76220048E+00 0.69946982E+00 0.59130850E+00 0.42217195E+00 0.23222196E+00 0.10764525E+00 0.58678030E-01 0.52734868E-01 0.87240477E-01 0.21587024E+00 0.50694530E+00 0.80550841E+00 0.94697907E+00 0.98803657E+00 0.99687044E+00 0.99857544E+00 0.99866425E+00 0.99772173E+00 0.99473030E+00 0.98752190E+00 0.97319697E+00 0.94713685E+00 0.90140141E+00 0.82777540E+00 0.72811874E+00 0.62485794E+00 0.55279827E+00 0.53563431E+00 0.57647433E+00 0.65936768E+00 0.75423740E+00 0.83383020E+00 0.88706273E+00 0.91536062E+00 0.92122348E+00 0.88896587E+00 0.73020283E+00 0.34205143E+00 0.10419057E+00
0.82668970E+00 0.82513327E+00 0.82842884E+00 0.83466653E+00 0.84073092E+00 0.84417319E+00 0.84363934E+00 0.83811426E+00 0.82534120E+00 0.79998760E+00 0.75203127E+00 0.66411287E+00 0.51340959E+00 0.31221417E+00 0.14980787E+00 0.74479795E-01 0.55502223E-01 0.75344801E-01 0.16670650E+00 0.40751210E+00 0.73067847E+00 0.92262567E+00 0.98315493E+00 0.99597894E+00 0.99833690E+00 0.99851746E+00 0.99748369E+00 0.99415298E+00 0.98636726E+00 0.97148687E+00 0.94475897E+00 0.89816580E+00 0.82572087E+00 0.73404043E+00 0.64549956E+00 0.58567579E+00 0.56956782E+00 0.59892476E+00 0.66370787E+00 0.74351590E+00 0.81523557E+00 0.86471492E+00 0.88910058E+00 0.88441464E+00 0.81039465E+00 0.52813329E+00 0.15871337E+00 0.88838527E-01
0.78503539E+00 0.77932882E+00 0.79127749E+00 0.81255752E+00 0.83218558E+00 0.84513710E+00 0.85088627E+00 0.84996160E+00 0.84215586E+00 0.82442322E+00 0.78860080E+00 0.71926757E+00 0.59221674E+00 0.39740054E+00 0.20405182E+00 0.96289390E-01 0.60491869E-01 0.66331777E-01 0.12597320E+00 0.30665751E+00 0.62192664E+00 0.87141508E+00 0.96793814E+00 0.99171186E+00 0.99659583E+00 0.99718199E+00 0.99575247E+00 0.99144825E+00 0.98244838E+00 0.96611011E+00 0.93658299E+00 0.88470729E+00 0.80548139E+00 0.70919779E+00 0.62029885E+00 0.56146365E+00 0.54340339E+00 0.56646397E+00 0.62289289E+00 0.69613777E+00 0.76458462E+00 0.81198002E+00 0.83147720E+00 0.81000719E+00 0.68190464E+00 0.34451408E+00 0.95188516E-01 0.15567099E+00
0.62613175E+00 0.60373629E+00 0.65052219E+00 0.73082850E+00 0.79650037E+00 0.83334740E+00 0.85031078E+00 0.85537424E+00 0.85177995E+00 0.83928014E+00 0.81241198E+00 0.75831221E+00 0.65464120E+00 0.47900569E+00 0.26884069E+00 0.12575368E+00 0.68548749E-01 0.60490040E-01 0.95078877E-01 0.21826950E+00 0.48961921E+00 0.78344837E+00 0.93259402E+00 0.97900086E+00 0.99075350E+00 0.99292137E+00 0.99116008E+00 0.98572141E+00 0.97527260E+00 0.95638327E+00 0.92129645E+00 0.85935704E+00 0.76693290E+00 0.65917913E+00 0.56375205E+00 0.50127851E+00 0.47859511E+00 0.49421377E+00 0.54156831E+00 0.60716049E+00 0.67119896E+00 0.71582569E+00 0.73006873E+00 0.69372262E+00 0.54077357E+00 0.24647775E+00 0.77197434E-01 0.19203726E+00
0.25351005E+00 0.21742812E+00 0.29930070E+00 0.49787013E+00 0.69653403E+00 0.80098326E+00 0.84116261E+00 0.85491463E+00 0.85580068E+00 0.84712878E+00 0.82642652E+00 0.78378378E+00 0.70012074E+00 0.54937592E+00 0.33934037E+00 0.16393979E+00 0.80646727E-01 0.57848146E-01 0.73153572E-01 0.14930040E+00 0.35323677E+00 0.65704867E+00 0.86727095E+00 0.95016879E+00 0.97598625E+00 0.98267183E+00 0.98180585E+00 0.97577768E+00 0.96339164E+00 0.93972758E+00 0.89487203E+00 0.81718960E+00 0.70628700E+00 0.58404822E+00 0.48095507E+00 0.41408530E+00 0.38551257E+00 0.39141663E+00 0.42605073E+00 0.47947347E+00 0.53576295E+00 0.57791348E+00 0.59305196E+00 0.56146889E+00 0.43673392E+00 0.21894968E+00 0.76758266E-01 0.11465925E+00
0.91258569E-01 0.10303338E+00 0.89898302E-01 0.18664931E+00 0.49552300E+00 0.73602517E+00 0.82261664E+00 0.84902967E+00 0.85490878E+00 0.84935142E+00 0.83276680E+00 0.79817952E+00 0.73009250E+00 0.60401973E+00 0.40824183E+00 0.21035539E+00 0.97796828E-01 0.58444000E-01 0.58555354E-01 0.10038676E+00 0.23312723E+00 0.49920918E+00 0.76305749E+00 0.89811296E+00 0.94786421E+00 0.96372654E+00 0.96578844E+00 0.95933434E+00 0.94306736E+00 0.91031782E+00 0.84924017E+00 0.74928436E+00 0.61739783E+00 0.48371870E+00 0.37829066E+00 0.31150210E+00 0.27997683E+00 0.27776787E+00 0.29998133E+00 0.34057309E+00 0.38934449E+00 0.43325768E+00 0.46049119E+00 0.45598087E+00 0.38918905E+00 0.24592902E+00 0.10698762E+00 0.65991456E-01
0.75346559E+00 0.92623741E+00 0.46536828E+00 0.98737294E-01 0.28383807E+00 0.64390524E+00 0.79621778E+00 0.83858102E+00 0.84953287E+00 0.84655034E+00 0.83264200E+00 0.80337697E+00 0.74659602E+00 0.64164890E+00 0.46807332E+00 0.26203029E+00 0.12071500E+00 0.62439824E-01 0.49677037E-01 0.68428471E-01 0.14349811E+00 0.33330611E+00 0.60922321E+00 0.80908494E+00 0.89866839E+00 0.93112674E+00 0.93840456E+00 0.93045751E+00 0.90620995E+00 0.85726652E+00 0.77133589E+00 0.64422563E+00 0.49604597E+00 0.36302745E+00 0.26763669E+00 0.21047623E+00 0.18348581E+00 0.17986789E+00 0.19598392E+00 0.22922709E+00 0.27488183E+00 0.32500674E+00 0.37042372E+00 0.40031481E+00 0.39457349E+00 0.32760720E+00 0.20930061E+00 0.10861141E+00
0.99804832E+00 0.99996862E+00 0.97057231E+00 0.15806333E+00 0.18683006E+00 0.56770192E+00 0.76942195E+00 0.82505557E+00 0.84006203E+00 0.83890267E+00 0.82653607E+00 0.80047091E+00 0.75138788E+00 0.66294974E+00 0.51342011E+00 0.31347552E+00 0.14917474E+00 0.70074171E-01 0.45240838E-01 0.48898959E-01 0.86054882E-01 0.19640228E+00 0.41794761E+00 0.66106179E+00 0.80841004E+00 0.87063544E+00 0.88747205E+00 0.87635593E+00 0.83781402E+00 0.76338184E+00 0.64591760E+00 0.49687748E+00 0.35082109E+00 0.23886958E+00 0.16779293E+00 0.12902147E+00 0.11287408E+00 0.11378522E+00 0.13008376E+00 0.16199815E+00 0.20895263E+00 0.26748126E+00 0.33144864E+00 0.39307451E+00 0.44023175E+00 0.45266355E+00 0.41125378E+00 0.32000026E+00
0.99481277E+00 0.99975485E+00 0.94528344E+00 0.13994120E+00 0.18312182E+00 0.55010220E+00 0.75186618E+00 0.81024655E+00 0.82690117E+00 0.82639598E+00 0.81446842E+00 0.78988085E+00 0.74561211E+00 0.66929451E+00 0.54166755E+00 0.35798709E+00 0.18121064E+00 0.81420981E-01 0.44353700E-01 0.37644663E-01 0.52939639E-01 0.10758097E+00 0.24213245E+00 0.45744042E+00 0.65099940E+00 0.75635905E+00 0.79030671E+00 0.77507718E+00 0.71590565E+00 0.61115298E+00 0.47061381E+00 0.32588078E+00 0.21088822E+00 0.13669784E+00 0.95424658E-01 0.75910386E-01 0.70989714E-01 0.78045838E-01 0.97816355E-01 0.13279023E+00 0.18499699E+00 0.25378310E+00 0.33509138E+00 0.42237627E+00 0.50697192E+00 0.57708131E+00 0.61971689E+00 0.62753677E+00
0.49653251E+00 0.73709547E+00 0.27588483E+00 0.86766229E-01 0.26296266E+00 0.59056521E+00 0.74600385E+00 0.79556807E+00 0.81059866E+00 0.80908895E+00 0.79631449E+00 0.77164635E+00 0.72990446E+00 0.66203783E+00 0.55241405E+00 0.38963910E+00 0.21272713E+00 0.95920633E-01 0.46399414E-01 0.31680801E-01 0.34876499E-01 0.58753280E-01 0.12474826E+00 0.25951598E+00 0.43505198E+00 0.56859818E+00 0.62259797E+00 0.60484306E+00 0.52795622E+00 0.40925792E+00 0.28086939E+00 0.17646060E+00 0.10875184E+00 0.71262529E-01 0.53237298E-01 0.47426212E-01 0.50925673E-01 0.64237451E-01 0.90270740E-01 0.13288147E+00 0.19467154E+00 0.27510854E+00 0.37011903E+00 0.47276330E+00 0.57418364E+00 0.66494268E+00 0.73729380E+00 0.78779158E+00
