examples/topond/topo_ureaPATO.SURFRHOO
DSAA
 161 161
-0.75589045E+01  0.75589045E+01  0.94486307E-01
-0.75589045E+01  0.75589045E+01  0.94486307E-01
 0.00000000E+00  0.00000000E+00
[rows 22 to 43 of 161, columns 48 to 95 of 161]
0.44056208E-02 0.49029242E-02 0.55811226E-02 0.64891012E-02 0.76850349E-02 0.92368652E-02 0.11222814E-01 0.13732397E-01 0.16868811E-01 0.20754112E-01 0.25539163E-01 0.31420854E-01 0.38669312E-01 0.47667548E-01 0.58964875E-01 0.73342629E-01 0.91884716E-01 0.11603385E+00 0.14759545E+00 0.18862888E+00 0.24115753E+00 0.30667238E+00 0.38554111E+00 0.47664598E+00 0.57767697E+00 0.68625711E+00 0.80168530E+00 0.92793051E+00 0.10834974E+01 0.13261309E+01 0.17471650E+01 0.22956537E+01 0.25797303E+01 0.22956537E+01 0.17471650E+01 0.13261309E+01 0.10834974E+01 0.92793051E+00 0.80168530E+00 0.68625711E+00 0.57767697E+00 0.47664598E+00 0.38554111E+00 0.30667238E+00 0.24115753E+00 0.18862888E+00 0.14759545E+00 0.11603385E+00
0.39138549E-02 0.44139949E-02 0.50974622E-02 0.60138987E-02 0.72225211E-02 0.87926236E-02 0.10804162E-01 0.13348935E-01 0.16533346E-01 0.20484284E-01 0.25360327E-01 0.31370981E-01 0.38806971E-01 0.48084321E-01 0.59803748E-01 0.74823767E-01 0.94338907E-01 0.11994062E+00 0.15361614E+00 0.19761487E+00 0.25410555E+00 0.32460838E+00 0.40936629E+00 0.50707849E+00 0.61551110E+00 0.73319374E+00 0.86245675E+00 0.10189343E+01 0.12761262E+01 0.19011447E+01 0.34584025E+01 0.61369789E+01 0.78087989E+01 0.61369789E+01 0.34584025E+01 0.19011447E+01 0.12761262E+01 0.10189343E+01 0.86245675E+00 0.73319374E+00 0.61551110E+00 0.50707849E+00 0.40936629E+00 0.32460838E+00 0.25410555E+00 0.19761487E+00 0.15361614E+00 0.11994062E+00
0.35145541E-02 0.40146780E-02 0.46991438E-02 0.56179589E-02 0.68309074E-02 0.84080752E-02 0.10430489E-01 0.12991430E-01 0.16199464E-01 0.20184855E-01 0.25111673E-01 0.31198519E-01 0.38751061E-01 0.48209352E-01 0.60211597E-01 0.75672651E-01 0.95867743E-01 0.12249645E+00 0.15767691E+00 0.20379225E+00 0.26310689E+00 0.33714747E+00 0.42605879E+00 0.52844112E+00 0.64225646E+00 0.76710441E+00 0.90920934E+00 0.11039736E+01 0.15393112E+01 0.30085883E+01 0.79828527E+01 0.20608998E+02 0.31477207E+02 0.20608998E+02 0.79828527E+01 0.30085883E+01 0.15393112E+01 0.11039736E+01 0.90920934E+00 0.76710441E+00 0.64225646E+00 0.52844112E+00 0.42605879E+00 0.33714747E+00 0.26310689E+00 0.20379225E+00 0.15767691E+00 0.12249645E+00
0.31936349E-02 0.36908039E-02 0.43717764E-02 0.52864933E-02 0.64947840E-02 0.80669066E-02 0.10084217E-01 0.12640553E-01 0.15845417E-01 0.19830668E-01 0.24763123E-01 0.30866076E-01 0.38453051E-01 0.47976855E-01 0.60095717E-01 0.75754687E-01 0.96272300E-01 0.12340608E+00 0.15934398E+00 0.20653938E+00 0.26730488E+00 0.34316625E+00 0.43421519E+00 0.53901547E+00 0.65569384E+00 0.78461225E+00 0.93507020E+00 0.11610192E+01 0.17707979E+01 0.42219468E+01 0.14809910E+02 0.56913849E+02 0.13741966E+03 0.56913849E+02 0.14809910E+02 0.42219468E+01 0.17707979E+01 0.11610192E+01 0.93507020E+00 0.78461225E+00 0.65569384E+00 0.53901547E+00 0.43421519E+00 0.34316625E+00 0.26730488E+00 0.20653938E+00 0.15934398E+00 0.12340608E+00
0.29401999E-02 0.34314761E-02 0.41043863E-02 0.50083479E-02 0.62026853E-02 0.77571721E-02 0.97527021E-02 0.12282676E-01 0.15456186E-01 0.19404724E-01 0.24294797E-01 0.30349491E-01 0.37882275E-01 0.47346151E-01 0.59399903E-01 0.74989659E-01 0.95435711E-01 0.12249814E+00 0.15836815E+00 0.20550267E+00 0.26621717E+00 0.34203860E+00 0.43305801E+00 0.53783992E+00 0.65452153E+00 0.78350346E+00 0.93423995E+00 0.11616576E+01 0.17806717E+01 0.42883567E+01 0.15256544E+02 0.60318124E+02 0.15694820E+03 0.60318124E+02 0.15256544E+02 0.42883567E+01 0.17806717E+01 0.11616576E+01 0.93423995E+00 0.78350346E+00 0.65452153E+00 0.53783992E+00 0.43305801E+00 0.34203860E+00 0.26621717E+00 0.20550267E+00 0.15836815E+00 0.12249814E+00
0.27461270E-02 0.32287077E-02 0.38891018E-02 0.47757368E-02 0.59468717E-02 0.74711283E-02 0.94281317E-02 0.11909829E-01 0.15023533E-01 0.18898363E-01 0.23697416E-01 0.29638597E-01 0.37027327E-01 0.46304117E-01 0.58108694E-01 0.73358946E-01 0.93335132E-01 0.11974418E+00 0.15471377E+00 0.20063747E+00 0.25978849E+00 0.33369736E+00 0.42250730E+00 0.52481968E+00 0.63862194E+00 0.76360873E+00 0.90634976E+00 0.11041720E+01 0.15569480E+01 0.31189348E+01 0.85468419E+01 0.22861531E+02 0.35717206E+02 0.22861531E+02 0.85468419E+01 0.31189348E+01 0.15569480E+01 0.11041720E+01 0.90634976E+00 0.76360873E+00 0.63862194E+00 0.52481968E+00 0.42250730E+00 0.33369736E+00 0.25978849E+00 0.20063747E+00 0.15471377E+00 0.11974418E+00
0.26057186E-02 0.30771009E-02 0.37208600E-02 0.45839743E-02 0.57230861E-02 0.72050097E-02 0.91073144E-02 0.11519509E-01 0.14545816E-01 0.18311095E-01 0.22972134E-01 0.28737059E-01 0.35895894E-01 0.44865046E-01 0.56247269E-01 0.70905495E-01 0.90041832E-01 0.11525907E+00 0.14855941E+00 0.19220911E+00 0.24839185E+00 0.31863566E+00 0.40318228E+00 0.50073014E+00 0.60907282E+00 0.72684794E+00 0.85672319E+00 0.10157937E+01 0.12852415E+01 0.19640682E+01 0.37032093E+01 0.67832850E+01 0.87491146E+01 0.67832850E+01 0.37032093E+01 0.19640682E+01 0.12852415E+01 0.10157937E+01 0.85672319E+00 0.72684794E+00 0.60907282E+00 0.50073014E+00 0.40318228E+00 0.31863566E+00 0.24839185E+00 0.19220911E+00 0.14855941E+00 0.11525907E+00
0.25154111E-02 0.29735702E-02 0.35971419E-02 0.44312170E-02 0.55302954E-02 0.69587627E-02 0.87913936E-02 0.11114355E-01 0.14027600E-01 0.17650083E-01 0.22129819E-01 0.27661307E-01 0.34513091E-01 0.43067937E-01 0.53877002E-01 0.67726510E-01 0.85709378E-01 0.10928233E+00 0.14026986E+00 0.18075365E+00 0.23277826E+00 0.29784819E+00 0.37633281E+00 0.46711145E+00 0.56789290E+00 0.67638703E+00 0.79213176E+00 0.91982207E+00 0.10808093E+01 0.13424789E+01 0.18140356E+01 0.24431769E+01 0.27732102E+01 0.24431769E+01 0.18140356E+01 0.13424789E+01 0.10808093E+01 0.91982207E+00 0.79213176E+00 0.67638703E+00 0.56789290E+00 0.46711145E+00 0.37633281E+00 0.29784819E+00 0.23277826E+00 0.18075365E+00 0.14026986E+00 0.10928233E+00
0.24735421E-02 0.29171143E-02 0.35177437E-02 0.43182265E-02 0.53704352E-02 0.67357570E-02 0.84855068E-02 0.10701718E-01 0.13479091E-01 0.16929362E-01 0.21189893E-01 0.26438727E-01 0.32918546E-01 0.40971712E-01 0.51087519E-01 0.63960330E-01 0.80552239E-01 0.10214429E+00 0.13034479E+00 0.16700471E+00 0.21398091E+00 0.27271687E+00 0.34370975E+00 0.42609756E+00 0.51770615E+00 0.61573727E+00 0.71786048E+00 0.82330418E+00 0.93432424E+00 0.10585970E+01 0.12039329E+01 0.13466894E+01 0.14110626E+01 0.13466894E+01 0.12039329E+01 0.10585970E+01 0.93432424E+00 0.82330418E+00 0.71786048E+00 0.61573727E+00 0.51770615E+00 0.42609756E+00 0.34370975E+00 0.27271687E+00 0.21398091E+00 0.16700471E+00 0.13034479E+00 0.10214429E+00
0.24801775E-02 0.29086426E-02 0.34845948E-02 0.42481705E-02 0.52481797E-02 0.65425067E-02 0.81984302E-02 0.10293194E-01 0.12915482E-01 0.16168883E-01 0.20178895E-01 0.25105402E-01 0.31162743E-01 0.38649186E-01 0.47986715E-01 0.59769945E-01 0.74818956E-01 0.94223395E-01 0.11935342E+00 0.15179847E+00 0.19318638E+00 0.24485136E+00 0.30738476E+00 0.38021846E+00 0.46148815E+00 0.54835854E+00 0.63769805E+00 0.72668129E+00 0.81291152E+00 0.89390062E+00 0.96538533E+00 0.10180802E+01 0.10381364E+01 0.10180802E+01 0.96538533E+00 0.89390062E+00 0.81291152E+00 0.72668129E+00 0.63769805E+00 0.54835854E+00 0.46148815E+00 0.38021846E+00 0.30738476E+00 0.24485136E+00 0.19318638E+00 0.15179847E+00 0.11935342E+00 0.94223395E-01
0.25370040E-02 0.29508664E-02 0.35016407E-02 0.42264846E-02 0.51707675E-02 0.63884372E-02 0.79422566E-02 0.99041645E-02 0.12356293E-01 0.15393535E-01 0.19128963E-01 0.23703726E-01 0.29303185E-01 0.36180802E-01 0.44690453E-01 0.55326123E-01 0.68764777E-01 0.85902691E-01 0.10786693E+00 0.13597303E+00 0.17159256E+00 0.21590276E+00 0.26953011E+00 0.33217621E+00 0.40239239E+00 0.47766345E+00 0.55480063E+00 0.63041017E+00 0.70111751E+00 0.76340685E+00 0.81325557E+00 0.84605979E+00 0.85759645E+00 0.84605979E+00 0.81325557E+00 0.76340685E+00 0.70111751E+00 0.63041017E+00 0.55480063E+00 0.47766345E+00 0.40239239E+00 0.33217621E+00 0.26953011E+00 0.21590276E+00 0.17159256E+00 0.13597303E+00 0.10786693E+00 0.85902691E-01
0.26472946E-02 0.30482693E-02 0.35748094E-02 0.42608223E-02 0.51479167E-02 0.62857427E-02 0.77321611E-02 0.95534258E-02 0.11824788E-01 0.14632241E-01 0.18076452E-01 0.22280223E-01 0.27400912E-01 0.33649030E-01 0.41313524E-01 0.50792807E-01 0.62628221E-01 0.77532578E-01 0.96400476E-01 0.12027968E+00 0.15027736E+00 0.18737889E+00 0.23218008E+00 0.28458147E+00 0.34354897E+00 0.40706391E+00 0.47231650E+00 0.53605631E+00 0.59491556E+00 0.64557864E+00 0.68485452E+00 0.70985871E+00 0.71846083E+00 0.70985871E+00 0.68485452E+00 0.64557864E+00 0.59491556E+00 0.53605631E+00 0.47231650E+00 0.40706391E+00 0.34354897E+00 0.28458147E+00 0.23218008E+00 0.18737889E+00 0.15027736E+00 0.12027968E+00 0.96400476E-01 0.77532578E-01
0.28159596E-02 0.32071739E-02 0.37120845E-02 0.43611225E-02 0.51918688E-02 0.62493800E-02 0.75863142E-02 0.92629753E-02 0.11347579E-01 0.13917287E-01 0.17060836E-01 0.20883825E-01 0.25517802E-01 0.31134130E-01 0.37962970E-01 0.46316635E-01 0.56614665E-01 0.69405182E-01 0.85373019E-01 0.10532029E+00 0.13010132E+00 0.16049546E+00 0.19701492E+00 0.23967258E+00 0.28777236E+00 0.33980637E+00 0.39352192E+00 0.44614887E+00 0.49470125E+00 0.53625471E+00 0.56816645E+00 0.58827990E+00 0.59515455E+00 0.58827990E+00 0.56816645E+00 0.53625471E+00 0.49470125E+00 0.44614887E+00 0.39352192E+00 0.33980637E+00 0.28777236E+00 0.23967258E+00 0.19701492E+00 0.16049546E+00 0.13010132E+00 0.10532029E+00 0.85373019E-01 0.69405182E-01
0.30496941E-02 0.34359203E-02 0.39237095E-02 0.45398253E-02 0.53175979E-02 0.62972481E-02 0.75259968E-02 0.90580236E-02 0.10954480E-01 0.13283959E-01 0.16124048E-01 0.19564777E-01 0.23714878E-01 0.28711591E-01 0.34734297E-01 0.42021361E-01 0.50888154E-01 0.61742227E-01 0.75088974E-01 0.91518049E-01 0.11165851E+00 0.13609146E+00 0.16521663E+00 0.19908578E+00 0.23723885E+00 0.27859712E+00 0.32146461E+00 0.36365651E+00 0.40272467E+00 0.43621964E+00 0.46193647E+00 0.47812316E+00 0.48364918E+00 0.47812316E+00 0.46193647E+00 0.43621964E+00 0.40272467E+00 0.36365651E+00 0.32146461E+00 0.27859712E+00 0.23723885E+00 0.19908578E+00 0.16521663E+00 0.13609146E+00 0.11165851E+00 0.91518049E-01 0.75088974E-01 0.61742227E-01
0.33572317E-02 0.37451728E-02 0.42225405E-02 0.48122624E-02 0.55432210E-02 0.64505925E-02 0.75759703E-02 0.89672919E-02 0.10678694E-01 0.12770574E-01 0.15310308E-01 0.18374247E-01 0.22051666E-01 0.26451270E-01 0.31710456E-01 0.38006886E-01 0.45570835E-01 0.54695409E-01 0.65739963E-01 0.79120239E-01 0.95277421E-01 0.11461889E+00 0.13742784E+00 0.16374859E+00 0.19326807E+00 0.22522694E+00 0.25839634E+00 0.29114306E+00 0.32157889E+00 0.34776364E+00 0.36792018E+00 0.38062710E+00 0.38496816E+00 0.38062710E+00 0.36792018E+00 0.34776364E+00 0.32157889E+00 0.29114306E+00 0.25839634E+00 0.22522694E+00 0.19326807E+00 0.16374859E+00 0.13742784E+00 0.11461889E+00 0.95277421E-01 0.79120239E-01 0.65739963E-01 0.54695409E-01
0.37497062E-02 0.41483589E-02 0.46245612E-02 0.51972382E-02 0.58906308E-02 0.67346681E-02 0.77651379E-02 0.90236378E-02 0.10557367E-01 0.12418934E-01 0.14666485E-01 0.17364609E-01 0.20586519E-01 0.24417966E-01 0.28963092E-01 0.34351885E-01 0.40748163E-01 0.48356012E-01 0.57421463E-01 0.68225115E-01 0.81060759E-01 0.96195533E-01 0.11380984E+00 0.13392085E+00 0.15630145E+00 0.18041490E+00 0.20538845E+00 0.23004473E+00 0.25299530E+00 0.27278318E+00 0.28804849E+00 0.29768796E+00 0.30098401E+00 0.29768796E+00 0.28804849E+00 0.27278318E+00 0.25299530E+00 0.23004473E+00 0.20538845E+00 0.18041490E+00 0.15630145E+00 0.13392085E+00 0.11380984E+00 0.96195533E-01 0.81060759E-01 0.68225115E-01 0.57421463E-01 0.48356012E-01
0.42411165E-02 0.46622362E-02 0.51495544E-02 0.57178020E-02 0.63863557E-02 0.71796659E-02 0.81275103E-02 0.92650266E-02 0.10632534E-01 0.12275227E-01 0.14242951E-01 0.16590337E-01 0.19377704E-01 0.22673042E-01 0.26555283E-01 0.31118664E-01 0.36477457E-01 0.42769649E-01 0.50157398E-01 0.58821455E-01 0.68946439E-01 0.80694315E-01 0.94165116E-01 0.10934726E+00 0.12606457E+00 0.14393205E+00 0.16233506E+00 0.18044497E+00 0.19727706E+00 0.21178584E+00 0.22298300E+00 0.23005747E+00 0.23247736E+00 0.23005747E+00 0.22298300E+00 0.21178584E+00 0.19727706E+00 0.18044497E+00 0.16233506E+00 0.14393205E+00 0.12606457E+00 0.10934726E+00 0.94165116E-01 0.80694315E-01 0.68946439E-01 0.58821455E-01 0.50157398E-01 0.42769649E-01
0.48488660E-02 0.53075599E-02 0.58219034E-02 0.64021838E-02 0.70626219E-02 0.78218832E-02 0.87034559E-02 0.97358278E-02 0.10952424E-01 0.12391329E-01 0.14094886E-01 0.16109378E-01 0.18485040E-01 0.21276671E-01 0.24545024E-01 0.28358905E-01 0.32797534E-01 0.37952271E-01 0.43926260E-01 0.50830207E-01 0.58772340E-01 0.67841020E-01 0.78079543E-01 0.89454733E-01 0.10182364E+00 0.11490558E+00 0.12826849E+00 0.14133795E+00 0.15343362E+00 0.16383138E+00 0.17184314E+00 0.17690092E+00 0.17863039E+00 0.17690092E+00 0.17184314E+00 0.16383138E+00 0.15343362E+00 0.14133795E+00 0.12826849E+00 0.11490558E+00 0.10182364E+00 0.89454733E-01 0.78079543E-01 0.67841020E-01 0.58772340E-01 0.50830207E-01 0.43926260E-01 0.37952271E-01
0.55943315E-02 0.61097957E-02 0.66714622E-02 0.72848272E-02 0.79585451E-02 0.87050594E-02 0.95411566E-02 0.10488356E-01 0.11573059E-01 0.12826410E-01 0.14283911E-01 0.15984863E-01 0.17971831E-01 0.20290310E-01 0.22988788E-01 0.26119210E-01 0.29737641E-01 0.33904592E-01 0.38684134E-01 0.44140668E-01 0.50332178E-01 0.57299061E-01 0.65048382E-01 0.73534606E-01 0.82639515E-01 0.92155640E-01 0.10177858E+00 0.11111334E+00 0.11969777E+00 0.12704270E+00 0.13268395E+00 0.13623813E+00 0.13745232E+00 0.13623813E+00 0.13268395E+00 0.12704270E+00 0.11969777E+00 0.11111334E+00 0.10177858E+00 0.92155640E-01 0.82639515E-01 0.73534606E-01 0.65048382E-01 0.57299061E-01 0.50332178E-01 0.44140668E-01 0.38684134E-01 0.33904592E-01
0.65033798E-02 0.70997859E-02 0.77343881E-02 0.84073995E-02 0.91213205E-02 0.98817366E-02 0.10698117E-01 0.11584498E-01 0.12559947E-01 0.13648687E-01 0.14879861E-01 0.16286935E-01 0.17906850E-01 0.19779070E-01 0.21944695E-01 0.24445753E-01 0.27324613E-01 0.30623291E-01 0.34382154E-01 0.38637366E-01 0.43416386E-01 0.48730986E-01 0.54567742E-01 0.60876709E-01 0.67559906E-01 0.74462233E-01 0.81367950E-01 0.88005731E-01 0.94064149E-01 0.99217371E-01 0.10315833E+00 0.10563436E+00 0.10647906E+00 0.10563436E+00 0.10315833E+00 0.99217371E-01 0.94064149E-01 0.88005731E-01 0.81367950E-01 0.74462233E-01 0.67559906E-01 0.60876709E-01 0.54567742E-01 0.48730986E-01 0.43416386E-01 0.38637366E-01 0.34382154E-01 0.30623291E-01
0.76067173E-02 0.83142274E-02 0.90537710E-02 0.98195887E-02 0.10607195E-01 0.11414405E-01 0.12242466E-01 0.13097147E-01 0.13989624E-01 0.14937013E-01 0.15962410E-01 0.17094404E-01 0.18366084E-01 0.19813671E-01 0.21474940E-01 0.23387607E-01 0.25587777E-01 0.28108431E-01 0.30977751E-01 0.34216948E-01 0.37837211E-01 0.41835460E-01 0.46188902E-01 0.50848777E-01 0.55734295E-01 0.60728242E-01 0.65676071E-01 0.70390166E-01 0.74660300E-01 0.78270103E-01 0.81017904E-01 0.82738944E-01 0.83325173E-01 0.82738944E-01 0.81017904E-01 0.78270103E-01 0.74660300E-01 0.70390166E-01 0.65676071E-01 0.60728242E-01 0.55734295E-01 0.50848777E-01 0.46188902E-01 0.41835460E-01 0.37837211E-01 0.34216948E-01 0.30977751E-01 0.28108431E-01
0.89399120E-02 0.97957702E-02 0.10679828E-01 0.11579415E-01 0.12481910E-01 0.13376085E-01 0.14253680E-01 0.15111040E-01 0.15950586E-01 0.16781886E-01 0.17622121E-01 0.18495820E-01 0.19433832E-01 0.20471643E-01 0.21647216E-01 0.22998605E-01 0.24561560E-01 0.26367269E-01 0.28440255E-01 0.30796326E-01 0.33440373E-01 0.36363870E-01 0.39541988E-01 0.42930569E-01 0.46463445E-01 0.50050922E-01 0.53580425E-01 0.56920183E-01 0.59926488E-01 0.62454350E-01 0.64370545E-01 0.65567292E-01 0.65974343E-01 0.65567292E-01 0.64370545E-01 0.62454350E-01 0.59926488E-01 0.56920183E-01 0.53580425E-01 0.50050922E-01 0.46463445E-01 0.42930569E-01 0.39541988E-01 0.36363870E-01 0.33440373E-01 0.30796326E-01 0.28440255E-01 0.26367269E-01
