examples/topond/topo_urea.SURFRHOO
DSAA
 161 161
-0.75589045E+01  0.75589045E+01  0.94486307E-01
-0.75589045E+01  0.75589045E+01  0.94486307E-01
 0.00000000E+00  0.00000000E+00
[rows 88 to 109 of 161, columns 48 to 95 of 161]
0.36653468E+00 0.37678308E+00 0.38606531E+00 0.39368034E+00 0.39946217E+00 0.40359014E+00 0.40638260E+00 0.40812519E+00 0.40898127E+00 0.40903523E+00 0.40842945E+00 0.40741931E+00 0.40624089E+00 0.40492941E+00 0.40327361E+00 0.40091555E+00 0.39749563E+00 0.39277216E+00 0.38669419E+00 0.37942311E+00 0.37130335E+00 0.36279541E+00 0.35439730E+00 0.34658691E+00 0.33982539E+00 0.33467871E+00 0.33213453E+00 0.33411584E+00 0.34372351E+00 0.36382228E+00 0.39283182E+00 0.42068502E+00 0.43245967E+00 0.42068502E+00 0.39283182E+00 0.36382228E+00 0.34372351E+00 0.33411584E+00 0.33213453E+00 0.33467871E+00 0.33982539E+00 0.34658691E+00 0.35439730E+00 0.36279541E+00 0.37130335E+00 0.37942311E+00 0.38669419E+00 0.39277216E+00
0.33372730E+00 0.33995666E+00 0.34569795E+00 0.35019316E+00 0.35321709E+00 0.35491081E+00 0.35561447E+00 0.35573513E+00 0.35565688E+00 0.35568999E+00 0.35604590E+00 0.35681659E+00 0.35795290E+00 0.35926308E+00 0.36045153E+00 0.36118952E+00 0.36119208E+00 0.36028028E+00 0.35841903E+00 0.35572752E+00 0.35246472E+00 0.34899800E+00 0.34576984E+00 0.34329491E+00 0.34226424E+00 0.34393754E+00 0.35119418E+00 0.37055694E+00 0.41389794E+00 0.49437935E+00 0.61003416E+00 0.72362180E+00 0.77254482E+00 0.72362180E+00 0.61003416E+00 0.49437935E+00 0.41389794E+00 0.37055694E+00 0.35119418E+00 0.34393754E+00 0.34226424E+00 0.34329491E+00 0.34576984E+00 0.34899800E+00 0.35246472E+00 0.35572752E+00 0.35841903E+00 0.36028028E+00
0.29824484E+00 0.30123012E+00 0.30412062E+00 0.30622382E+00 0.30733195E+00 0.30756867E+00 0.30724478E+00 0.30674568E+00 0.30644759E+00 0.30665589E+00 0.30756234E+00 0.30922269E+00 0.31155771E+00 0.31437877E+00 0.31743285E+00 0.32045510E+00 0.32321692E+00 0.32556215E+00 0.32743049E+00 0.32887128E+00 0.33005132E+00 0.33125979E+00 0.33292273E+00 0.33568105E+00 0.34070430E+00 0.35075782E+00 0.37330446E+00 0.42730245E+00 0.55124592E+00 0.79645617E+00 0.11781623E+01 0.15857475E+01 0.17715774E+01 0.15857475E+01 0.11781623E+01 0.79645617E+00 0.55124592E+00 0.42730245E+00 0.37330446E+00 0.35075782E+00 0.34070430E+00 0.33568105E+00 0.33292273E+00 0.33125979E+00 0.33005132E+00 0.32887128E+00 0.32743049E+00 0.32556215E+00
0.26178500E+00 0.26234513E+00 0.26302864E+00 0.26329424E+00 0.26300033E+00 0.26226809E+00 0.26136162E+00 0.26059924E+00 0.26028911E+00 0.26068196E+00 0.26193895E+00 0.26411671E+00 0.26717145E+00 0.27097962E+00 0.27536868E+00 0.28014933E+00 0.28514282E+00 0.29020228E+00 0.29523232E+00 0.30021291E+00 0.30523032E+00 0.31051592E+00 0.31651348E+00 0.32407375E+00 0.33513297E+00 0.35509545E+00 0.40030250E+00 0.51618664E+00 0.80547486E+00 0.14412123E+01 0.25880622E+01 0.40339719E+01 0.47714036E+01 0.40339719E+01 0.25880622E+01 0.14412123E+01 0.80547486E+00 0.51618664E+00 0.40030250E+00 0.35509545E+00 0.33513297E+00 0.32407375E+00 0.31651348E+00 0.31051592E+00 0.30523032E+00 0.30021291E+00 0.29523232E+00 0.29020228E+00
0.22597630E+00 0.22488159E+00 0.22395989E+00 0.22286332E+00 0.22154080E+00 0.22012476E+00 0.21883901E+00 0.21793575E+00 0.21765369E+00 0.21818940E+00 0.21967888E+00 0.22218949E+00 0.22572241E+00 0.23022340E+00 0.23559746E+00 0.24172275E+00 0.24846217E+00 0.25567512E+00 0.26323677E+00 0.27107128E+00 0.27920093E+00 0.28781340E+00 0.29738324E+00 0.30900790E+00 0.32557706E+00 0.35606161E+00 0.42976000E+00 0.63402898E+00 0.11900639E+01 0.25902207E+01 0.57106182E+01 0.10710499E+02 0.13792588E+02 0.10710499E+02 0.57106182E+01 0.25902207E+01 0.11900639E+01 0.63402898E+00 0.42976000E+00 0.35606161E+00 0.32557706E+00 0.30900790E+00 0.29738324E+00 0.28781340E+00 0.27920093E+00 0.27107128E+00 0.26323677E+00 0.25567512E+00
0.19218145E+00 0.19008038E+00 0.18809628E+00 0.18607240E+00 0.18404760E+00 0.18217133E+00 0.18063914E+00 0.17965293E+00 0.17939833E+00 0.18003143E+00 0.18167120E+00 0.18439633E+00 0.18824561E+00 0.19322044E+00 0.19928705E+00 0.20637721E+00 0.21438859E+00 0.22318997E+00 0.23263952E+00 0.24262285E+00 0.25311269E+00 0.26425650E+00 0.27654343E+00 0.29126886E+00 0.31216425E+00 0.35153943E+00 0.45143057E+00 0.74320240E+00 0.15936231E+01 0.40282619E+01 0.10690170E+02 0.26081379E+02 0.41218814E+02 0.26081379E+02 0.10690170E+02 0.40282619E+01 0.15936231E+01 0.74320240E+00 0.45143057E+00 0.35153943E+00 0.31216425E+00 0.29126886E+00 0.27654343E+00 0.26425650E+00 0.25311269E+00 0.24262285E+00 0.23263952E+00 0.22318997E+00
0.16136124E+00 0.15875013E+00 0.15616579E+00 0.15360687E+00 0.15118294E+00 0.14905681E+00 0.14740421E+00 0.14639235E+00 0.14617102E+00 0.14686983E+00 0.14859767E+00 0.15144253E+00 0.15547058E+00 0.16072332E+00 0.16721220E+00 0.17491099E+00 0.18374887E+00 0.19361048E+00 0.20435131E+00 0.21583534E+00 0.22799759E+00 0.24094127E+00 0.25513025E+00 0.27192000E+00 0.29539662E+00 0.33931539E+00 0.45123282E+00 0.78211656E+00 0.17703029E+01 0.47517844E+01 0.13729494E+02 0.41027687E+02 0.11794250E+03 0.41027687E+02 0.13729494E+02 0.47517844E+01 0.17703029E+01 0.78211656E+00 0.45123282E+00 0.33931539E+00 0.29539662E+00 0.27192000E+00 0.25513025E+00 0.24094127E+00 0.22799759E+00 0.21583534E+00 0.20435131E+00 0.19361048E+00
0.13403890E+00 0.13127130E+00 0.12845523E+00 0.12569356E+00 0.12313893E+00 0.12095842E+00 0.11931147E+00 0.11834127E+00 0.11817448E+00 0.11892450E+00 0.12069484E+00 0.12358063E+00 0.12766708E+00 0.13302401E+00 0.13969662E+00 0.14769340E+00 0.15697485E+00 0.16744910E+00 0.17898292E+00 0.19143471E+00 0.20471336E+00 0.21887407E+00 0.23430981E+00 0.25226082E+00 0.27649968E+00 0.31949896E+00 0.42349351E+00 0.71977272E+00 0.15739578E+01 0.40065619E+01 0.10641793E+02 0.25907861E+02 0.40838803E+02 0.25907861E+02 0.10641793E+02 0.40065619E+01 0.15739578E+01 0.71977272E+00 0.42349351E+00 0.31949896E+00 0.27649968E+00 0.25226082E+00 0.23430981E+00 0.21887407E+00 0.20471336E+00 0.19143471E+00 0.17898292E+00 0.16744910E+00
0.11035753E+00 0.10767306E+00 0.10489894E+00 0.10219244E+00 0.99722814E-01 0.97651571E-01 0.96122626E-01 0.95261419E-01 0.95179379E-01 0.95980088E-01 0.97764445E-01 0.10063302E+00 0.10468444E+00 0.11000921E+00 0.11667910E+00 0.12473339E+00 0.13416508E+00 0.14491316E+00 0.15686817E+00 0.16989830E+00 0.18389996E+00 0.19888325E+00 0.21513965E+00 0.23365918E+00 0.25739717E+00 0.29560857E+00 0.37795860E+00 0.59178594E+00 0.11569320E+01 0.25609287E+01 0.56677797E+01 0.10624326E+02 0.13670268E+02 0.10624326E+02 0.56677797E+01 0.25609287E+01 0.11569320E+01 0.59178594E+00 0.37795860E+00 0.29560857E+00 0.25739717E+00 0.23365918E+00 0.21513965E+00 0.19888325E+00 0.18389996E+00 0.16989830E+00 0.15686817E+00 0.14491316E+00
0.90188365E-01 0.87741783E-01 0.85195979E-01 0.82724337E-01 0.80492921E-01 0.78650401E-01 0.77325222E-01 0.76628781E-01 0.76661916E-01 0.77522059E-01 0.79308944E-01 0.82127329E-01 0.86085712E-01 0.91290480E-01 0.97835562E-01 0.10578862E+00 0.11517647E+00 0.12597467E+00 0.13810804E+00 0.15146873E+00 0.16595617E+00 0.18154687E+00 0.19842598E+00 0.21728485E+00 0.24011780E+00 0.27265808E+00 0.33169685E+00 0.46275509E+00 0.76750406E+00 0.14159543E+01 0.25676923E+01 0.40084301E+01 0.47407496E+01 0.40084301E+01 0.25676923E+01 0.14159543E+01 0.76750406E+00 0.46275509E+00 0.33169685E+00 0.27265808E+00 0.24011780E+00 0.21728485E+00 0.19842598E+00 0.18154687E+00 0.16595617E+00 0.15146873E+00 0.13810804E+00 0.12597467E+00
0.73243219E-01 0.71125573E-01 0.68919409E-01 0.66790271E-01 0.64889332E-01 0.63348632E-01 0.62281734E-01 0.61788513E-01 0.61962062E-01 0.62895765E-01 0.64688893E-01 0.67449468E-01 0.71293495E-01 0.76340031E-01 0.82701994E-01 0.90473425E-01 0.99715176E-01 0.11044297E+00 0.12262351E+00 0.13618467E+00 0.15104414E+00 0.16716176E+00 0.18463333E+00 0.20387978E+00 0.22607778E+00 0.25427220E+00 0.29632911E+00 0.37129814E+00 0.51682682E+00 0.78205082E+00 0.11791393E+01 0.15953608E+01 0.17836861E+01 0.15953608E+01 0.11791393E+01 0.78205082E+00 0.51682682E+00 0.37129814E+00 0.29632911E+00 0.25427220E+00 0.22607778E+00 0.20387978E+00 0.18463333E+00 0.16716176E+00 0.15104414E+00 0.13618467E+00 0.12262351E+00 0.11044297E+00
0.59162251E-01 0.57415152E-01 0.55599516E-01 0.53861285E-01 0.52331809E-01 0.51125760E-01 0.50343178E-01 0.50074489E-01 0.50406988E-01 0.51431303E-01 0.53246576E-01 0.55963353E-01 0.59703411E-01 0.64595990E-01 0.70770240E-01 0.78344177E-01 0.87411496E-01 0.98029076E-01 0.11020970E+00 0.12392515E+00 0.13912382E+00 0.15576604E+00 0.17388503E+00 0.19369537E+00 0.21579730E+00 0.24159328E+00 0.27419284E+00 0.32006109E+00 0.39021581E+00 0.49585117E+00 0.63219777E+00 0.75930775E+00 0.81290370E+00 0.75930775E+00 0.63219777E+00 0.49585117E+00 0.39021581E+00 0.32006109E+00 0.27419284E+00 0.24159328E+00 0.21579730E+00 0.19369537E+00 0.17388503E+00 0.15576604E+00 0.13912382E+00 0.12392515E+00 0.11020970E+00 0.98029076E-01
0.47569977E-01 0.46197024E-01 0.44777787E-01 0.43435121E-01 0.42280158E-01 0.41411494E-01 0.40917563E-01 0.40881233E-01 0.41385489E-01 0.42519081E-01 0.44381180E-01 0.47084221E-01 0.50754307E-01 0.55528686E-01 0.61549980E-01 0.68957192E-01 0.77874197E-01 0.88397571E-01 0.10058699E+00 0.11446228E+00 0.13001082E+00 0.14720728E+00 0.16604813E+00 0.18660610E+00 0.20911323E+00 0.23408123E+00 0.26247477E+00 0.29591026E+00 0.33649606E+00 0.38516249E+00 0.43761843E+00 0.48096174E+00 0.49815731E+00 0.48096174E+00 0.43761843E+00 0.38516249E+00 0.33649606E+00 0.29591026E+00 0.26247477E+00 0.23408123E+00 0.20911323E+00 0.18660610E+00 0.16604813E+00 0.14720728E+00 0.13001082E+00 0.11446228E+00 0.10058699E+00 0.88397571E-01
0.38105796E-01 0.37083566E-01 0.36036480E-01 0.35065485E-01 0.34263590E-01 0.33715683E-01 0.33500763E-01 0.33695884E-01 0.34380935E-01 0.35643446E-01 0.37582671E-01 0.40312351E-01 0.43961632E-01 0.48673722E-01 0.54601906E-01 0.61902725E-01 0.70726507E-01 0.81206194E-01 0.93446461E-01 0.10751597E+00 0.12344557E+00 0.14123407E+00 0.16086152E+00 0.18230867E+00 0.20557875E+00 0.23070850E+00 0.25774310E+00 0.28663525E+00 0.31699022E+00 0.34752156E+00 0.37527451E+00 0.39542164E+00 0.40288630E+00 0.39542164E+00 0.37527451E+00 0.34752156E+00 0.31699022E+00 0.28663525E+00 0.25774310E+00 0.23070850E+00 0.20557875E+00 0.18230867E+00 0.16086152E+00 0.14123407E+00 0.12344557E+00 0.10751597E+00 0.93446461E-01 0.81206194E-01
0.30438573E-01 0.29727275E-01 0.29011057E-01 0.28372258E-01 0.27888944E-01 0.27635045E-01 0.27682313E-01 0.28103572E-01 0.28976644E-01 0.30388340E-01 0.32438001E-01 0.35240130E-01 0.38925756E-01 0.43642153E-01 0.49550568E-01 0.56821566E-01 0.65627820E-01 0.76134473E-01 0.88487908E-01 0.10280444E+00 0.11916067E+00 0.13758672E+00 0.15806177E+00 0.18050962E+00 0.20478851E+00 0.23066473E+00 0.25775314E+00 0.28541024E+00 0.31258410E+00 0.33766337E+00 0.35843718E+00 0.37236505E+00 0.37729451E+00 0.37236505E+00 0.35843718E+00 0.33766337E+00 0.31258410E+00 0.28541024E+00 0.25775314E+00 0.23066473E+00 0.20478851E+00 0.18050962E+00 0.15806177E+00 0.13758672E+00 0.11916067E+00 0.10280444E+00 0.88487908E-01 0.76134473E-01
0.24272604E-01 0.23825392E-01 0.23392058E-01 0.23040290E-01 0.22836627E-01 0.22846785E-01 0.23137321E-01 0.23778251E-01 0.24846206E-01 0.26427688E-01 0.28622102E-01 0.31544250E-01 0.35326060E-01 0.40117289E-01 0.46084852E-01 0.53410345E-01 0.62285209E-01 0.72903048E-01 0.85448853E-01 0.10008528E+00 0.11693656E+00 0.13607050E+00 0.15747854E+00 0.18105260E+00 0.20655582E+00 0.23358271E+00 0.26150437E+00 0.28940082E+00 0.31600076E+00 0.33967602E+00 0.35855610E+00 0.37081034E+00 0.37506629E+00 0.37081034E+00 0.35855610E+00 0.33967602E+00 0.31600076E+00 0.28940082E+00 0.26150437E+00 0.23358271E+00 0.20655582E+00 0.18105260E+00 0.15747854E+00 0.13607050E+00 0.11693656E+00 0.10008528E+00 0.85448853E-01 0.72903048E-01
0.19349105E-01 0.19119139E-01 0.18921276E-01 0.18812399E-01 0.18850747E-01 0.19096350E-01 0.19612423E-01 0.20467433E-01 0.21737584E-01 0.23509432E-01 0.25882460E-01 0.28971450E-01 0.32908569E-01 0.37845009E-01 0.43951916E-01 0.51420100E-01 0.60457714E-01 0.71284847E-01 0.84123785E-01 0.99183813E-01 0.11663974E+00 0.13660388E+00 0.15909174E+00 0.18398219E+00 0.21097324E+00 0.23953551E+00 0.26886768E+00 0.29786375E+00 0.32511236E+00 0.34895878E+00 0.36765945E+00 0.37963284E+00 0.38375936E+00 0.37963284E+00 0.36765945E+00 0.34895878E+00 0.32511236E+00 0.29786375E+00 0.26886768E+00 0.23953551E+00 0.21097324E+00 0.18398219E+00 0.15909174E+00 0.13660388E+00 0.11663974E+00 0.99183813E-01 0.84123785E-01 0.71284847E-01
0.15445237E-01 0.15390223E-01 0.15385385E-01 0.15480215E-01 0.15727490E-01 0.16183779E-01 0.16910576E-01 0.17975910E-01 0.19456245E-01 0.21438560E-01 0.24022537E-01 0.27322893E-01 0.31471871E-01 0.36621906E-01 0.42948242E-01 0.50650948E-01 0.59955295E-01 0.71108836E-01 0.84373046E-01 0.10000708E+00 0.11824145E+00 0.13924044E+00 0.16305359E+00 0.18955931E+00 0.21840605E+00 0.24895966E+00 0.28026768E+00 0.31105448E+00 0.33976330E+00 0.36466114E+00 0.38401373E+00 0.39631693E+00 0.40054044E+00 0.39631693E+00 0.38401373E+00 0.36466114E+00 0.33976330E+00 0.31105448E+00 0.28026768E+00 0.24895966E+00 0.21840605E+00 0.18955931E+00 0.16305359E+00 0.13924044E+00 0.11824145E+00 0.10000708E+00 0.84373046E-01 0.71108836E-01
0.12371671E-01 0.12456141E-01 0.12608932E-01 0.12874998E-01 0.13304046E-01 0.13951060E-01 0.14877214E-01 0.16151069E-01 0.17850001E-01 0.20061832E-01 0.22886769E-01 0.26439815E-01 0.30853848E-01 0.36283504E-01 0.42909731E-01 0.50944371E-01 0.60633440E-01 0.72256850E-01 0.86121421E-01 0.10254341E+00 0.12181694E+00 0.14416595E+00 0.16968045E+00 0.19824215E+00 0.22944988E+00 0.26256025E+00 0.29646047E+00 0.32968968E+00 0.36051924E+00 0.38709438E+00 0.40762753E+00 0.42061918E+00 0.42506726E+00 0.42061918E+00 0.40762753E+00 0.38709438E+00 0.36051924E+00 0.32968968E+00 0.29646047E+00 0.26256025E+00 0.22944988E+00 0.19824215E+00 0.16968045E+00 0.14416595E+00 0.12181694E+00 0.10254341E+00 0.86121421E-01 0.72256850E-01
0.99693402E-02 0.10165229E-01 0.10447707E-01 0.10859475E-01 0.11449106E-01 0.12271549E-01 0.13388824E-01 0.14870884E-01 0.16796648E-01 0.19255319E-01 0.22348231E-01 0.26191556E-01 0.30920251E-01 0.36693523E-01 0.43701706E-01 0.52173805E-01 0.62383973E-01 0.74653919E-01 0.89346943E-01 0.10684830E+00 0.12752658E+00 0.15167280E+00 0.17941800E+00 0.21063789E+00 0.24486090E+00 0.28120318E+00 0.31835475E+00 0.35463355E+00 0.38811000E+00 0.41678768E+00 0.43881335E+00 0.45268407E+00 0.45742089E+00 0.45268407E+00 0.43881335E+00 0.41678768E+00 0.38811000E+00 0.35463355E+00 0.31835475E+00 0.28120318E+00 0.24486090E+00 0.21063789E+00 0.17941800E+00 0.15167280E+00 0.12752658E+00 0.10684830E+00 0.89346943E-01 0.74653919E-01
0.81058373E-02 0.83919478E-02 0.87829622E-02 0.93210958E-02 0.10055301E-01 0.11041717E-01 0.12344173E-01 0.14034764E-01 0.16194594E-01 0.18914931E-01 0.22299173E-01 0.26466151E-01 0.31555350E-01 0.37734447E-01 0.45209071E-01 0.54233847E-01 0.65122440E-01 0.78252636E-01 0.94060688E-01 0.11301770E+00 0.13558070E+00 0.16211374E+00 0.19278096E+00 0.22742466E+00 0.26545425E+00 0.30578075E+00 0.34682940E+00 0.38664508E+00 0.42307764E+00 0.45400790E+00 0.47756641E+00 0.49230753E+00 0.49732405E+00 0.49230753E+00 0.47756641E+00 0.45400790E+00 0.42307764E+00 0.38664508E+00 0.34682940E+00 0.30578075E+00 0.26545425E+00 0.22742466E+00 0.19278096E+00 0.16211374E+00 0.13558070E+00 0.11301770E+00 0.94060688E-01 0.78252636E-01
0.66717958E-02 0.70326538E-02 0.75166220E-02 0.81667371E-02 0.90334626E-02 0.10175067E-01 0.11657954E-01 0.13557016E-01 0.15956199E-01 0.18949674E-01 0.22644181E-01 0.27163316E-01 0.32654526E-01 0.39299339E-01 0.47326730E-01 0.57028341E-01 0.68772569E-01 0.83012299E-01 0.10027853E+00 0.12115000E+00 0.14618876E+00 0.17583524E+00 0.21026694E+00 0.24924180E+00 0.29196683E+00 0.33704396E+00 0.38253495E+00 0.42615131E+00 0.46552598E+00 0.49848985E+00 0.52327947E+00 0.53864038E+00 0.54384019E+00 0.53864038E+00 0.52327947E+00 0.49848985E+00 0.46552598E+00 0.42615131E+00 0.38253495E+00 0.33704396E+00 0.29196683E+00 0.24924180E+00 0.21026694E+00 0.17583524E+00 0.14618876E+00 0.12115000E+00 0.10027853E+00 0.83012299E-01
