examples/topond/topo_ureaPATO.SURFRHOO
DSAA
 161 161
-0.75589045E+01  0.75589045E+01  0.94486307E-01
-0.75589045E+01  0.75589045E+01  0.94486307E-01
 0.00000000E+00  0.00000000E+00
[rows 0 to 21 of 161, columns 96 to 143 of 161]
0.18377037E+00 0.18179800E+00 0.18132873E+00 0.18177555E+00 0.18252605E+00 0.18301012E+00 0.18275683E+00 0.18143579E+00 0.17888125E+00 0.17509843E+00 0.17025301E+00 0.16464534E+00 0.15867275E+00 0.15278570E+00 0.14744787E+00 0.14311324E+00 0.14023061E+00 0.13927024E+00 0.14073482E+00 0.14508154E+00 0.15247702E+00 0.16238145E+00 0.17314096E+00 0.18197562E+00 0.18571694E+00 0.18214509E+00 0.17110924E+00 0.15457044E+00 0.13553538E+00 0.11671317E+00 0.99741260E-01 0.85173780E-01 0.72894119E-01 0.62553353E-01 0.53837771E-01 0.46557141E-01 0.40627331E-01 0.36021399E-01 0.32730934E-01 0.30748746E-01 0.30068553E-01 0.30694441E-01 0.32655559E-01 0.36024625E-01 0.40940478E-01 0.47635004E-01 0.56463470E-01 0.67934667E-01
0.16482198E+00 0.16029917E+00 0.15739819E+00 0.15564469E+00 0.15453269E+00 0.15358290E+00 0.15239190E+00 0.15066821E+00 0.14825318E+00 0.14512649E+00 0.14139694E+00 0.13728016E+00 0.13306630E+00 0.12908260E+00 0.12565838E+00 0.12310178E+00 0.12169569E+00 0.12170920E+00 0.12340009E+00 0.12696219E+00 0.13237265E+00 0.13914787E+00 0.14612796E+00 0.15151441E+00 0.15333895E+00 0.15024933E+00 0.14214820E+00 0.13021816E+00 0.11631576E+00 0.10218600E+00 0.88975457E-01 0.77182088E-01 0.66874069E-01 0.57947908E-01 0.50295713E-01 0.43864897E-01 0.38651448E-01 0.34673055E-01 0.31948972E-01 0.30493950E-01 0.30323595E-01 0.31466937E-01 0.33983959E-01 0.37987957E-01 0.43673613E-01 0.51351276E-01 0.61486196E-01 0.74737888E-01
0.14864476E+00 0.14220924E+00 0.13746176E+00 0.13401781E+00 0.13145920E+00 0.12938369E+00 0.12744652E+00 0.12539063E+00 0.12306418E+00 0.12042491E+00 0.11753243E+00 0.11452983E+00 0.11161711E+00 0.10902043E+00 0.10696233E+00 0.10563930E+00 0.10521190E+00 0.10580561E+00 0.10750889E+00 0.11034236E+00 0.11417597E+00 0.11860425E+00 0.12285009E+00 0.12581464E+00 0.12635172E+00 0.12369163E+00 0.11777470E+00 0.10926493E+00 0.99235517E-01 0.88748031E-01 0.78571141E-01 0.69125792E-01 0.60584208E-01 0.53003292E-01 0.46416186E-01 0.40867079E-01 0.36409873E-01 0.33096382E-01 0.30969306E-01 0.30064105E-01 0.30418411E-01 0.32087088E-01 0.35162450E-01 0.39800643E-01 0.46255584E-01 0.54921163E-01 0.66380067E-01 0.81452982E-01
0.13483050E+00 0.12704631E+00 0.12097489E+00 0.11630072E+00 0.11267518E+00 0.10975844E+00 0.10725416E+00 0.10493431E+00 0.10265326E+00 0.10035127E+00 0.98048128E-01 0.95828454E-01 0.93820583E-01 0.92171913E-01 0.91024333E-01 0.90493938E-01 0.90658478E-01 0.91552529E-01 0.93163862E-01 0.95418249E-01 0.98141869E-01 0.10100810E+00 0.10350522E+00 0.10498023E+00 0.10478938E+00 0.10251195E+00 0.98113059E-01 0.91950907E-01 0.84624852E-01 0.76765198E-01 0.68881500E-01 0.61318020E-01 0.54288747E-01 0.47935901E-01 0.42372494E-01 0.37699346E-01 0.34005822E-01 0.31366839E-01 0.29843636E-01 0.29490307E-01 0.30365632E-01 0.32549908E-01 0.36167625E-01 0.41417783E-01 0.48613732E-01 0.58233388E-01 0.70977783E-01 0.87830027E-01
0.12297862E+00 0.11431542E+00 0.10735675E+00 0.10183904E+00 0.97467558E-01 0.93951873E-01 0.91034581E-01 0.88511476E-01 0.86242785E-01 0.84155814E-01 0.82239882E-01 0.80534758E-01 0.79114212E-01 0.78066677E-01 0.77475501E-01 0.77401554E-01 0.77870635E-01 0.78866465E-01 0.80326901E-01 0.82138028E-01 0.84121542E-01 0.86018873E-01 0.87488407E-01 0.88138850E-01 0.87608800E-01 0.85669977E-01 0.82303135E-01 0.77701988E-01 0.72203677E-01 0.66188856E-01 0.60003326E-01 0.53925900E-01 0.48173693E-01 0.42921346E-01 0.38316324E-01 0.34485334E-01 0.31535541E-01 0.29555887E-01 0.28621640E-01 0.28803045E-01 0.30178263E-01 0.32851354E-01 0.36977047E-01 0.42794656E-01 0.50673452E-01 0.61170416E-01 0.75097948E-01 0.93591800E-01
0.11274666E+00 0.10357430E+00 0.96072423E-01 0.90016398E-01 0.85153177E-01 0.81231290E-01 0.78024545E-01 0.75348380E-01 0.73068769E-01 0.71104240E-01 0.69421885E-01 0.68028398E-01 0.66957401E-01 0.66254494E-01 0.65961729E-01 0.66103363E-01 0.66674673E-01 0.67634862E-01 0.68903741E-01 0.70360398E-01 0.71842194E-01 0.73145386E-01 0.74033512E-01 0.74261670E-01 0.73618839E-01 0.71977249E-01 0.69327269E-01 0.65779699E-01 0.61534907E-01 0.56836291E-01 0.51929917E-01 0.47042099E-01 0.42373192E-01 0.38099148E-01 0.34373922E-01 0.31330620E-01 0.29082615E-01 0.27726471E-01 0.27347751E-01 0.28030176E-01 0.29868788E-01 0.32988566E-01 0.37570796E-01 0.43890002E-01 0.52364003E-01 0.63618144E-01 0.78560843E-01 0.98459011E-01
0.10387305E+00 0.94465565E-01 0.86675459E-01 0.80307603E-01 0.75141665E-01 0.70957314E-01 0.67553767E-01 0.64763007E-01 0.62456868E-01 0.60548620E-01 0.58989867E-01 0.57763680E-01 0.56874905E-01 0.56338727E-01 0.56168661E-01 0.56365277E-01 0.56906954E-01 0.57743679E-01 0.58794333E-01 0.59947179E-01 0.61063081E-01 0.61981730E-01 0.62532576E-01 0.62552443E-01 0.61909320E-01 0.60526995E-01 0.58401656E-01 0.55603402E-01 0.52262447E-01 0.48546864E-01 0.44640811E-01 0.40728792E-01 0.36986532E-01 0.33576223E-01 0.30644019E-01 0.28319083E-01 0.26714453E-01 0.25930197E-01 0.26059163E-01 0.27195778E-01 0.29448896E-01 0.32960580E-01 0.37933486E-01 0.44669921E-01 0.53625342E-01 0.65477419E-01 0.81207419E-01 0.10218108E+00
0.96179162E-01 0.86723375E-01 0.78819786E-01 0.72296041E-01 0.66957997E-01 0.62610751E-01 0.59074655E-01 0.56195991E-01 0.53852635E-01 0.51955345E-01 0.50445431E-01 0.49289532E-01 0.48472278E-01 0.47987607E-01 0.47829594E-01 0.47983736E-01 0.48419638E-01 0.49085977E-01 0.49908344E-01 0.50790210E-01 0.51616943E-01 0.52262784E-01 0.52600856E-01 0.52516036E-01 0.51919545E-01 0.50762472E-01 0.49044482E-01 0.46814937E-01 0.44166352E-01 0.41222887E-01 0.38127588E-01 0.35031199E-01 0.32083627E-01 0.29428003E-01 0.27197037E-01 0.25511511E-01 0.24480906E-01 0.24206218E-01 0.24785095E-01 0.26319866E-01 0.28929750E-01 0.32769370E-01 0.38056434E-01 0.45111831E-01 0.54414995E-01 0.66675669E-01 0.82918617E-01 0.10456757E+00
0.89558717E-01 0.80164192E-01 0.72252288E-01 0.65668227E-01 0.60239038E-01 0.55790852E-01 0.52161870E-01 0.49210912E-01 0.46821946E-01 0.44905201E-01 0.43395461E-01 0.42248178E-01 0.41433965E-01 0.40932063E-01 0.40723414E-01 0.40784022E-01 0.41079321E-01 0.41560228E-01 0.42161455E-01 0.42802394E-01 0.43390648E-01 0.43828019E-01 0.44018558E-01 0.43877994E-01 0.43343426E-01 0.42381642E-01 0.40994341E-01 0.39219039E-01 0.37125659E-01 0.34809923E-01 0.32385282E-01 0.29974942E-01 0.27705015E-01 0.25699322E-01 0.24076059E-01 0.22946374E-01 0.22414815E-01 0.22581635E-01 0.23547141E-01 0.25418817E-01 0.28322659E-01 0.32420978E-01 0.37939616E-01 0.45207848E-01 0.54713823E-01 0.67176650E-01 0.83631598E-01 0.10551454E+00
0.83961043E-01 0.74669842E-01 0.66795777E-01 0.60196832E-01 0.54716724E-01 0.50198774E-01 0.46496150E-01 0.43478567E-01 0.41035868E-01 0.39078976E-01 0.37538727E-01 0.36363032E-01 0.35512817E-01 0.34957162E-01 0.34668123E-01 0.34615732E-01 0.34763714E-01 0.35066449E-01 0.35467639E-01 0.35900948E-01 0.36292727E-01 0.36566617E-01 0.36649631E-01 0.36479006E-01 0.36008957E-01 0.35216268E-01 0.34103778E-01 0.32701170E-01 0.31063033E-01 0.29264770E-01 0.27397265E-01 0.25561285E-01 0.23862405E-01 0.22407033E-01 0.21299801E-01 0.20642431E-01 0.20534055E-01 0.21073004E-01 0.22360387E-01 0.24506257E-01 0.27639893E-01 0.31926466E-01 0.37593024E-01 0.44966939E-01 0.54529623E-01 0.66986490E-01 0.83349782E-01 0.10502089E+00
0.79372825E-01 0.70168426E-01 0.62329041E-01 0.55719929E-01 0.50196662E-01 0.45615769E-01 0.41842421E-01 0.38755412E-01 0.36249836E-01 0.34237862E-01 0.32647961E-01 0.31422900E-01 0.30516814E-01 0.29891651E-01 0.29513345E-01 0.29348082E-01 0.29359066E-01 0.29504194E-01 0.29734964E-01 0.29996869E-01 0.30231332E-01 0.30379053E-01 0.30384407E-01 0.30200367E-01 0.29793284E-01 0.29146808E-01 0.28264378E-01 0.27169907E-01 0.25906665E-01 0.24534681E-01 0.23127205E-01 0.21766885E-01 0.20542222E-01 0.19544753E-01 0.18867179E-01 0.18602550E-01 0.18844481E-01 0.19688510E-01 0.21234957E-01 0.23594135E-01 0.26895434E-01 0.31302478E-01 0.37037151E-01 0.44415466E-01 0.53897865E-01 0.66154839E-01 0.82144698E-01 0.10319130E+00
0.75801071E-01 0.66616397E-01 0.58767898E-01 0.52121004E-01 0.46537235E-01 0.41881662E-01 0.38028036E-01 0.34862013E-01 0.32282861E-01 0.30203931E-01 0.28552120E-01 0.27266492E-01 0.26296220E-01 0.25598044E-01 0.25133484E-01 0.24866079E-01 0.24758950E-01 0.24773000E-01 0.24866003E-01 0.24992766E-01 0.25106412E-01 0.25160697E-01 0.25113100E-01 0.24928279E-01 0.24581447E-01 0.24061154E-01 0.23371105E-01 0.22530768E-01 0.21574768E-01 0.20551274E-01 0.19519720E-01 0.18548306E-01 0.17711653E-01 0.17088935E-01 0.16762636E-01 0.16818003E-01 0.17343209E-01 0.18430346E-01 0.20177643E-01 0.22693741E-01 0.26105482E-01 0.30571253E-01 0.36302474E-01 0.43595955E-01 0.52879403E-01 0.64770874E-01 0.80149266E-01 0.10022527E+00
0.73258474E-01 0.63983352E-01 0.56049115E-01 0.49311910E-01 0.43631673E-01 0.38876274E-01 0.34923905E-01 0.31664340E-01 0.28999452E-01 0.26843182E-01 0.25121030E-01 0.23769083E-01 0.22732604E-01 0.21964263E-01 0.21422148E-01 0.21067738E-01 0.20864070E-01 0.20774324E-01 0.20761026E-01 0.20786019E-01 0.20811232E-01 0.20800205E-01 0.20720166E-01 0.20544415E-01 0.20254657E-01 0.19842969E-01 0.19313130E-01 0.18681159E-01 0.17975051E-01 0.17233834E-01 0.16506198E-01 0.15848947E-01 0.15325572E-01 0.15005098E-01 0.14961342E-01 0.15272590E-01 0.16021728E-01 0.17296940E-01 0.19193367E-01 0.21816497E-01 0.25288601E-01 0.29760075E-01 0.35427997E-01 0.42564302E-01 0.51555552E-01 0.62954915E-01 0.77543809E-01 0.96394325E-01
0.71751334E-01 0.62239891E-01 0.54117747E-01 0.47219471E-01 0.41393923E-01 0.36504725E-01 0.32429519E-01 0.29058858E-01 0.26295191E-01 0.24052018E-01 0.22253150E-01 0.20831910E-01 0.19730160E-01 0.18897102E-01 0.18287884E-01 0.17862134E-01 0.17582573E-01 0.17413875E-01 0.17321950E-01 0.17273744E-01 0.17237621E-01 0.17184279E-01 0.17088081E-01 0.16928630E-01 0.16692347E-01 0.16373834E-01 0.15976843E-01 0.15514743E-01 0.15010478E-01 0.14496093E-01 0.14011983E-01 0.13606049E-01 0.13332909E-01 0.13253297E-01 0.13433689E-01 0.13946165E-01 0.14868529E-01 0.16284781E-01 0.18286299E-01 0.20974406E-01 0.24465478E-01 0.28900211E-01 0.34459050E-01 0.41385846E-01 0.50021378E-01 0.60847177E-01 0.74537458E-01 0.92011923E-01
0.71269493E-01 0.61348220E-01 0.52917705E-01 0.45775641E-01 0.39748272E-01 0.34686594E-01 0.30461838E-01 0.26961437E-01 0.24085977E-01 0.21747145E-01 0.19866432E-01 0.18374267E-01 0.17209260E-01 0.16317394E-01 0.15651071E-01 0.15168062E-01 0.14830437E-01 0.14603638E-01 0.14455794E-01 0.14357390E-01 0.14281346E-01 0.14203474E-01 0.14103257E-01 0.13964830E-01 0.13777998E-01 0.13539153E-01 0.13251976E-01 0.12927826E-01 0.12585837E-01 0.12252758E-01 0.11962630E-01 0.11756417E-01 0.11681683E-01 0.11792378E-01 0.12148740E-01 0.12817317E-01 0.13871081E-01 0.15389747E-01 0.17460562E-01 0.20180144E-01 0.23658341E-01 0.28025476E-01 0.33444661E-01 0.40130893E-01 0.48378267E-01 0.58595545E-01 0.71348227E-01 0.87401347E-01
0.71777596E-01 0.61254894E-01 0.52385006E-01 0.44910704E-01 0.38622260E-01 0.33348489E-01 0.28947630E-01 0.25299640E-01 0.22300498E-01 0.19858468E-01 0.17891885E-01 0.16327931E-01 0.15101902E-01 0.14156611E-01 0.13441741E-01 0.12913090E-01 0.12531746E-01 0.12263288E-01 0.12077128E-01 0.11946068E-01 0.11846137E-01 0.11756713E-01 0.11660885E-01 0.11545998E-01 0.11404257E-01 0.11233320E-01 0.11036781E-01 0.10824496E-01 0.10612753E-01 0.10424305E-01 0.10288339E-01 0.10240417E-01 0.10322481E-01 0.10582903E-01 0.11076607E-01 0.11865202E-01 0.13017135E-01 0.14607899E-01 0.16720528E-01 0.19446824E-01 0.22890107E-01 0.27170597E-01 0.32434799E-01 0.38870270E-01 0.46726815E-01 0.56344209E-01 0.68184868E-01 0.82866926E-01
0.73207146E-01 0.61885155E-01 0.52443142E-01 0.44548944E-01 0.37942251E-01 0.32419400E-01 0.27818617E-01 0.24007772E-01 0.20875343E-01 0.18324450E-01 0.16269332E-01 0.14633478E-01 0.13348697E-01 0.12354591E-01 0.11598082E-01 0.11032866E-01 0.10618752E-01 0.10320963E-01 0.10109475E-01 0.99584810E-02 0.98460460E-02 0.97539665E-02 0.96678288E-02 0.95772214E-02 0.94760442E-02 0.93628467E-02 0.92411464E-02 0.91196893E-02 0.90126490E-02 0.89397788E-02 0.89265507E-02 0.90043153E-02 0.92105073E-02 0.95888954E-02 0.10189853E-01 0.11070608E-01 0.12295433E-01 0.13935817E-01 0.16070752E-01 0.18787488E-01 0.22183352E-01 0.26369513E-01 0.31477754E-01 0.37671344E-01 0.45160786E-01 0.54224446E-01 0.65232730E-01 0.78672264E-01
0.75449397E-01 0.63138636E-01 0.53000159E-01 0.44606237E-01 0.37631094E-01 0.31828207E-01 0.27008789E-01 0.23024060E-01 0.19752144E-01 0.17089332E-01 0.14944839E-01 0.13238008E-01 0.11896979E-01 0.10858082E-01 0.10065440E-01 0.94705496E-02 0.90317299E-02 0.87134848E-02 0.84858326E-02 0.83236923E-02 0.82063896E-02 0.81173178E-02 0.80437633E-02 0.79768758E-02 0.79117480E-02 0.78475670E-02 0.77877980E-02 0.77403805E-02 0.77179285E-02 0.77379427E-02 0.78230531E-02 0.80013077E-02 0.83065150E-02 0.87786268E-02 0.94641288E-02 0.10416388E-01 0.11695918E-01 0.13370555E-01 0.15515635E-01 0.18214424E-01 0.21559211E-01 0.25653749E-01 0.30617822E-01 0.36594776E-01 0.43762552E-01 0.52348183E-01 0.62644613E-01 0.75027133E-01
0.78349941E-01 0.64886708E-01 0.53947343E-01 0.44989254E-01 0.37607379E-01 0.31502793E-01 0.26453307E-01 0.22289361E-01 0.18876169E-01 0.16101695E-01 0.13869326E-01 0.12093881E-01 0.10699706E-01 0.96198439E-02 0.87956288E-02 0.81763250E-02 0.77186468E-02 0.73861512E-02 0.71485532E-02 0.69810421E-02 0.68636691E-02 0.67808542E-02 0.67210323E-02 0.66764394E-02 0.66430197E-02 0.66204298E-02 0.66121154E-02 0.66254445E-02 0.66718903E-02 0.67672668E-02 0.69320249E-02 0.71916170E-02 0.75769259E-02 0.81247415E-02 0.88782472E-02 0.98874662E-02 0.11209616E-01 0.12909349E-01 0.15058913E-01 0.17738383E-01 0.21036268E-01 0.25050921E-01 0.29893360E-01 0.35692052E-01 0.42600036E-01 0.50804296E-01 0.60536429E-01 0.72082581E-01
0.81706533E-01 0.66972150E-01 0.55159689E-01 0.45596118E-01 0.37785985E-01 0.31370340E-01 0.26088523E-01 0.21746942E-01 0.18195905E-01 0.15313915E-01 0.12997954E-01 0.11158098E-01 0.97148711E-02 0.85981000E-02 0.77464204E-02 0.71069197E-02 0.66346925E-02 0.62922457E-02 0.60487936E-02 0.58795129E-02 0.57648345E-02 0.56898272E-02 0.56437064E-02 0.56194777E-02 0.56137109E-02 0.56264289E-02 0.56610960E-02 0.57246926E-02 0.58278701E-02 0.59851867E-02 0.62154260E-02 0.65420020E-02 0.69934438E-02 0.76039397E-02 0.84139085E-02 0.94705451E-02 0.10828289E-01 0.12549174E-01 0.14703053E-01 0.17367780E-01 0.20629515E-01 0.24583432E-01 0.29335219E-01 0.35003713E-01 0.41724895E-01 0.49657087E-01 0.58986603E-01 0.69932312E-01
0.85272115E-01 0.69212111E-01 0.56498492E-01 0.46318523E-01 0.38079701E-01 0.31358495E-01 0.25852753E-01 0.21342921E-01 0.17663251E-01 0.14682167E-01 0.12290000E-01 0.10392069E-01 0.89051966E-02 0.77561785E-02 0.68811350E-02 0.62251267E-02 0.57417138E-02 0.53923623E-02 0.51457136E-02 0.49767873E-02 0.48661935E-02 0.47994194E-02 0.47662288E-02 0.47601960E-02 0.47783756E-02 0.48210997E-02 0.48918934E-02 0.49974960E-02 0.51479840E-02 0.53569930E-02 0.56420418E-02 0.60249565E-02 0.65323916E-02 0.71964296E-02 0.80552299E-02 0.91536808E-02 0.10544002E-01 0.12286246E-01 0.14448663E-01 0.17107947E-01 0.20349428E-01 0.24267363E-01 0.28965502E-01 0.34558126E-01 0.41171595E-01 0.48946214E-01 0.58037798E-01 0.68617812E-01
0.88764694E-01 0.71405150E-01 0.57816393E-01 0.47045331E-01 0.38401789E-01 0.31397183E-01 0.25687535E-01 0.21027122E-01 0.17234057E-01 0.14166727E-01 0.11708969E-01 0.97615836E-02 0.82379879E-02 0.70622508E-02 0.61682669E-02 0.54993130E-02 0.50075949E-02 0.46536438E-02 0.44055603E-02 0.42381714E-02 0.41321787E-02 0.40733661E-02 0.40519149E-02 0.40618514E-02 0.41006347E-02 0.41688825E-02 0.42702251E-02 0.44112803E-02 0.46017439E-02 0.48545933E-02 0.51864055E-02 0.56177922E-02 0.61739468E-02 0.68852937E-02 0.77882148E-02 0.89258162E-02 0.10348684E-01 0.12115572E-01 0.14293970E-01 0.16960511E-01 0.20201219E-01 0.24111601E-01 0.28796636E-01 0.34370658E-01 0.40957031E-01 0.48687358E-01 0.57699685E-01 0.68134899E-01
