examples/topond/topo_ureaCrys.SURFKKIN
DSAA
 161 161
-0.75589045E+01  0.75589045E+01  0.94486307E-01
-0.75589045E+01  0.75589045E+01  0.94486307E-01
 0.00000000E+00  0.00000000E+00
[rows 132 to 153 of 161, columns 96 to 143 of 161]
0.59024383E-02 0.57934291E-02 0.51287490E-02 0.40922275E-02 0.28819233E-02 0.16703266E-02 0.58332107E-03 -0.30498388E-03 -0.96649247E-03 -0.14076903E-02 -0.16568580E-02 -0.17527595E-02 -0.17361439E-02 -0.16443046E-02 -0.15082714E-02 -0.13519429E-02 -0.11924542E-02 -0.10411954E-02 -0.90505637E-03 -0.78763652E-03 -0.69027795E-03 -0.61287434E-03 -0.55447723E-03 -0.51368847E-03 -0.48896741E-03 -0.47884226E-03 -0.48209103E-03 -0.49791477E-03 -0.52619511E-03 -0.56773807E-03 -0.62456423E-03 -0.70016319E-03 -0.79961996E-03 -0.92945697E-03 -0.10969661E-02 -0.13087229E-02 -0.15678870E-02 -0.18698086E-02 -0.21954112E-02 -0.25018240E-02 -0.27099642E-02 -0.26891864E-02 -0.22402627E-02 -0.10794372E-02 0.11709877E-02 0.49772405E-02 0.10863832E-01 0.19352212E-01
0.55983462E-02 0.51188675E-02 0.42440482E-02 0.31450531E-02 0.19844156E-02 0.89230995E-03 -0.43924502E-04 -0.77953176E-03 -0.13051630E-02 -0.16365834E-02 -0.18042384E-02 -0.18445125E-02 -0.17934444E-02 -0.16829076E-02 -0.15388271E-02 -0.13808486E-02 -0.12228955E-02 -0.10741598E-02 -0.94020196E-03 -0.82396711E-03 -0.72661769E-03 -0.64819259E-03 -0.58801185E-03 -0.54502445E-03 -0.51800215E-03 -0.50571204E-03 -0.50705411E-03 -0.52125459E-03 -0.54807955E-03 -0.58808930E-03 -0.64293771E-03 -0.71564078E-03 -0.81073834E-03 -0.93420318E-03 -0.10928896E-02 -0.12932368E-02 -0.15388670E-02 -0.18266344E-02 -0.21406445E-02 -0.24437613E-02 -0.26662977E-02 -0.26919858E-02 -0.23421144E-02 -0.13602311E-02 0.59823369E-03 0.39643248E-02 0.92329013E-02 0.16911512E-01
0.49564781E-02 0.42229075E-02 0.32437855E-02 0.21623087E-02 0.11024478E-02 0.15584836E-03 -0.62209757E-03 -0.12091769E-02 -0.16091381E-02 -0.18430103E-02 -0.19409373E-02 -0.19356658E-02 -0.18580756E-02 -0.17346396E-02 -0.15864192E-02 -0.14291207E-02 -0.12737640E-02 -0.11276164E-02 -0.99514337E-03 -0.87883816E-03 -0.77986626E-03 -0.69854413E-03 -0.63461842E-03 -0.58748497E-03 -0.55631762E-03 -0.54018525E-03 -0.53815989E-03 -0.54949942E-03 -0.57384729E-03 -0.61149720E-03 -0.66369700E-03 -0.73292761E-03 -0.82311001E-03 -0.93958471E-03 -0.10886861E-02 -0.12766570E-02 -0.15075724E-02 -0.17798805E-02 -0.20811288E-02 -0.23804443E-02 -0.26184831E-02 -0.26948832E-02 -0.24539283E-02 -0.16702654E-02 -0.38196053E-04 0.28296547E-02 0.73866836E-02 0.14112075E-01
0.40506965E-02 0.31860760E-02 0.21995256E-02 0.12010313E-02 0.27846053E-03 -0.50879263E-03 -0.11300114E-02 -0.15789944E-02 -0.18675977E-02 -0.20188017E-02 -0.20605690E-02 -0.20211681E-02 -0.19261279E-02 -0.17966677E-02 -0.16492647E-02 -0.14959814E-02 -0.13451986E-02 -0.12024852E-02 -0.10714096E-02 -0.95418927E-03 -0.85219209E-03 -0.76616594E-03 -0.69644954E-03 -0.64303719E-03 -0.60562707E-03 -0.58368634E-03 -0.57652567E-03 -0.58347080E-03 -0.60405731E-03 -0.63830019E-03 -0.68699927E-03 -0.75205529E-03 -0.83669524E-03 -0.94553867E-03 -0.10843000E-02 -0.12589217E-02 -0.14738417E-02 -0.17290519E-02 -0.20155650E-02 -0.23089315E-02 -0.25605222E-02 -0.26866049E-02 -0.25557286E-02 -0.19758404E-02 -0.68389337E-03 0.16575547E-02 0.54505326E-02 0.11131780E-01
0.29881153E-02 0.21037394E-02 0.11885024E-02 0.32027812E-03 -0.44367275E-03 -0.10690237E-02 -0.15427550E-02 -0.18689672E-02 -0.20635590E-02 -0.21489531E-02 -0.21496466E-02 -0.20889666E-02 -0.19870921E-02 -0.18601877E-02 -0.17203832E-02 -0.15762988E-02 -0.14338302E-02 -0.12969722E-02 -0.11685192E-02 -0.10505690E-02 -0.94483151E-03 -0.85271192E-03 -0.77534149E-03 -0.71351087E-03 -0.66762154E-03 -0.63768470E-03 -0.62335778E-03 -0.62410465E-03 -0.63938881E-03 -0.66895101E-03 -0.71312983E-03 -0.77319189E-03 -0.85160964E-03 -0.95219515E-03 -0.10799289E-02 -0.12403152E-02 -0.14379925E-02 -0.16743106E-02 -0.19435484E-02 -0.22274642E-02 -0.24879396E-02 -0.26577184E-02 -0.26296239E-02 -0.22453325E-02 -0.12857968E-02 0.53326656E-03 0.35559866E-02 0.81654228E-02
0.18901267E-02 0.10756399E-02 0.28905558E-03 -0.41945023E-03 -0.10166618E-02 -0.14864125E-02 -0.18273361E-02 -0.20492371E-02 -0.21690148E-02 -0.22068301E-02 -0.21829822E-02 -0.21157080E-02 -0.20199463E-02 -0.19069586E-02 -0.17846139E-02 -0.16580908E-02 -0.15307480E-02 -0.14049544E-02 -0.12827320E-02 -0.11661307E-02 -0.10573696E-02 -0.95874126E-03 -0.87243883E-03 -0.80033090E-03 -0.74378119E-03 -0.70356480E-03 -0.67985609E-03 -0.67237577E-03 -0.68058744E-03 -0.70399037E-03 -0.74246030E-03 -0.79660746E-03 -0.86809525E-03 -0.95984098E-03 -0.10759830E-02 -0.12214257E-02 -0.14007909E-02 -0.16164925E-02 -0.18656767E-02 -0.21357705E-02 -0.23984412E-02 -0.26019573E-02 -0.26622374E-02 -0.24533915E-02 -0.17993096E-02 -0.46883024E-03 0.18219115E-02 0.53956042E-02
0.87914841E-03 0.20046389E-03 -0.41973676E-03 -0.95351158E-03 -0.13854019E-02 -0.17114629E-02 -0.19371175E-02 -0.20744150E-02 -0.21391859E-02 -0.21483955E-02 -0.21179640E-02 -0.20611937E-02 -0.19879525E-02 -0.19045967E-02 -0.18145179E-02 -0.17190843E-02 -0.16187049E-02 -0.15137801E-02 -0.14053466E-02 -0.12953989E-02 -0.11868031E-02 -0.10830269E-02 -0.98769673E-03 -0.90415687E-03 -0.83511501E-03 -0.78243764E-03 -0.74707665E-03 -0.72919858E-03 -0.72839132E-03 -0.74398325E-03 -0.77541616E-03 -0.82263801E-03 -0.88646885E-03 -0.96887014E-03 -0.10730211E-02 -0.12030654E-02 -0.13633624E-02 -0.15570190E-02 -0.17835067E-02 -0.20351286E-02 -0.22922055E-02 -0.25169407E-02 -0.26462027E-02 -0.25838065E-02 -0.21934377E-02 -0.12940538E-02 0.33963554E-03 0.29684129E-02
0.72657254E-04 -0.42439658E-03 -0.85526881E-03 -0.12092141E-02 -0.14831755E-02 -0.16804671E-02 -0.18092849E-02 -0.18812323E-02 -0.19098002E-02 -0.19086999E-02 -0.18901128E-02 -0.18631673E-02 -0.18330579E-02 -0.18010405E-02 -0.17652901E-02 -0.17223193E-02 -0.16685123E-02 -0.16014124E-02 -0.15205527E-02 -0.14276419E-02 -0.13263520E-02 -0.12216958E-02 -0.11192565E-02 -0.10244323E-02 -0.94183098E-03 -0.87489815E-03 -0.82575170E-03 -0.79529229E-03 -0.78342892E-03 -0.78944143E-03 -0.81240364E-03 -0.85162565E-03 -0.90707361E-03 -0.97970748E-03 -0.10716623E-02 -0.11861661E-02 -0.13270558E-02 -0.14977340E-02 -0.16993684E-02 -0.19281940E-02 -0.21717805E-02 -0.24042484E-02 -0.25806067E-02 -0.26306413E-02 -0.24531801E-02 -0.19120436E-02 -0.83551759E-03 0.97839185E-03
-0.41708359E-03 -0.70116958E-03 -0.93069314E-03 -0.11081678E-02 -0.12381067E-02 -0.13259013E-02 -0.13779064E-02 -0.14022441E-02 -0.14092694E-02 -0.14107846E-02 -0.14178672E-02 -0.14381221E-02 -0.14736041E-02 -0.15203742E-02 -0.15698649E-02 -0.16113907E-02 -0.16348989E-02 -0.16331333E-02 -0.16028483E-02 -0.15449822E-02 -0.14640898E-02 -0.13672415E-02 -0.12627340E-02 -0.11588641E-02 -0.10629545E-02 -0.98073874E-03 -0.91607294E-03 -0.87101532E-03 -0.84609142E-03 -0.84072390E-03 -0.85373202E-03 -0.88384885E-03 -0.93020665E-03 -0.99274771E-03 -0.10725018E-02 -0.11716516E-02 -0.12932818E-02 -0.14406837E-02 -0.16160823E-02 -0.18186350E-02 -0.20416370E-02 -0.22689018E-02 -0.24704312E-02 -0.25977105E-02 -0.25792035E-02 -0.23169731E-02 -0.16856996E-02 -0.53565499E-03
-0.48347773E-03 -0.53680166E-03 -0.56856987E-03 -0.59118417E-03 -0.61007113E-03 -0.62374085E-03 -0.62783428E-03 -0.62108463E-03 -0.60981483E-03 -0.60822793E-03 -0.63399943E-03 -0.70125809E-03 -0.81442932E-03 -0.96580270E-03 -0.11376127E-02 -0.13072188E-02 -0.14528905E-02 -0.15582608E-02 -0.16144956E-02 -0.16204811E-02 -0.15815572E-02 -0.15075304E-02 -0.14105017E-02 -0.13028949E-02 -0.11959280E-02 -0.10986441E-02 -0.10174520E-02 -0.95617715E-03 -0.91638449E-03 -0.89791841E-03 -0.89951891E-03 -0.91944437E-03 -0.95604870E-03 -0.10082735E-02 -0.10760169E-02 -0.11603257E-02 -0.12633372E-02 -0.13878776E-02 -0.15366107E-02 -0.17106419E-02 -0.19074852E-02 -0.21184108E-02 -0.23252270E-02 -0.24967432E-02 -0.25853189E-02 -0.25241432E-02 -0.22261092E-02 -0.15853420E-02
-0.36683168E-04 0.13095071E-03 0.25275641E-03 0.31223097E-03 0.31742038E-03 0.29666406E-03 0.28463597E-03 0.30481991E-03 0.35670679E-03 0.41382769E-03 0.43370527E-03 0.37529170E-03 0.21588188E-03 -0.40061881E-04 -0.36324029E-03 -0.71028839E-03 -0.10369778E-02 -0.13083639E-02 -0.15037168E-02 -0.16167002E-02 -0.16527029E-02 -0.16250357E-02 -0.15511232E-02 -0.14492706E-02 -0.13362684E-02 -0.12259078E-02 -0.11282894E-02 -0.10498457E-02 -0.99377004E-03 -0.96071482E-03 -0.94958671E-03 -0.95832226E-03 -0.98459056E-03 -0.10263856E-02 -0.10824870E-02 -0.11527614E-02 -0.12382600E-02 -0.13410512E-02 -0.14637127E-02 -0.16084064E-02 -0.17754846E-02 -0.19615917E-02 -0.21573518E-02 -0.23447615E-02 -0.24945997E-02 -0.25642784E-02 -0.24967262E-02 -0.22210042E-02
0.96362344E-03 0.12752138E-02 0.14120777E-02 0.13700532E-02 0.12033689E-02 0.10070799E-02 0.88127652E-03 0.89281913E-03 0.10498693E-02 0.12977533E-02 0.15374504E-02 0.16610598E-02 0.15911055E-02 0.13067950E-02 0.84614751E-03 0.28610191E-03 -0.28649709E-03 -0.79896710E-03 -0.12049826E-02 -0.14855791E-02 -0.16436969E-02 -0.16966618E-02 -0.16691844E-02 -0.15878636E-02 -0.14773811E-02 -0.13582453E-02 -0.12457891E-02 -0.11501803E-02 -0.10770177E-02 -0.10282777E-02 -0.10033584E-02 -0.10000809E-02 -0.10155629E-02 -0.10469404E-02 -0.10919283E-02 -0.11492189E-02 -0.12187034E-02 -0.13014844E-02 -0.13996325E-02 -0.15156328E-02 -0.16514738E-02 -0.18073671E-02 -0.19801098E-02 -0.21612248E-02 -0.23350300E-02 -0.24769585E-02 -0.25525063E-02 -0.25172744E-02
0.24560305E-02 0.27076200E-02 0.25657201E-02 0.20838698E-02 0.14252969E-02 0.80748613E-03 0.42813171E-03 0.40807194E-03 0.76438224E-03 0.14068776E-02 0.21555389E-02 0.27867776E-02 0.31050389E-02 0.30102908E-02 0.25249311E-02 0.17682185E-02 0.89935637E-03 0.62731612E-04 -0.64306018E-03 -0.11707267E-02 -0.15143406E-02 -0.16946380E-02 -0.17458321E-02 -0.17059578E-02 -0.16106669E-02 -0.14897849E-02 -0.13658849E-02 -0.12543214E-02 -0.11640904E-02 -0.10991374E-02 -0.10597627E-02 -0.10439290E-02 -0.10483744E-02 -0.10695004E-02 -0.11040493E-02 -0.11495948E-02 -0.12048608E-02 -0.12698677E-02 -0.13458839E-02 -0.14351492E-02 -0.15403347E-02 -0.16637170E-02 -0.18060828E-02 -0.19654038E-02 -0.21354371E-02 -0.23043954E-02 -0.24539796E-02 -0.25590597E-02
0.42439048E-02 0.40781000E-02 0.32407282E-02 0.19522170E-02 0.57600573E-03 -0.53512084E-03 -0.11562197E-02 -0.11986423E-02 -0.65510583E-03 0.41497299E-03 0.18357577E-02 0.32888904E-02 0.43931698E-02 0.48587986E-02 0.46052584E-02 0.37661419E-02 0.25974425E-02 0.13629200E-02 0.25783555E-03 -0.61320530E-03 -0.12218356E-02 -0.15889875E-02 -0.17603588E-02 -0.17892170E-02 -0.17260687E-02 -0.16133368E-02 -0.14833381E-02 -0.13583926E-02 -0.12520926E-02 -0.11711222E-02 -0.11171637E-02 -0.10886244E-02 -0.10820645E-02 -0.10933010E-02 -0.11182290E-02 -0.11534039E-02 -0.11964390E-02 -0.12462459E-02 -0.13031220E-02 -0.13686720E-02 -0.14455371E-02 -0.15369110E-02 -0.16458344E-02 -0.17742976E-02 -0.19222105E-02 -0.20863640E-02 -0.22595411E-02 -0.24299773E-02
0.60636319E-02 0.51052532E-02 0.33751395E-02 0.14956713E-02 0.10910587E-03 -0.51724766E-03 -0.59952104E-03 -0.51472958E-03 -0.35011770E-03 0.19389882E-03 0.14401730E-02 0.33082074E-02 0.52551152E-02 0.66026240E-02 0.69287239E-02 0.62330048E-02 0.48359961E-02 0.31613317E-02 0.15598641E-02 0.23873903E-03 -0.72738581E-03 -0.13519469E-02 -0.16930906E-02 -0.18235091E-02 -0.18131758E-02 -0.17210265E-02 -0.15920697E-02 -0.14576524E-02 -0.13373202E-02 -0.12413518E-02 -0.11733352E-02 -0.11324451E-02 -0.11152787E-02 -0.11172385E-02 -0.11335193E-02 -0.11597949E-02 -0.11926798E-02 -0.12300318E-02 -0.12711268E-02 -0.13167124E-02 -0.13689250E-02 -0.14310497E-02 -0.15071047E-02 -0.16012510E-02 -0.17170566E-02 -0.18566741E-02 -0.20200363E-02 -0.22041971E-02
0.78329240E-02 0.61551609E-02 0.44752530E-02 0.42918159E-02 0.64989172E-02 0.10409138E-01 0.13838065E-01 0.14588327E-01 0.12219141E-01 0.84142235E-02 0.55760275E-02 0.50362847E-02 0.64124808E-02 0.82969590E-02 0.93713935E-02 0.90717368E-02 0.75852608E-02 0.54732679E-02 0.32948956E-02 0.14167513E-02 -0.54472243E-05 -0.96431383E-03 -0.15296059E-02 -0.17976330E-02 -0.18629358E-02 -0.18053341E-02 -0.16857728E-02 -0.15468362E-02 -0.14154410E-02 -0.13063254E-02 -0.12254946E-02 -0.11731989E-02 -0.11462787E-02 -0.11398853E-02 -0.11486735E-02 -0.11675971E-02 -0.11924250E-02 -0.12200845E-02 -0.12488819E-02 -0.12786341E-02 -0.13107077E-02 -0.13479467E-02 -0.13944648E-02 -0.14552829E-02 -0.15358133E-02 -0.16412184E-02 -0.17756874E-02 -0.19417409E-02
0.10027478E-01 0.89943123E-02 0.11002233E-01 0.19345911E-01 0.34941116E-01 0.53969531E-01 0.68540143E-01 0.71312988E-01 0.60861610E-01 0.42778637E-01 0.25418389E-01 0.14417230E-01 0.10457058E-01 0.10790347E-01 0.12069212E-01 0.12220376E-01 0.10776130E-01 0.82618660E-02 0.54498302E-02 0.29185577E-02 0.94551002E-03 -0.42310229E-03 -0.12659420E-02 -0.17067559E-02 -0.18698791E-02 -0.18605129E-02 -0.17587996E-02 -0.16207057E-02 -0.14818294E-02 -0.13621216E-02 -0.12704244E-02 -0.12083005E-02 -0.11729918E-02 -0.11595382E-02 -0.11622044E-02 -0.11753937E-02 -0.11942148E-02 -0.12148371E-02 -0.12347300E-02 -0.12528280E-02 -0.12696389E-02 -0.12872795E-02 -0.13094112E-02 -0.13410449E-02 -0.13881958E-02 -0.14573914E-02 -0.15550423E-02 -0.16867469E-02
0.13893160E-01 0.17039726E-01 0.30634710E-01 0.61418282E-01 0.10990600E+00 0.16500610E+00 0.20582255E+00 0.21328465E+00 0.18372618E+00 0.13168398E+00 0.79078719E-01 0.41408048E-01 0.22097663E-01 0.15950510E-01 0.15585733E-01 0.15748291E-01 0.14339134E-01 0.11443721E-01 0.79581844E-02 0.46964371E-02 0.20928869E-02 0.25080435E-03 -0.91396979E-03 -0.15560854E-02 -0.18345934E-02 -0.18842477E-02 -0.18072748E-02 -0.16747930E-02 -0.15320608E-02 -0.14047297E-02 -0.13046928E-02 -0.12349213E-02 -0.11931223E-02 -0.11743057E-02 -0.11724674E-02 -0.11816228E-02 -0.11964128E-02 -0.12124571E-02 -0.12265796E-02 -0.12369718E-02 -0.12433312E-02 -0.12469557E-02 -0.12507738E-02 -0.12592700E-02 -0.12782724E-02 -0.13145835E-02 -0.13754581E-02 -0.14679473E-02
0.21062863E-01 0.34155634E-01 0.71444518E-01 0.14558339E+00 0.25625147E+00 0.37904113E+00 0.46899968E+00 0.48517872E+00 0.41973797E+00 0.30395411E+00 0.18493753E+00 0.96286790E-01 0.46454871E-01 0.26046628E-01 0.20770545E-01 0.19864679E-01 0.18231351E-01 0.14901035E-01 0.10699309E-01 0.66510295E-02 0.33631034E-02 0.10069563E-02 -0.50571775E-03 -0.13640085E-02 -0.17660031E-02 -0.18793117E-02 -0.18303056E-02 -0.17062839E-02 -0.15625565E-02 -0.14305122E-02 -0.13249874E-02 -0.12502307E-02 -0.12043285E-02 -0.11822493E-02 -0.11777851E-02 -0.11846981E-02 -0.11973497E-02 -0.12110287E-02 -0.12221386E-02 -0.12283332E-02 -0.12286464E-02 -0.12236091E-02 -0.12153381E-02 -0.12075427E-02 -0.12054150E-02 -0.12153697E-02 -0.12446178E-02 -0.13005905E-02
0.32443587E-01 0.61748258E-01 0.13537503E+00 0.27449050E+00 0.47768029E+00 0.70109323E+00 0.86414410E+00 0.89323971E+00 0.77431264E+00 0.56368489E+00 0.34590830E+00 0.18116224E+00 0.85077244E-01 0.42131397E-01 0.28208874E-01 0.24776756E-01 0.22419041E-01 0.18488364E-01 0.13503554E-01 0.86324921E-02 0.46406348E-02 0.17636642E-02 -0.95129096E-04 -0.11637832E-02 -0.16828826E-02 -0.18549084E-02 -0.18311137E-02 -0.17149528E-02 -0.15713329E-02 -0.14367945E-02 -0.13285653E-02 -0.12517347E-02 -0.12044791E-02 -0.11815797E-02 -0.11766081E-02 -0.11831595E-02 -0.11954775E-02 -0.12087345E-02 -0.12191526E-02 -0.12240854E-02 -0.12221116E-02 -0.12131490E-02 -0.11985654E-02 -0.11812382E-02 -0.11655254E-02 -0.11570937E-02 -0.11625894E-02 -0.11891488E-02
0.47017880E-01 0.95817026E-01 0.21163892E+00 0.42516647E+00 0.73378994E+00 0.10717085E+01 0.13179078E+01 0.13616625E+01 0.11818282E+01 0.86324909E+00 0.53301143E+00 0.28135482E+00 0.13194285E+00 0.62364100E-01 0.37583245E-01 0.30476974E-01 0.26823671E-01 0.22030015E-01 0.16161909E-01 0.10450184E-01 0.57749453E-02 0.24121874E-02 0.24403066E-03 -0.10028444E-02 -0.16140596E-02 -0.18273040E-02 -0.18178826E-02 -0.17040308E-02 -0.15587952E-02 -0.14225415E-02 -0.13138051E-02 -0.12377123E-02 -0.11919886E-02 -0.11709173E-02 -0.11677222E-02 -0.11758472E-02 -0.11895389E-02 -0.12040414E-02 -0.12156272E-02 -0.12215974E-02 -0.12203169E-02 -0.12112992E-02 -0.11953162E-02 -0.11744909E-02 -0.11523194E-02 -0.11335783E-02 -0.11240796E-02 -0.11302731E-02
0.61791093E-01 0.12715175E+00 0.27744287E+00 0.55053385E+00 0.94251349E+00 0.13702380E+01 0.16813389E+01 0.17365145E+01 0.15091902E+01 0.11061303E+01 0.68729017E+00 0.36643796E+00 0.17385222E+00 0.82045469E-01 0.47586321E-01 0.36662559E-01 0.31285874E-01 0.25319773E-01 0.18442399E-01 0.11891958E-01 0.65963861E-02 0.28277513E-02 0.42490571E-03 -0.93920723E-03 -0.15968612E-02 -0.18195524E-02 -0.18041189E-02 -0.16808764E-02 -0.15284929E-02 -0.13890744E-02 -0.12808316E-02 -0.12077298E-02 -0.11662288E-02 -0.11496113E-02 -0.11504971E-02 -0.11621058E-02 -0.11787439E-02 -0.11958763E-02 -0.12100311E-02 -0.12186927E-02 -0.12202575E-02 -0.12140684E-02 -0.12005059E-02 -0.11810906E-02 -0.11585427E-02 -0.11367475E-02 -0.11205905E-02 -0.11156436E-02
