examples/topond/topo_ureaCrys.SURFGRHO
DSAA
 161 161
-0.75589045E+01  0.75589045E+01  0.94486307E-01
-0.75589045E+01  0.75589045E+01  0.94486307E-01
 0.00000000E+00  0.00000000E+00
[rows 0 to 21 of 161, columns 0 to 47 of 161]
0.13172175E+01 0.13282047E+01 0.13254175E+01 0.13090720E+01 0.12800529E+01 0.12386831E+01 0.11838072E+01 0.11130532E+01 0.10244568E+01 0.91869292E+00 0.80036591E+00 0.67728166E+00 0.55813193E+00 0.45006575E+00 0.35733564E+00 0.28122957E+00 0.22080993E+00 0.17387059E+00 0.13774036E+00 0.10980927E+00 0.87803533E-01 0.69884818E-01 0.54644689E-01 0.41044094E-01 0.28329809E-01 0.15947661E-01 0.34627929E-02 0.95183658E-02 0.23432193E-01 0.38907088E-01 0.56988473E-01 0.79435604E-01 0.10891630E+00 0.14873290E+00 0.20161063E+00 0.26739041E+00 0.34054219E+00 0.40991229E+00 0.46289300E+00 0.49202545E+00 0.49757747E+00 0.48362601E+00 0.45448172E+00 0.41610768E+00 0.37727480E+00 0.34647437E+00 0.32789879E+00 0.32066563E+00
0.14649598E+01 0.14881898E+01 0.14820759E+01 0.14491164E+01 0.14000352E+01 0.13434152E+01 0.12814390E+01 0.12111321E+01 0.11269396E+01 0.10245285E+01 0.90450300E+00 0.77339334E+00 0.64126704E+00 0.51793311E+00 0.41016137E+00 0.32087436E+00 0.24982218E+00 0.19481181E+00 0.15283080E+00 0.12080991E+00 0.96031827E-01 0.76288738E-01 0.59892266E-01 0.45608830E-01 0.32566574E-01 0.20171212E-01 0.81925622E-02 0.59532053E-02 0.18581779E-01 0.32858537E-01 0.49085999E-01 0.68421370E-01 0.92643024E-01 0.12396605E+00 0.16430378E+00 0.21387413E+00 0.26965461E+00 0.32493107E+00 0.37109606E+00 0.40108687E+00 0.41192604E+00 0.40480638E+00 0.38401372E+00 0.35602495E+00 0.32807951E+00 0.30587582E+00 0.29183704E+00 0.28524692E+00
0.18697001E+01 0.19826370E+01 0.19514718E+01 0.18010984E+01 0.16286483E+01 0.14899216E+01 0.13843108E+01 0.12956761E+01 0.12087823E+01 0.11105519E+01 0.99374349E+00 0.86025612E+00 0.71959528E+00 0.58373766E+00 0.46229958E+00 0.36037172E+00 0.27881797E+00 0.21571228E+00 0.16782316E+00 0.13166943E+00 0.10410299E+00 0.82546513E-01 0.65028654E-01 0.50119327E-01 0.36829546E-01 0.24529911E-01 0.13069899E-01 0.61202964E-02 0.14570726E-01 0.27266703E-01 0.41637237E-01 0.58161456E-01 0.77873400E-01 0.10209335E+00 0.13198100E+00 0.16773655E+00 0.20769879E+00 0.24796396E+00 0.28314271E+00 0.30816239E+00 0.32011920E+00 0.31916345E+00 0.30824059E+00 0.29202578E+00 0.27537367E+00 0.26179696E+00 0.25269899E+00 0.24765653E+00
0.38236312E+01 0.46130184E+01 0.43897174E+01 0.33747765E+01 0.23915327E+01 0.18180930E+01 0.15388028E+01 0.13850821E+01 0.12764054E+01 0.11763841E+01 0.10642115E+01 0.93288402E+00 0.78841614E+00 0.64363827E+00 0.51085575E+00 0.39764899E+00 0.30636355E+00 0.23560345E+00 0.18207226E+00 0.14195846E+00 0.11172519E+00 0.88447998E-01 0.69885017E-01 0.54416107E-01 0.40935501E-01 0.28761943E-01 0.17711545E-01 0.94634772E-02 0.12075883E-01 0.22442543E-01 0.34914476E-01 0.48985222E-01 0.65077684E-01 0.83860695E-01 0.10592694E+00 0.13134922E+00 0.15918953E+00 0.18725970E+00 0.21245175E+00 0.23166337E+00 0.24290779E+00 0.24602349E+00 0.24264630E+00 0.23550514E+00 0.22739183E+00 0.22028041E+00 0.21496679E+00 0.21126834E+00
0.13605402E+02 0.18503426E+02 0.17091584E+02 0.10940843E+02 0.54983395E+01 0.28009205E+01 0.18418668E+01 0.15027252E+01 0.13387701E+01 0.12250883E+01 0.11151501E+01 0.98837181E+00 0.84410212E+00 0.69419823E+00 0.55299801E+00 0.43056451E+00 0.33092949E+00 0.25343494E+00 0.19487422E+00 0.15120959E+00 0.11858412E+00 0.93771807E-01 0.74290282E-01 0.58347542E-01 0.44727959E-01 0.32687903E-01 0.21968509E-01 0.13418241E-01 0.11628095E-01 0.18677877E-01 0.29084251E-01 0.40982829E-01 0.54229830E-01 0.69044508E-01 0.85649641E-01 0.10400744E+00 0.12356527E+00 0.14312907E+00 0.16101334E+00 0.17549563E+00 0.18539819E+00 0.19049874E+00 0.19155038E+00 0.18991112E+00 0.18699173E+00 0.18380120E+00 0.18077426E+00 0.17788100E+00
0.54079543E+02 0.82967490E+02 0.74154191E+02 0.40293100E+02 0.15900419E+02 0.55774342E+01 0.24747384E+01 0.16699141E+01 0.14005528E+01 0.12596612E+01 0.11476996E+01 0.10258541E+01 0.88448233E+00 0.73281696E+00 0.58630801E+00 0.45715961E+00 0.35106118E+00 0.26818611E+00 0.20553799E+00 0.15896275E+00 0.12437177E+00 0.98303972E-01 0.78083657E-01 0.61777929E-01 0.48077738E-01 0.36178364E-01 0.25740415E-01 0.17168945E-01 0.12897334E-01 0.16208283E-01 0.24252351E-01 0.34126205E-01 0.45078161E-01 0.56994664E-01 0.69871715E-01 0.83602670E-01 0.97838332E-01 0.11192391E+00 0.12496729E+00 0.13605017E+00 0.14450471E+00 0.15011821E+00 0.15315515E+00 0.15419004E+00 0.15385084E+00 0.15260862E+00 0.15070036E+00 0.14818294E+00
0.20033598E+03 0.37100013E+03 0.31402421E+03 0.13352910E+03 0.40279407E+02 0.11122793E+02 0.35445529E+01 0.18813013E+01 0.14559285E+01 0.12798989E+01 0.11632072E+01 0.10458298E+01 0.90876798E+00 0.75791673E+00 0.60902858E+00 0.47587921E+00 0.36554688E+00 0.27898374E+00 0.21346370E+00 0.16481580E+00 0.12881868E+00 0.10185839E+00 0.81127680E-01 0.64595272E-01 0.50884527E-01 0.39141605E-01 0.28958019E-01 0.20472758E-01 0.14968323E-01 0.15080177E-01 0.20486089E-01 0.28358358E-01 0.37348960E-01 0.47048897E-01 0.57302997E-01 0.67963799E-01 0.78786596E-01 0.89391017E-01 0.99289445E-01 0.10798004E+00 0.11507007E+00 0.12037053E+00 0.12391350E+00 0.12588758E+00 0.12653331E+00 0.12605699E+00 0.12460019E+00 0.12226307E+00
0.53349689E+03 0.15705107E+04 0.11257828E+04 0.31114918E+03 0.73696333E+02 0.17345317E+02 0.46392818E+01 0.20604417E+01 0.14864567E+01 0.12819762E+01 0.11623287E+01 0.10493970E+01 0.91718005E+00 0.76888840E+00 0.62016992E+00 0.48572157E+00 0.37355334E+00 0.28520534E+00 0.21821458E+00 0.16847204E+00 0.13172430E+00 0.10429602E+00 0.83320114E-01 0.66717990E-01 0.53078592E-01 0.41518682E-01 0.31579750E-01 0.23234103E-01 0.17148196E-01 0.15032999E-01 0.17797342E-01 0.23630016E-01 0.30837272E-01 0.38720607E-01 0.46996665E-01 0.55485135E-01 0.63991968E-01 0.72270718E-01 0.80028783E-01 0.86966123E-01 0.92828807E-01 0.97452659E-01 0.10077702E+00 0.10282586E+00 0.10367197E+00 0.10340666E+00 0.10212895E+00 0.99953055E-01
0.65521672E+03 0.26138988E+04 0.15320015E+04 0.36397048E+03 0.82206384E+02 0.18828827E+02 0.48938393E+01 0.20829269E+01 0.14699908E+01 0.12614814E+01 0.11454270E+01 0.10378226E+01 0.91052789E+00 0.76589868E+00 0.61949519E+00 0.48630546E+00 0.37470975E+00 0.28655142E+00 0.21957027E+00 0.16977649E+00 0.13298066E+00 0.10553979E+00 0.84602919E-01 0.68099614E-01 0.54621723E-01 0.43280742E-01 0.33589909E-01 0.25417799E-01 0.19087340E-01 0.15610499E-01 0.16098325E-01 0.19894343E-01 0.25412104E-01 0.31712440E-01 0.38381250E-01 0.45198729E-01 0.51990580E-01 0.58575127E-01 0.64753947E-01 0.70325313E-01 0.75107685E-01 0.78961481E-01 0.81800499E-01 0.83590985E-01 0.84343249E-01 0.84103237E-01 0.82948629E-01 0.80988757E-01
0.30775116E+03 0.64692429E+03 0.52164128E+03 0.19682446E+03 0.53962515E+02 0.13990191E+02 0.40480180E+01 0.19073298E+01 0.13995218E+01 0.12179169E+01 0.11136128E+01 0.10124560E+01 0.88990925E+00 0.74968552E+00 0.60744222E+00 0.47786779E+00 0.36913486E+00 0.28307689E+00 0.21755295E+00 0.16873492E+00 0.13258513E+00 0.10558264E+00 0.84966918E-01 0.68730742E-01 0.55506753E-01 0.44426498E-01 0.34996447E-01 0.27024301E-01 0.20635289E-01 0.16394224E-01 0.15181332E-01 0.17081049E-01 0.20984194E-01 0.25853208E-01 0.31146566E-01 0.36592610E-01 0.42016621E-01 0.47267977E-01 0.52197033E-01 0.56654955E-01 0.60503576E-01 0.63627477E-01 0.65943337E-01 0.67404686E-01 0.68002763E-01 0.67765382E-01 0.66754951E-01 0.65065492E-01
0.92204014E+02 0.15013063E+03 0.13201549E+03 0.66294282E+02 0.24099025E+02 0.76388161E+01 0.28127318E+01 0.16261763E+01 0.12915125E+01 0.11566368E+01 0.10692128E+01 0.97472502E+00 0.85657556E+00 0.72142881E+00 0.58503579E+00 0.46121376E+00 0.35741200E+00 0.27517998E+00 0.21242322E+00 0.16551272E+00 0.13064042E+00 0.10448766E+00 0.84451414E-01 0.68637861E-01 0.55755330E-01 0.44979066E-01 0.35827956E-01 0.28078982E-01 0.21742499E-01 0.17112112E-01 0.14768484E-01 0.15071734E-01 0.17470846E-01 0.21029839E-01 0.25116563E-01 0.29399286E-01 0.33688301E-01 0.37845825E-01 0.41749849E-01 0.45284410E-01 0.48341794E-01 0.50829231E-01 0.52676000E-01 0.53838870E-01 0.54305163E-01 0.54093467E-01 0.53252149E-01 0.51855801E-01
0.24161131E+02 0.33964157E+02 0.31101357E+02 0.18970701E+02 0.86156682E+01 0.35862950E+01 0.18725065E+01 0.13547116E+01 0.11730322E+01 0.10861731E+01 0.10150829E+01 0.92604467E+00 0.81194317E+00 0.68271857E+00 0.55381485E+00 0.43763603E+00 0.34052131E+00 0.26355334E+00 0.20464777E+00 0.16041464E+00 0.12734209E+00 0.10238027E+00 0.83138944E-01 0.67879207E-01 0.55414015E-01 0.44981980E-01 0.36129933E-01 0.28625277E-01 0.22412697E-01 0.17623820E-01 0.14598996E-01 0.13696946E-01 0.14772156E-01 0.17142957E-01 0.20164446E-01 0.23450488E-01 0.26786790E-01 0.30036745E-01 0.33094149E-01 0.35865359E-01 0.38265737E-01 0.40222321E-01 0.41678488E-01 0.42598296E-01 0.42969346E-01 0.42803633E-01 0.42136317E-01 0.41022688E-01
0.61892686E+01 0.79572052E+01 0.74562078E+01 0.51887057E+01 0.30238040E+01 0.18265752E+01 0.13339268E+01 0.11451907E+01 0.10645522E+01 0.10134475E+01 0.95342325E+00 0.86776195E+00 0.75772096E+00 0.63558406E+00 0.51576221E+00 0.40880716E+00 0.31973873E+00 0.24910620E+00 0.19484540E+00 0.15384957E+00 0.12295629E+00 0.99434148E-01 0.81146123E-01 0.66538277E-01 0.54549075E-01 0.44494595E-01 0.35960640E-01 0.28719192E-01 0.22679129E-01 0.17875790E-01 0.14484713E-01 0.12763168E-01 0.12761833E-01 0.14086269E-01 0.16172268E-01 0.18605201E-01 0.21143467E-01 0.23643583E-01 0.26006880E-01 0.28154663E-01 0.30019591E-01 0.31544788E-01 0.32686019E-01 0.33414453E-01 0.33718652E-01 0.33605172E-01 0.33097668E-01 0.32234890E-01
0.19403721E+01 0.22157057E+01 0.21388201E+01 0.17786242E+01 0.14039181E+01 0.11652787E+01 0.10492549E+01 0.99946531E+00 0.97303622E+00 0.94089636E+00 0.88526627E+00 0.80134788E+00 0.69609432E+00 0.58250881E+00 0.47320395E+00 0.37664343E+00 0.29651190E+00 0.23286907E+00 0.18372047E+00 0.14628648E+00 0.11779156E+00 0.95853398E-01 0.78612084E-01 0.64715934E-01 0.53240569E-01 0.43587231E-01 0.35386870E-01 0.28424563E-01 0.22591327E-01 0.17865395E-01 0.14316534E-01 0.12093288E-01 0.11293109E-01 0.11741061E-01 0.13018373E-01 0.14724926E-01 0.16598583E-01 0.18484485E-01 0.20285141E-01 0.21930754E-01 0.23366127E-01 0.24546489E-01 0.25437331E-01 0.26015571E-01 0.26270633E-01 0.26204809E-01 0.25832865E-01 0.25181389E-01
0.99046996E+00 0.10237251E+01 0.10144860E+01 0.97075651E+00 0.92553442E+00 0.90088812E+00 0.89651960E+00 0.89968754E+00 0.89443554E+00 0.86714562E+00 0.81112477E+00 0.72881310E+00 0.62984394E+00 0.52635249E+00 0.42865196E+00 0.34314241E+00 0.27232540E+00 0.21589371E+00 0.17199344E+00 0.13820838E+00 0.11216901E+00 0.91853479E-01 0.75686204E-01 0.62522138E-01 0.51576360E-01 0.42336461E-01 0.34479989E-01 0.27809013E-01 0.22206917E-01 0.17618002E-01 0.14046041E-01 0.11554421E-01 0.10216891E-01 0.99791153E-02 0.10577397E-01 0.11670886E-01 0.12993946E-01 0.14380419E-01 0.15729536E-01 0.16975386E-01 0.18070365E-01 0.18978090E-01 0.19671118E-01 0.20130701E-01 0.20347101E-01 0.20319886E-01 0.20058273E-01 0.19582212E-01
0.73045444E+00 0.72427076E+00 0.72577428E+00 0.73541121E+00 0.75434707E+00 0.78053402E+00 0.80705739E+00 0.82373244E+00 0.82027877E+00 0.78994219E+00 0.73221518E+00 0.65303369E+00 0.56226385E+00 0.47014181E+00 0.38459183E+00 0.31020848E+00 0.24856965E+00 0.19915989E+00 0.16033700E+00 0.13006978E+00 0.10639471E+00 0.87643428E-01 0.72516568E-01 0.60068220E-01 0.49646607E-01 0.40820889E-01 0.33312468E-01 0.26940635E-01 0.21586227E-01 0.17173031E-01 0.13663934E-01 0.11063461E-01 0.94028499E-02 0.86710656E-02 0.87243571E-02 0.93082574E-02 0.10177125E-01 0.11159097E-01 0.12148092E-01 0.13078262E-01 0.13905814E-01 0.14599581E-01 0.15136936E-01 0.15502372E-01 0.15687291E-01 0.15690506E-01 0.15519682E-01 0.15194733E-01
0.63568629E+00 0.62201816E+00 0.62554093E+00 0.64541299E+00 0.67680369E+00 0.71172722E+00 0.74048082E+00 0.75356384E+00 0.74391798E+00 0.70893532E+00 0.65124390E+00 0.57766313E+00 0.49683383E+00 0.41675984E+00 0.34324907E+00 0.27948866E+00 0.22642770E+00 0.18349766E+00 0.14932345E+00 0.12226163E+00 0.10073670E+00 0.83410992E-01 0.69240272E-01 0.57460348E-01 0.47539127E-01 0.39117655E-01 0.31955089E-01 0.25885442E-01 0.20788693E-01 0.16575549E-01 0.13183308E-01 0.10578135E-01 0.87527468E-02 0.76977360E-02 0.73397723E-02 0.75109763E-02 0.80072437E-02 0.86616622E-02 0.93638118E-02 0.10045544E-01 0.10663974E-01 0.11190647E-01 0.11606033E-01 0.11897221E-01 0.12057476E-01 0.12087308E-01 0.11997555E-01 0.11815909E-01
0.58311024E+00 0.56924333E+00 0.57285217E+00 0.59275637E+00 0.62258870E+00 0.65309130E+00 0.67470809E+00 0.67970554E+00 0.66374082E+00 0.62666154E+00 0.57219772E+00 0.50659034E+00 0.43673944E+00 0.36861506E+00 0.30637932E+00 0.25224005E+00 0.20678898E+00 0.16952992E+00 0.13938602E+00 0.11508565E+00 0.95408155E-01 0.79311616E-01 0.65976141E-01 0.54794555E-01 0.45335820E-01 0.37299740E-01 0.30474835E-01 0.24705545E-01 0.19870540E-01 0.15871255E-01 0.12628485E-01 0.10084057E-01 0.82022904E-02 0.69602966E-02 0.63151075E-02 0.61652537E-02 0.63590798E-02 0.67475827E-02 0.72202422E-02 0.77059931E-02 0.81609179E-02 0.85574417E-02 0.88779636E-02 0.91119981E-02 0.92558630E-02 0.93147966E-02 0.93083434E-02 0.92806334E-02
0.53055856E+00 0.51834694E+00 0.52154596E+00 0.53891951E+00 0.56397534E+00 0.58785337E+00 0.60226902E+00 0.60141780E+00 0.58287368E+00 0.54762762E+00 0.49935916E+00 0.44319826E+00 0.38440648E+00 0.32737378E+00 0.27511719E+00 0.22924145E+00 0.19019454E+00 0.15763694E+00 0.13079564E+00 0.10873892E+00 0.90557281E-01 0.75461716E-01 0.62820122E-01 0.52153429E-01 0.43110199E-01 0.35434076E-01 0.28933432E-01 0.23457953E-01 0.18883381E-01 0.15103575E-01 0.12028122E-01 0.95835181E-02 0.77151793E-02 0.63852221E-02 0.55578514E-02 0.51717587E-02 0.51249498E-02 0.52969719E-02 0.55840999E-02 0.59137521E-02 0.62401038E-02 0.65352812E-02 0.67829505E-02 0.69753563E-02 0.71135648E-02 0.72111542E-02 0.73023204E-02 0.74550977E-02
0.46500885E+00 0.45395811E+00 0.45686630E+00 0.47249329E+00 0.49447488E+00 0.51458438E+00 0.52574375E+00 0.52356686E+00 0.50671652E+00 0.47652716E+00 0.43618726E+00 0.38974316E+00 0.34118515E+00 0.29380663E+00 0.24990214E+00 0.21075642E+00 0.17681762E+00 0.14794539E+00 0.12365419E+00 0.10330964E+00 0.86264280E-01 0.71936373E-01 0.59843368E-01 0.49604464E-01 0.40925963E-01 0.33580361E-01 0.27386427E-01 0.22193863E-01 0.17873459E-01 0.14312071E-01 0.11411151E-01 0.90874832E-02 0.72746839E-02 0.59232217E-02 0.49947642E-02 0.44468713E-02 0.42147588E-02 0.42106894E-02 0.43454386E-02 0.45484035E-02 0.47722234E-02 0.49882162E-02 0.51811287E-02 0.53466842E-02 0.54928415E-02 0.56453335E-02 0.58577080E-02 0.62232241E-02
0.38856264E+00 0.37700901E+00 0.38005927E+00 0.39633487E+00 0.41898309E+00 0.43973373E+00 0.45210456E+00 0.45254244E+00 0.44029230E+00 0.41673818E+00 0.38458078E+00 0.34704573E+00 0.30724736E+00 0.26777360E+00 0.23049553E+00 0.19655802E+00 0.16648638E+00 0.14034597E+00 0.11790685E+00 0.98784858E-01 0.82545800E-01 0.68771489E-01 0.57092948E-01 0.47199942E-01 0.38836494E-01 0.31790471E-01 0.25882686E-01 0.20958297E-01 0.16881282E-01 0.13531635E-01 0.10804500E-01 0.86104346E-02 0.68760860E-02 0.55443337E-02 0.45721136E-02 0.39231029E-02 0.35548209E-02 0.34088275E-02 0.34161238E-02 0.35132312E-02 0.36531395E-02 0.38066502E-02 0.39598761E-02 0.41131373E-02 0.42835531E-02 0.45117742E-02 0.48706701E-02 0.54687014E-02
0.30894510E+00 0.29456011E+00 0.29838037E+00 0.31850644E+00 0.34603771E+00 0.37142960E+00 0.38819730E+00 0.39336335E+00 0.38667680E+00 0.36964677E+00 0.34469995E+00 0.31454020E+00 0.28171500E+00 0.24836267E+00 0.21610200E+00 0.18602457E+00 0.15875405E+00 0.13454179E+00 0.11337376E+00 0.95070239E-01 0.79366562E-01 0.65970150E-01 0.54594969E-01 0.44978179E-01 0.36885135E-01 0.30108320E-01 0.24464162E-01 0.19789917E-01 0.15941474E-01 0.12792099E-01 0.10231830E-01 0.81672091E-02 0.65210496E-02 0.52319731E-02 0.42530784E-02 0.35484519E-02 0.30860126E-02 0.28281214E-02 0.27272570E-02 0.27325051E-02 0.28008310E-02 0.29039516E-02 0.30301927E-02 0.31857541E-02 0.33984074E-02 0.37229922E-02 0.42435803E-02 0.50656609E-02
