examples/topond/topo_ureaCrys.SURFELFB
DSAA
 161 161
-0.75589045E+01  0.75589045E+01  0.94486307E-01
-0.75589045E+01  0.75589045E+01  0.94486307E-01
 0.00000000E+00  0.00000000E+00
[rows 66 to 87 of 161, columns 48 to 95 of 161]
0.86950643E+00 0.90258255E+00 0.92670165E+00 0.94419314E+00 0.95697346E+00 0.96639292E+00 0.97327263E+00 0.97805704E+00 0.98098697E+00 0.98220132E+00 0.98175065E+00 0.97957854E+00 0.97552254E+00 0.96932242E+00 0.96057058E+00 0.94855794E+00 0.93205321E+00 0.90911043E+00 0.87699229E+00 0.83230608E+00 0.77153469E+00 0.69221061E+00 0.59477566E+00 0.48443477E+00 0.37135403E+00 0.26780544E+00 0.18335316E+00 0.12155093E+00 0.80342585E-01 0.54893721E-01 0.40293916E-01 0.32913062E-01 0.30673406E-01 0.32913062E-01 0.40293916E-01 0.54893721E-01 0.80342585E-01 0.12155093E+00 0.18335316E+00 0.26780544E+00 0.37135403E+00 0.48443477E+00 0.59477566E+00 0.69221061E+00 0.77153469E+00 0.83230608E+00 0.87699229E+00 0.90911043E+00
0.83769513E+00 0.87551153E+00 0.90408013E+00 0.92529299E+00 0.94094356E+00 0.95245401E+00 0.96080096E+00 0.96657428E+00 0.97009489E+00 0.97151848E+00 0.97088789E+00 0.96814567E+00 0.96312873E+00 0.95553736E+00 0.94485044E+00 0.93018591E+00 0.91015607E+00 0.88279202E+00 0.84561179E+00 0.79591966E+00 0.73144203E+00 0.65134835E+00 0.55747095E+00 0.45513289E+00 0.35271682E+00 0.25952138E+00 0.18270383E+00 0.12515542E+00 0.85592331E-01 0.60364931E-01 0.45471879E-01 0.37779578E-01 0.35418459E-01 0.37779578E-01 0.45471879E-01 0.60364931E-01 0.85592331E-01 0.12515542E+00 0.18270383E+00 0.25952138E+00 0.35271682E+00 0.45513289E+00 0.55747095E+00 0.65134835E+00 0.73144203E+00 0.79591966E+00 0.84561179E+00 0.88279202E+00
0.80132587E+00 0.84267542E+00 0.87515356E+00 0.90002803E+00 0.91876090E+00 0.93266993E+00 0.94276461E+00 0.94971963E+00 0.95392993E+00 0.95558953E+00 0.95475185E+00 0.95135535E+00 0.94521384E+00 0.93596892E+00 0.92300554E+00 0.90535330E+00 0.88162209E+00 0.85003078E+00 0.80858643E+00 0.75546142E+00 0.68957852E+00 0.61132120E+00 0.52315142E+00 0.42981121E+00 0.33779817E+00 0.25401064E+00 0.18390780E+00 0.13004991E+00 0.91880560E-01 0.66779856E-01 0.51553380E-01 0.43528185E-01 0.41038134E-01 0.43528185E-01 0.51553380E-01 0.66779856E-01 0.91880560E-01 0.13004991E+00 0.18390780E+00 0.25401064E+00 0.33779817E+00 0.42981121E+00 0.52315142E+00 0.61132120E+00 0.68957852E+00 0.75546142E+00 0.80858643E+00 0.85003078E+00
0.76247919E+00 0.80501509E+00 0.83971776E+00 0.86720459E+00 0.88845828E+00 0.90451036E+00 0.91624950E+00 0.92434093E+00 0.92921951E+00 0.93111904E+00 0.93010742E+00 0.92610677E+00 0.91888802E+00 0.90803892E+00 0.89291456E+00 0.87259295E+00 0.84587232E+00 0.81135538E+00 0.76766028E+00 0.71376822E+00 0.64945798E+00 0.57570938E+00 0.49493139E+00 0.41091756E+00 0.32849033E+00 0.25278560E+00 0.18817752E+00 0.13716906E+00 0.99904002E-01 0.74662894E-01 0.58956311E-01 0.50521662E-01 0.47878439E-01 0.50521662E-01 0.58956311E-01 0.74662894E-01 0.99904002E-01 0.13716906E+00 0.18817752E+00 0.25278560E+00 0.32849033E+00 0.41091756E+00 0.49493139E+00 0.57570938E+00 0.64945798E+00 0.71376822E+00 0.76766028E+00 0.81135538E+00
0.72365673E+00 0.76405594E+00 0.79798304E+00 0.82552588E+00 0.84714622E+00 0.86348899E+00 0.87527059E+00 0.88320076E+00 0.88789317E+00 0.88976124E+00 0.88893289E+00 0.88522462E+00 0.87818626E+00 0.86718659E+00 0.85149104E+00 0.83029959E+00 0.80275430E+00 0.76797101E+00 0.72516222E+00 0.67387267E+00 0.61426702E+00 0.54735490E+00 0.47506726E+00 0.40019491E+00 0.32624627E+00 0.25716399E+00 0.19671004E+00 0.14754307E+00 0.11050643E+00 0.84696799E-01 0.68250220E-01 0.59265474E-01 0.56424388E-01 0.59265474E-01 0.68250220E-01 0.84696799E-01 0.11050643E+00 0.14754307E+00 0.19671004E+00 0.25716399E+00 0.32624627E+00 0.40019491E+00 0.47506726E+00 0.54735490E+00 0.61426702E+00 0.67387267E+00 0.72516222E+00 0.76797101E+00
0.68723774E+00 0.72148766E+00 0.75017258E+00 0.77284986E+00 0.78937437E+00 0.80002715E+00 0.80569871E+00 0.80790695E+00 0.80848476E+00 0.80895028E+00 0.80983725E+00 0.81041944E+00 0.80903909E+00 0.80379306E+00 0.79313112E+00 0.77610467E+00 0.75227366E+00 0.72144839E+00 0.68349999E+00 0.63838455E+00 0.58633879E+00 0.52808574E+00 0.46493445E+00 0.39879862E+00 0.33222598E+00 0.26839060E+00 0.21077306E+00 0.16235580E+00 0.12472086E+00 0.97757650E-01 0.80188116E-01 0.70437999E-01 0.67329725E-01 0.70437999E-01 0.80188116E-01 0.97757650E-01 0.12472086E+00 0.16235580E+00 0.21077306E+00 0.26839060E+00 0.33222598E+00 0.39879862E+00 0.46493445E+00 0.52808574E+00 0.58633879E+00 0.63838455E+00 0.68349999E+00 0.72144839E+00
0.65512395E+00 0.67867713E+00 0.69581507E+00 0.70495254E+00 0.70486418E+00 0.69563671E+00 0.67959582E+00 0.66150400E+00 0.64748395E+00 0.64274873E+00 0.64923810E+00 0.66463104E+00 0.68340028E+00 0.69925792E+00 0.70744267E+00 0.70570213E+00 0.69395656E+00 0.67325828E+00 0.64476172E+00 0.60922625E+00 0.56710015E+00 0.51885257E+00 0.46524388E+00 0.40748715E+00 0.34742221E+00 0.28770950E+00 0.23174620E+00 0.18297039E+00 0.14378803E+00 0.11493038E+00 0.95720674E-01 0.84904047E-01 0.81430193E-01 0.84904047E-01 0.95720674E-01 0.11493038E+00 0.14378803E+00 0.18297039E+00 0.23174620E+00 0.28770950E+00 0.34742221E+00 0.40748715E+00 0.46524388E+00 0.51885257E+00 0.56710015E+00 0.60922625E+00 0.64476172E+00 0.67325828E+00
0.62864052E+00 0.63635710E+00 0.63343491E+00 0.61596473E+00 0.58156548E+00 0.53217064E+00 0.47556181E+00 0.42373348E+00 0.38825962E+00 0.37625921E+00 0.38983040E+00 0.42659281E+00 0.47897852E+00 0.53490788E+00 0.58218903E+00 0.61326014E+00 0.62650457E+00 0.62438684E+00 0.61053305E+00 0.58770163E+00 0.55733067E+00 0.52004855E+00 0.47629813E+00 0.42675727E+00 0.37268832E+00 0.31633033E+00 0.26106597E+00 0.21087499E+00 0.16911000E+00 0.13747001E+00 0.11596280E+00 0.10368436E+00 0.99713942E-01 0.10368436E+00 0.11596280E+00 0.13747001E+00 0.16911000E+00 0.21087499E+00 0.26106597E+00 0.31633033E+00 0.37268832E+00 0.42675727E+00 0.47629813E+00 0.52004855E+00 0.55733067E+00 0.58770163E+00 0.61053305E+00 0.62438684E+00
0.60867576E+00 0.59490281E+00 0.56208909E+00 0.50455951E+00 0.42369040E+00 0.33210780E+00 0.24965716E+00 0.19141281E+00 0.15993714E+00 0.15065693E+00 0.16083017E+00 0.19298710E+00 0.25140515E+00 0.33289895E+00 0.42163333E+00 0.49772825E+00 0.54928963E+00 0.57550342E+00 0.58195917E+00 0.57470775E+00 0.55746031E+00 0.53176703E+00 0.49812079E+00 0.45682245E+00 0.40859599E+00 0.35521945E+00 0.30000212E+00 0.24747750E+00 0.20207505E+00 0.16665427E+00 0.14206600E+00 0.12783930E+00 0.12320888E+00 0.12783930E+00 0.14206600E+00 0.16665427E+00 0.20207505E+00 0.24747750E+00 0.30000212E+00 0.35521945E+00 0.40859599E+00 0.45682245E+00 0.49812079E+00 0.53176703E+00 0.55746031E+00 0.57470775E+00 0.58195917E+00 0.57550342E+00
0.59605375E+00 0.55542377E+00 0.48486690E+00 0.38318131E+00 0.26787171E+00 0.16990847E+00 0.10990465E+00 0.84229349E-01 0.78182843E-01 0.78551724E-01 0.79327258E-01 0.85817742E-01 0.11106031E+00 0.16940351E+00 0.26358041E+00 0.37241402E+00 0.46591302E+00 0.52798959E+00 0.56008418E+00 0.57094557E+00 0.56772537E+00 0.55386038E+00 0.53037924E+00 0.49739001E+00 0.45508687E+00 0.40467105E+00 0.34920685E+00 0.29368391E+00 0.24369092E+00 0.20347209E+00 0.17494889E+00 0.15822434E+00 0.15274638E+00 0.15822434E+00 0.17494889E+00 0.20347209E+00 0.24369092E+00 0.29368391E+00 0.34920685E+00 0.40467105E+00 0.45508687E+00 0.49739001E+00 0.53037924E+00 0.55386038E+00 0.56772537E+00 0.57094557E+00 0.56008418E+00 0.52798959E+00
0.59200819E+00 0.52097902E+00 0.41054899E+00 0.27496837E+00 0.15600419E+00 0.88443634E-01 0.71400491E-01 0.94948601E-01 0.14913365E+00 0.18385268E+00 0.15428531E+00 0.10015179E+00 0.74274093E-01 0.88615010E-01 0.15135626E+00 0.26162209E+00 0.38579895E+00 0.48513447E+00 0.54635708E+00 0.57706071E+00 0.58812487E+00 0.58577619E+00 0.57211468E+00 0.54728193E+00 0.51098195E+00 0.46372303E+00 0.40808533E+00 0.34928607E+00 0.29403530E+00 0.24814900E+00 0.21488457E+00 0.19511603E+00 0.18860003E+00 0.19511603E+00 0.21488457E+00 0.24814900E+00 0.29403530E+00 0.34928607E+00 0.40808533E+00 0.46372303E+00 0.51098195E+00 0.54728193E+00 0.57211468E+00 0.58577619E+00 0.58812487E+00 0.57706071E+00 0.54635708E+00 0.48513447E+00
0.59838552E+00 0.49662783E+00 0.34999324E+00 0.19693952E+00 0.97201488E-01 0.69039729E-01 0.12224525E+00 0.35672872E+00 0.67523748E+00 0.78543680E+00 0.69032220E+00 0.38291156E+00 0.13405449E+00 0.71517727E-01 0.93652365E-01 0.18266934E+00 0.32012936E+00 0.45212717E+00 0.54293325E+00 0.59362604E+00 0.61818970E+00 0.62624298E+00 0.62140362E+00 0.60407896E+00 0.57358402E+00 0.52968870E+00 0.47425606E+00 0.41239063E+00 0.35170621E+00 0.29965036E+00 0.26105792E+00 0.23780606E+00 0.23009254E+00 0.23780606E+00 0.26105792E+00 0.29965036E+00 0.35170621E+00 0.41239063E+00 0.47425606E+00 0.52968870E+00 0.57358402E+00 0.60407896E+00 0.62140362E+00 0.62624298E+00 0.61818970E+00 0.59362604E+00 0.54293325E+00 0.45212717E+00
0.61720318E+00 0.48814457E+00 0.31117920E+00 0.15147429E+00 0.75072720E-01 0.91790432E-01 0.35427791E+00 0.86546270E+00 0.98498188E+00 0.99465334E+00 0.98665689E+00 0.88480430E+00 0.39502407E+00 0.10004813E+00 0.72807887E-01 0.13694036E+00 0.27644747E+00 0.43471956E+00 0.55239267E+00 0.62083918E+00 0.65663023E+00 0.67297938E+00 0.67519278E+00 0.66409245E+00 0.63874523E+00 0.59823706E+00 0.54355867E+00 0.47931799E+00 0.41363555E+00 0.35545421E+00 0.31132949E+00 0.28436783E+00 0.27536435E+00 0.28436783E+00 0.31132949E+00 0.35545421E+00 0.41363555E+00 0.47931799E+00 0.54355867E+00 0.59823706E+00 0.63874523E+00 0.66409245E+00 0.67519278E+00 0.67297938E+00 0.65663023E+00 0.62083918E+00 0.55239267E+00 0.43471956E+00
0.64953057E+00 0.50053492E+00 0.29839123E+00 0.13235335E+00 0.71512616E-01 0.14362633E+00 0.66636400E+00 0.98431315E+00 0.99954807E+00 0.99994081E+00 0.99963523E+00 0.98791638E+00 0.71662107E+00 0.16220086E+00 0.69957113E-01 0.11675053E+00 0.25790315E+00 0.43792015E+00 0.57680666E+00 0.65790803E+00 0.70103132E+00 0.72268233E+00 0.72957316E+00 0.72291210E+00 0.70163899E+00 0.66427914E+00 0.61090266E+00 0.54528479E+00 0.47555939E+00 0.41184113E+00 0.36240536E+00 0.33176238E+00 0.32145994E+00 0.33176238E+00 0.36240536E+00 0.41184113E+00 0.47555939E+00 0.54528479E+00 0.61090266E+00 0.66427914E+00 0.70163899E+00 0.72291210E+00 0.72957316E+00 0.72268233E+00 0.70103132E+00 0.65790803E+00 0.57680666E+00 0.43792015E+00
0.69406789E+00 0.53673426E+00 0.31475977E+00 0.13397165E+00 0.73955561E-01 0.17373191E+00 0.76799364E+00 0.99388016E+00 0.99993025E+00 0.99999958E+00 0.99995120E+00 0.99557551E+00 0.81293263E+00 0.19757467E+00 0.71605700E-01 0.11516181E+00 0.26632265E+00 0.46524007E+00 0.61634150E+00 0.70239170E+00 0.74788416E+00 0.77149356E+00 0.78055102E+00 0.77642950E+00 0.75799444E+00 0.72333818E+00 0.67164194E+00 0.60562209E+00 0.53296529E+00 0.46455328E+00 0.41026956E+00 0.37613534E+00 0.36458073E+00 0.37613534E+00 0.41026956E+00 0.46455328E+00 0.53296529E+00 0.60562209E+00 0.67164194E+00 0.72333818E+00 0.75799444E+00 0.77642950E+00 0.78055102E+00 0.77149356E+00 0.74788416E+00 0.70239170E+00 0.61634150E+00 0.46524007E+00
0.74624458E+00 0.59559575E+00 0.36409926E+00 0.15715289E+00 0.78109076E-01 0.14339443E+00 0.65521100E+00 0.98345517E+00 0.99953218E+00 0.99994124E+00 0.99963945E+00 0.98775768E+00 0.70983243E+00 0.15897604E+00 0.72629005E-01 0.13159577E+00 0.30502273E+00 0.51731187E+00 0.66786373E+00 0.75008669E+00 0.79318521E+00 0.81585984E+00 0.82499620E+00 0.82182376E+00 0.80511607E+00 0.77260697E+00 0.72263075E+00 0.65671425E+00 0.58176963E+00 0.50913843E+00 0.45023627E+00 0.41268686E+00 0.39989518E+00 0.41268686E+00 0.45023627E+00 0.50913843E+00 0.58176963E+00 0.65671425E+00 0.72263075E+00 0.77260697E+00 0.80511607E+00 0.82182376E+00 0.82499620E+00 0.81585984E+00 0.79318521E+00 0.75008669E+00 0.66786373E+00 0.51731187E+00
0.79900109E+00 0.66947253E+00 0.44799437E+00 0.21135064E+00 0.91889189E-01 0.95936298E-01 0.34382490E+00 0.85913734E+00 0.98478267E+00 0.99481139E+00 0.98703260E+00 0.88373948E+00 0.38457090E+00 0.98685274E-01 0.80524754E-01 0.17401800E+00 0.37752255E+00 0.58914153E+00 0.72467663E+00 0.79595419E+00 0.83345050E+00 0.85335994E+00 0.86124939E+00 0.85796686E+00 0.84213032E+00 0.81108895E+00 0.76227181E+00 0.69587400E+00 0.61788301E+00 0.54014565E+00 0.47585539E+00 0.43442543E+00 0.42025038E+00 0.43442543E+00 0.47585539E+00 0.54014565E+00 0.61788301E+00 0.69587400E+00 0.76227181E+00 0.81108895E+00 0.84213032E+00 0.85796686E+00 0.86124939E+00 0.85335994E+00 0.83345050E+00 0.79595419E+00 0.72467663E+00 0.58914153E+00
0.84550818E+00 0.74493149E+00 0.55731635E+00 0.30967466E+00 0.13424202E+00 0.79577730E-01 0.12426784E+00 0.35441880E+00 0.68007526E+00 0.79424207E+00 0.69920241E+00 0.38187333E+00 0.13035312E+00 0.73630862E-01 0.11238080E+00 0.25615327E+00 0.47981066E+00 0.66867583E+00 0.77857118E+00 0.83576624E+00 0.86656928E+00 0.88303940E+00 0.88910290E+00 0.88512845E+00 0.86945984E+00 0.83885383E+00 0.78950316E+00 0.71994976E+00 0.63539042E+00 0.54905433E+00 0.47690032E+00 0.43036987E+00 0.41448354E+00 0.43036987E+00 0.47690032E+00 0.54905433E+00 0.63539042E+00 0.71994976E+00 0.78950316E+00 0.83885383E+00 0.86945984E+00 0.88512845E+00 0.88910290E+00 0.88303940E+00 0.86656928E+00 0.83576624E+00 0.77857118E+00 0.66867583E+00
0.88192329E+00 0.80902443E+00 0.66884330E+00 0.44907651E+00 0.23070545E+00 0.11053375E+00 0.77313615E-01 0.96675325E-01 0.15178441E+00 0.18814057E+00 0.15499935E+00 0.97094502E-01 0.72242523E-01 0.95102985E-01 0.19198174E+00 0.38180084E+00 0.59293833E+00 0.74116040E+00 0.82329158E+00 0.86732483E+00 0.89198642E+00 0.90515266E+00 0.90929724E+00 0.90428099E+00 0.88791980E+00 0.85582619E+00 0.80209978E+00 0.72304532E+00 0.62408839E+00 0.52262265E+00 0.43930469E+00 0.38691104E+00 0.36932722E+00 0.38691104E+00 0.43930469E+00 0.52262265E+00 0.62408839E+00 0.72304532E+00 0.80209978E+00 0.85582619E+00 0.88791980E+00 0.90428099E+00 0.90929724E+00 0.90515266E+00 0.89198642E+00 0.86732483E+00 0.82329158E+00 0.74116040E+00
0.90795435E+00 0.85575694E+00 0.75907177E+00 0.59483440E+00 0.38488222E+00 0.21061869E+00 0.11677457E+00 0.80812588E-01 0.71677328E-01 0.70452800E-01 0.69635922E-01 0.75073477E-01 0.10295408E+00 0.17976324E+00 0.32967855E+00 0.52471525E+00 0.69138202E+00 0.79698738E+00 0.85650864E+00 0.89045610E+00 0.91024141E+00 0.92058499E+00 0.92287960E+00 0.91636800E+00 0.89778817E+00 0.86042635E+00 0.79460456E+00 0.69405914E+00 0.56861291E+00 0.44620948E+00 0.35301924E+00 0.29839289E+00 0.28079074E+00 0.29839289E+00 0.35301924E+00 0.44620948E+00 0.56861291E+00 0.69405914E+00 0.79460456E+00 0.86042635E+00 0.89778817E+00 0.91636800E+00 0.92287960E+00 0.92058499E+00 0.91024141E+00 0.89045610E+00 0.85650864E+00 0.79698738E+00
0.92541993E+00 0.88627274E+00 0.81963360E+00 0.70823622E+00 0.54811220E+00 0.37431249E+00 0.23873573E+00 0.15894364E+00 0.12109578E+00 0.10890934E+00 0.11568757E+00 0.14552368E+00 0.21197743E+00 0.32922079E+00 0.48783717E+00 0.64443933E+00 0.76110444E+00 0.83466030E+00 0.87902689E+00 0.90611762E+00 0.92228590E+00 0.93028402E+00 0.93066719E+00 0.92169957E+00 0.89792804E+00 0.84802309E+00 0.75599284E+00 0.61603019E+00 0.45526357E+00 0.31961282E+00 0.23141532E+00 0.18572328E+00 0.17193293E+00 0.18572328E+00 0.23141532E+00 0.31961282E+00 0.45526357E+00 0.61603019E+00 0.75599284E+00 0.84802309E+00 0.89792804E+00 0.92169957E+00 0.93066719E+00 0.93028402E+00 0.92228590E+00 0.90611762E+00 0.87902689E+00 0.83466030E+00
0.93657076E+00 0.90478091E+00 0.85537400E+00 0.77877970E+00 0.66867359E+00 0.53497007E+00 0.40643937E+00 0.30968165E+00 0.25268809E+00 0.23163001E+00 0.24298031E+00 0.28828380E+00 0.37099255E+00 0.48624401E+00 0.61258341E+00 0.72267327E+00 0.80335016E+00 0.85745207E+00 0.89278548E+00 0.91544029E+00 0.92893289E+00 0.93485125E+00 0.93285765E+00 0.91943029E+00 0.88479352E+00 0.80904659E+00 0.66902463E+00 0.47644559E+00 0.29798050E+00 0.18261389E+00 0.12352416E+00 0.97730081E-01 0.90625236E-01 0.97730081E-01 0.12352416E+00 0.18261389E+00 0.29798050E+00 0.47644559E+00 0.66902463E+00 0.80904659E+00 0.88479352E+00 0.91943029E+00 0.93285765E+00 0.93485125E+00 0.92893289E+00 0.91544029E+00 0.89278548E+00 0.85745207E+00
