examples/topond/topo_urea.SURFRHOO
DSAA
 161 161
-0.75589045E+01  0.75589045E+01  0.94486307E-01
-0.75589045E+01  0.75589045E+01  0.94486307E-01
 0.00000000E+00  0.00000000E+00
[rows 0 to 21 of 161, columns 0 to 47 of 161]
0.67994572E+00 0.69187185E+00 0.68885237E+00 0.67108225E+00 0.63969286E+00 0.59662254E+00 0.54442964E+00 0.48610116E+00 0.42486455E+00 0.36394751E+00 0.30624899E+00 0.25399130E+00 0.20849506E+00 0.17016907E+00 0.13869189E+00 0.11328427E+00 0.92971238E-01 0.76776406E-01 0.63836478E-01 0.53450446E-01 0.45085605E-01 0.38359990E-01 0.33015069E-01 0.28887266E-01 0.25883069E-01 0.23959822E-01 0.23112683E-01 0.23367535E-01 0.24780322E-01 0.27445457E-01 0.31518704E-01 0.37259436E-01 0.45086302E-01 0.55612155E-01 0.69581995E-01 0.87609839E-01 0.10966296E+00 0.13444840E+00 0.15915734E+00 0.18008025E+00 0.19406871E+00 0.19998210E+00 0.19906358E+00 0.19402855E+00 0.18765083E+00 0.18178256E+00 0.17714406E+00 0.17364652E+00
0.80891510E+00 0.82396459E+00 0.82014179E+00 0.79781003E+00 0.75892684E+00 0.70641407E+00 0.64361395E+00 0.57399613E+00 0.50106782E+00 0.42834098E+00 0.35913973E+00 0.29620985E+00 0.24133514E+00 0.19519118E+00 0.15749179E+00 0.12731317E+00 0.10343979E+00 0.84631562E-01 0.69783694E-01 0.57995988E-01 0.48582168E-01 0.41047117E-01 0.35051240E-01 0.30373411E-01 0.26878478E-01 0.24491912E-01 0.23181969E-01 0.22948748E-01 0.23819535E-01 0.25851062E-01 0.29141040E-01 0.33850951E-01 0.40235140E-01 0.48653686E-01 0.59522116E-01 0.73139842E-01 0.89379400E-01 0.10734121E+00 0.12523489E+00 0.14075687E+00 0.15193133E+00 0.15793998E+00 0.15936535E+00 0.15771103E+00 0.15460401E+00 0.15120156E+00 0.14802789E+00 0.14513782E+00
0.95958903E+00 0.98228806E+00 0.97641562E+00 0.94347809E+00 0.89011201E+00 0.82268828E+00 0.74579037E+00 0.66308806E+00 0.57786276E+00 0.49332661E+00 0.41275706E+00 0.33918166E+00 0.27480955E+00 0.22064593E+00 0.17651382E+00 0.14139038E+00 0.11383455E+00 0.92338737E-01 0.75545613E-01 0.62344094E-01 0.51884760E-01 0.43552408E-01 0.36921709E-01 0.31711020E-01 0.27741842E-01 0.24906975E-01 0.23147712E-01 0.22439054E-01 0.22781508E-01 0.24198583E-01 0.26740133E-01 0.30491624E-01 0.35585591E-01 0.42201977E-01 0.50531534E-01 0.60673394E-01 0.72464235E-01 0.85302306E-01 0.98102152E-01 0.10950731E+00 0.11833382E+00 0.12400727E+00 0.12671001E+00 0.12715991E+00 0.12620701E+00 0.12451076E+00 0.12243103E+00 0.12009734E+00
0.11975962E+01 0.12590133E+01 0.12422373E+01 0.11591148E+01 0.10540689E+01 0.95065355E+00 0.85000126E+00 0.75015369E+00 0.65139074E+00 0.55522378E+00 0.46398331E+00 0.38046197E+00 0.30709890E+00 0.24522609E+00 0.19484024E+00 0.15488083E+00 0.12371919E+00 0.99598467E-01 0.80915704E-01 0.66351015E-01 0.54892314E-01 0.45804460E-01 0.38576598E-01 0.32866907E-01 0.28454049E-01 0.25198886E-01 0.23016798E-01 0.21859282E-01 0.21702761E-01 0.22542743E-01 0.24392019E-01 0.27281881E-01 0.31263654E-01 0.36403434E-01 0.42757364E-01 0.50314774E-01 0.58911417E-01 0.68147161E-01 0.77373136E-01 0.85803576E-01 0.92734887E-01 0.97762516E-01 0.10086632E+00 0.10232322E+00 0.10252445E+00 0.10181758E+00 0.10044287E+00 0.98554597E-01
0.18770082E+01 0.21825138E+01 0.20948097E+01 0.17083706E+01 0.13439775E+01 0.11114779E+01 0.95746194E+00 0.83202556E+00 0.71767859E+00 0.61021059E+00 0.50951081E+00 0.41738680E+00 0.33617456E+00 0.26745286E+00 0.21142799E+00 0.16706589E+00 0.13260600E+00 0.10608203E+00 0.85672374E-01 0.69866474E-01 0.57502017E-01 0.47732538E-01 0.39967633E-01 0.33809490E-01 0.28996959E-01 0.25361344E-01 0.22794268E-01 0.21226055E-01 0.20612155E-01 0.20925107E-01 0.22149927E-01 0.24281280E-01 0.27320405E-01 0.31268259E-01 0.36109361E-01 0.41781623E-01 0.48134912E-01 0.54895392E-01 0.61664599E-01 0.67975684E-01 0.73397447E-01 0.77638820E-01 0.80598251E-01 0.82337606E-01 0.83009492E-01 0.82788015E-01 0.81834920E-01 0.80300147E-01
0.44396417E+01 0.62067830E+01 0.56699584E+01 0.35860397E+01 0.20514892E+01 0.13602251E+01 0.10712717E+01 0.90453480E+00 0.77241575E+00 0.65455593E+00 0.54620224E+00 0.44740548E+00 0.36005397E+00 0.28585501E+00 0.22522861E+00 0.17722165E+00 0.14000603E+00 0.11146343E+00 0.89599212E-01 0.72746458E-01 0.59617414E-01 0.49271720E-01 0.41051418E-01 0.34510850E-01 0.29354640E-01 0.25388534E-01 0.22483571E-01 0.20551837E-01 0.19531093E-01 0.19375393E-01 0.20049171E-01 0.21522808E-01 0.23768046E-01 0.26751442E-01 0.30423752E-01 0.34703973E-01 0.39460172E-01 0.44495072E-01 0.49548563E-01 0.54325821E-01 0.58546552E-01 0.61995898E-01 0.64554071E-01 0.66194803E-01 0.66961831E-01 0.66941969E-01 0.66247826E-01 0.65011070E-01
0.13497623E+02 0.24337163E+02 0.20691087E+02 0.93707355E+01 0.36206126E+01 0.17493280E+01 0.11875517E+01 0.96073548E+00 0.81078072E+00 0.68487195E+00 0.57144492E+00 0.46841656E+00 0.37707334E+00 0.29917054E+00 0.23532840E+00 0.18471224E+00 0.14548955E+00 0.11545761E+00 0.92508882E-01 0.74868041E-01 0.61157580E-01 0.50368594E-01 0.41792982E-01 0.34948958E-01 0.29514769E-01 0.25276015E-01 0.22087163E-01 0.19845441E-01 0.18474262E-01 0.17913127E-01 0.18111260E-01 0.19022872E-01 0.20602568E-01 0.22799814E-01 0.25551770E-01 0.28774448E-01 0.32353697E-01 0.36139682E-01 0.39949842E-01 0.43583576E-01 0.46846640E-01 0.49577467E-01 0.51665988E-01 0.53059956E-01 0.53760671E-01 0.53813959E-01 0.53301111E-01 0.52330872E-01
0.34797154E+02 0.10056866E+03 0.71328802E+02 0.20618616E+02 0.57264505E+01 0.21527697E+01 0.12735629E+01 0.98989621E+00 0.82809972E+00 0.69862886E+00 0.58352235E+00 0.47906280E+00 0.38612538E+00 0.30652962E+00 0.24108080E+00 0.18908049E+00 0.14874540E+00 0.11785825E+00 0.94266671E-01 0.76143871E-01 0.62065992E-01 0.50986694E-01 0.42169147E-01 0.35109791E-01 0.29470013E-01 0.25021688E-01 0.21607292E-01 0.19112830E-01 0.17450684E-01 0.16549264E-01 0.16346686E-01 0.16786307E-01 0.17812710E-01 0.19367319E-01 0.21383409E-01 0.23780808E-01 0.26461301E-01 0.29306549E-01 0.32180605E-01 0.34938229E-01 0.37438121E-01 0.39557828E-01 0.41206310E-01 0.42331351E-01 0.42921447E-01 0.43003430E-01 0.42637341E-01 0.41909407E-01
0.42448746E+02 0.16234858E+03 0.98413799E+02 0.24073535E+02 0.62455543E+01 0.22271898E+01 0.12745113E+01 0.98196332E+00 0.82177990E+00 0.69493511E+00 0.58195959E+00 0.47893574E+00 0.38681594E+00 0.30758075E+00 0.24220274E+00 0.19011659E+00 0.14962728E+00 0.11856759E+00 0.94809163E-01 0.76533673E-01 0.62317542E-01 0.51110779E-01 0.42171173E-01 0.34989025E-01 0.29219195E-01 0.24626707E-01 0.21046849E-01 0.18358079E-01 0.16464925E-01 0.15287793E-01 0.14756951E-01 0.14808567E-01 0.15381406E-01 0.16413490E-01 0.17838542E-01 0.19582542E-01 0.21561084E-01 0.23678516E-01 0.25829817E-01 0.27905714E-01 0.29800576E-01 0.31421622E-01 0.32697491E-01 0.33584488E-01 0.34069615E-01 0.34170309E-01 0.33931281E-01 0.33419092E-01
0.20424211E+02 0.41973806E+02 0.34163466E+02 0.13335546E+02 0.44340124E+01 0.18731374E+01 0.11786077E+01 0.93739515E+00 0.79342216E+00 0.67510795E+00 0.56767672E+00 0.46862887E+00 0.37950583E+00 0.30253438E+00 0.23881460E+00 0.18788991E+00 0.14817653E+00 0.11761179E+00 0.94154113E-01 0.76050413E-01 0.61922343E-01 0.50749185E-01 0.41806235E-01 0.34593034E-01 0.28768050E-01 0.24096175E-01 0.20410144E-01 0.17584353E-01 0.15518399E-01 0.14127396E-01 0.13336450E-01 0.13077246E-01 0.13285435E-01 0.13898127E-01 0.14851342E-01 0.16077626E-01 0.17504330E-01 0.19053128E-01 0.20641311E-01 0.22185065E-01 0.23604478E-01 0.24829513E-01 0.25805845E-01 0.26499489E-01 0.26899422E-01 0.27017832E-01 0.26888074E-01 0.26560785E-01
0.67487646E+01 0.10335695E+02 0.92120128E+01 0.51381591E+01 0.24726785E+01 0.14085671E+01 0.10388422E+01 0.86938193E+00 0.74877374E+00 0.64242976E+00 0.54278980E+00 0.44960339E+00 0.36522934E+00 0.29211733E+00 0.23141649E+00 0.18273724E+00 0.14461668E+00 0.11513835E+00 0.92399306E-01 0.74759791E-01 0.60925498E-01 0.49933731E-01 0.41097435E-01 0.33938988E-01 0.28129448E-01 0.23439528E-01 0.19703515E-01 0.16794808E-01 0.14610627E-01 0.13063121E-01 0.12074451E-01 0.11573921E-01 0.11495956E-01 0.11778244E-01 0.12359884E-01 0.13179669E-01 0.14174836E-01 0.15280682E-01 0.16431350E-01 0.17561927E-01 0.18611659E-01 0.19527862E-01 0.20269826E-01 0.20812020E-01 0.21146011E-01 0.21280761E-01 0.21241305E-01 0.21066122E-01
0.24085021E+01 0.30247627E+01 0.28448313E+01 0.20823234E+01 0.14280380E+01 0.10813367E+01 0.90843041E+00 0.79380830E+00 0.69507113E+00 0.60109097E+00 0.51010373E+00 0.42390412E+00 0.34551407E+00 0.27745239E+00 0.22080805E+00 0.17521097E+00 0.13932085E+00 0.11139625E+00 0.89710539E-01 0.72773033E-01 0.59402787E-01 0.48717140E-01 0.40082277E-01 0.33054004E-01 0.27323015E-01 0.22670537E-01 0.18935673E-01 0.15993309E-01 0.13740373E-01 0.12087961E-01 0.10957082E-01 0.10276317E-01 0.99802568E-02 0.10008139E-01 0.10302474E-01 0.10807751E-01 0.11469464E-01 0.12233707E-01 0.13047568E-01 0.13860390E-01 0.14625802E-01 0.15304211E-01 0.15865356E-01 0.16290425E-01 0.16573369E-01 0.16721154E-01 0.16752947E-01 0.16698449E-01
0.12283816E+01 0.13395745E+01 0.13083436E+01 0.11635948E+01 0.10102039E+01 0.89420613E+00 0.80343391E+00 0.72055687E+00 0.63821389E+00 0.55503326E+00 0.47255093E+00 0.39382776E+00 0.32215207E+00 0.25989235E+00 0.20797071E+00 0.16599906E+00 0.13275959E+00 0.10670292E+00 0.86301150E-01 0.70234339E-01 0.57452996E-01 0.47168357E-01 0.38809812E-01 0.31973449E-01 0.26374193E-01 0.21806910E-01 0.18117765E-01 0.15184906E-01 0.12906545E-01 0.11194202E-01 0.99691401E-02 0.91604890E-02 0.87040496E-02 0.85412659E-02 0.86181779E-02 0.88844012E-02 0.92922981E-02 0.97965314E-02 0.10354152E-01 0.10925275E-01 0.11474281E-01 0.11971353E-01 0.12394078E-01 0.12728814E-01 0.12971558E-01 0.13128172E-01 0.13213943E-01 0.13252616E-01
0.90297171E+00 0.92822881E+00 0.92148676E+00 0.88625958E+00 0.83637370E+00 0.78036527E+00 0.71943549E+00 0.65307238E+00 0.58176980E+00 0.50736006E+00 0.43281470E+00 0.36164010E+00 0.29697312E+00 0.24084270E+00 0.19393682E+00 0.15583377E+00 0.12543998E+00 0.10140486E+00 0.82407109E-01 0.67305291E-01 0.55188203E-01 0.45366491E-01 0.37336863E-01 0.30738588E-01 0.25312835E-01 0.20869556E-01 0.17263135E-01 0.14376044E-01 0.12108823E-01 0.10374473E-01 0.90955543E-02 0.82026932E-02 0.76336523E-02 0.73325253E-02 0.72488904E-02 0.73369544E-02 0.75548047E-02 0.78639113E-02 0.82289904E-02 0.86182732E-02 0.90041433E-02 0.93640260E-02 0.96813574E-02 0.99464448E-02 0.10157055E-01 0.10318633E-01 0.10444148E-01 0.10553641E-01
0.77736034E+00 0.78899385E+00 0.78602433E+00 0.76885314E+00 0.73926147E+00 0.69895971E+00 0.64922406E+00 0.59143300E+00 0.52756072E+00 0.46036265E+00 0.39318101E+00 0.32937787E+00 0.27165361E+00 0.22160298E+00 0.17966949E+00 0.14540617E+00 0.11784747E+00 0.95839226E-01 0.78262118E-01 0.64148895E-01 0.52723592E-01 0.43394301E-01 0.35723833E-01 0.29393898E-01 0.24171502E-01 0.19881567E-01 0.16386845E-01 0.13574508E-01 0.11347984E-01 0.96224361E-02 0.83224368E-02 0.73807718E-02 0.67376842E-02 0.63401912E-02 0.61413486E-02 0.60994825E-02 0.61774798E-02 0.63422446E-02 0.65644049E-02 0.68183073E-02 0.70822834E-02 0.73391163E-02 0.75766034E-02 0.77880992E-02 0.79729379E-02 0.81366783E-02 0.82911629E-02 0.84544393E-02
0.70003727E+00 0.70928237E+00 0.70695043E+00 0.69310490E+00 0.66810861E+00 0.63261635E+00 0.58767906E+00 0.53492039E+00 0.47665125E+00 0.41578876E+00 0.35550914E+00 0.29871973E+00 0.24757620E+00 0.20324751E+00 0.16597135E+00 0.13530018E+00 0.11039979E+00 0.90302479E-01 0.74076593E-01 0.60915652E-01 0.50168247E-01 0.41332100E-01 0.34030651E-01 0.27984351E-01 0.22983661E-01 0.18867068E-01 0.15505000E-01 0.12789141E-01 0.10625965E-01 0.89331482E-02 0.76377134E-02 0.66750330E-02 0.59881537E-02 0.55271591E-02 0.52484744E-02 0.51141352E-02 0.50910899E-02 0.51506208E-02 0.52679480E-02 0.54220504E-02 0.55956984E-02 0.57756588E-02 0.59530110E-02 0.61235047E-02 0.62879004E-02 0.64522577E-02 0.66281653E-02 0.68329337E-02
0.63777630E+00 0.64648753E+00 0.64429148E+00 0.63123762E+00 0.60764796E+00 0.57421804E+00 0.53215391E+00 0.48327048E+00 0.42996709E+00 0.37502021E+00 0.32121081E+00 0.27090500E+00 0.22574640E+00 0.18655642E+00 0.15343145E+00 0.12595293E+00 0.10341799E+00 0.85029541E-01 0.70022968E-01 0.57733285E-01 0.47618018E-01 0.39252791E-01 0.32313292E-01 0.26552964E-01 0.21781963E-01 0.17850029E-01 0.14633977E-01 0.12029413E-01 0.99456997E-02 0.83031268E-02 0.70313844E-02 0.60686635E-02 0.53609822E-02 0.48615282E-02 0.45299548E-02 0.43316500E-02 0.42370373E-02 0.42209721E-02 0.42622851E-02 0.43435015E-02 0.44507381E-02 0.45737582E-02 0.47061502E-02 0.48455914E-02 0.49941624E-02 0.51586911E-02 0.53511213E-02 0.55889085E-02
0.58200822E+00 0.59043849E+00 0.58831050E+00 0.57569960E+00 0.55307317E+00 0.52135068E+00 0.48196600E+00 0.43686773E+00 0.38840285E+00 0.33907253E+00 0.29121250E+00 0.24669813E+00 0.20676731E+00 0.17199763E+00 0.14241075E+00 0.11764207E+00 0.97115369E-01 0.80184518E-01 0.66228188E-01 0.54700870E-01 0.45151010E-01 0.37218433E-01 0.30621171E-01 0.25138829E-01 0.20596763E-01 0.16853173E-01 0.13789653E-01 0.11304896E-01 0.93108019E-02 0.77301974E-02 0.64954899E-02 0.55477702E-02 0.48360710E-02 0.43166403E-02 0.39521914E-02 0.37111500E-02 0.35669445E-02 0.34973894E-02 0.34841983E-02 0.35126531E-02 0.35714315E-02 0.36525883E-02 0.37516692E-02 0.38679395E-02 0.40047090E-02 0.41697395E-02 0.43757280E-02 0.46408588E-02
0.53103040E+00 0.53907363E+00 0.53704059E+00 0.52503012E+00 0.50363569E+00 0.47394966E+00 0.43754135E+00 0.39637312E+00 0.35263472E+00 0.30851144E+00 0.26593816E+00 0.22640568E+00 0.19086690E+00 0.15975102E+00 0.13305873E+00 0.11049515E+00 0.91601547E-01 0.75861521E-01 0.62772831E-01 0.51887219E-01 0.42825764E-01 0.35278475E-01 0.28995557E-01 0.23775749E-01 0.19454990E-01 0.15897071E-01 0.12986690E-01 0.10624722E-01 0.87251647E-02 0.72131943E-02 0.60238709E-02 0.51011545E-02 0.43970415E-02 0.38707319E-02 0.34878095E-02 0.32194525E-02 0.30417105E-02 0.29348825E-02 0.28830226E-02 0.28735924E-02 0.28972657E-02 0.29478826E-02 0.30225470E-02 0.31218576E-02 0.32502649E-02 0.34165441E-02 0.36343775E-02 0.39230297E-02
0.48559632E+00 0.49311448E+00 0.49121220E+00 0.48000106E+00 0.46013890E+00 0.43278912E+00 0.39953650E+00 0.36225243E+00 0.32291521E+00 0.28341008E+00 0.24534832E+00 0.20994310E+00 0.17796310E+00 0.14976036E+00 0.12535018E+00 0.10451365E+00 0.86897159E-01 0.72093060E-01 0.59695499E-01 0.49332835E-01 0.40681795E-01 0.33469533E-01 0.27468978E-01 0.22491507E-01 0.18379415E-01 0.14999472E-01 0.12237961E-01 0.99971023E-02 0.81925474E-02 0.67515917E-02 0.56118113E-02 0.47199265E-02 0.40307755E-02 0.35063531E-02 0.31149062E-02 0.28301004E-02 0.26302831E-02 0.24978623E-02 0.24188204E-02 0.23823721E-02 0.23807735E-02 0.24092810E-02 0.24662599E-02 0.25534405E-02 0.26763178E-02 0.28446905E-02 0.30733286E-02 0.33827479E-02
0.44693374E+00 0.45387823E+00 0.45211982E+00 0.44177403E+00 0.42351389E+00 0.39849874E+00 0.36825192E+00 0.33450224E+00 0.29900965E+00 0.26340030E+00 0.22903560E+00 0.19693350E+00 0.16774772E+00 0.14179754E+00 0.11913137E+00 0.99604549E-01 0.82954567E-01 0.68863118E-01 0.57000715E-01 0.47054407E-01 0.38741927E-01 0.31816403E-01 0.26065472E-01 0.21307717E-01 0.17388310E-01 0.14174899E-01 0.11554142E-01 0.94289315E-02 0.77161988E-02 0.63451271E-02 0.52556357E-02 0.43970436E-02 0.37268594E-02 0.32096783E-02 0.28161877E-02 0.25222882E-02 0.23083426E-02 0.21585610E-02 0.20605311E-02 0.20048961E-02 0.19851840E-02 0.19977887E-02 0.20421068E-02 0.21208284E-02 0.22403853E-02 0.24115525E-02 0.26501892E-02 0.29780956E-02
0.41579923E+00 0.42223732E+00 0.42060615E+00 0.41102240E+00 0.39415949E+00 0.37115243E+00 0.34344842E+00 0.31263566E+00 0.28028087E+00 0.24779658E+00 0.21634994E+00 0.18681610E+00 0.15977283E+00 0.13552790E+00 0.11416755E+00 0.95613852E-01 0.79680850E-01 0.66122419E-01 0.54668684E-01 0.45050792E-01 0.37015763E-01 0.30333929E-01 0.24801475E-01 0.20240135E-01 0.16495452E-01 0.13434491E-01 0.10943472E-01 0.89255124E-02 0.72985532E-02 0.59934630E-02 0.49523187E-02 0.41268456E-02 0.34770155E-02 0.29698032E-02 0.25781028E-02 0.22798044E-02 0.20570312E-02 0.18955346E-02 0.17842452E-02 0.17149781E-02 0.16822908E-02 0.16834958E-02 0.17188309E-02 0.17917912E-02 0.19096241E-02 0.20839872E-02 0.23317529E-02 0.26759326E-02
