examples/topond/topo_ureaCrys.SURFELFB
DSAA
 161 161
-0.75589045E+01  0.75589045E+01  0.94486307E-01
-0.75589045E+01  0.75589045E+01  0.94486307E-01
 0.00000000E+00  0.00000000E+00
[rows 88 to 109 of 161, columns 48 to 95 of 161]
0.94320171E+00 0.91526201E+00 0.87460545E+00 0.81653001E+00 0.73798557E+00 0.64268584E+00 0.54431739E+00 0.46101678E+00 0.40566490E+00 0.38307865E+00 0.39375461E+00 0.43669508E+00 0.50785406E+00 0.59664119E+00 0.68700430E+00 0.76516340E+00 0.82554646E+00 0.86919523E+00 0.89938367E+00 0.91913394E+00 0.93051757E+00 0.93426646E+00 0.92870729E+00 0.90699394E+00 0.85129026E+00 0.72869180E+00 0.52226362E+00 0.30198875E+00 0.16001637E+00 0.96179169E-01 0.73519015E-01 0.68101890E-01 0.67720746E-01 0.68101890E-01 0.73519015E-01 0.96179169E-01 0.16001637E+00 0.30198875E+00 0.52226362E+00 0.72869180E+00 0.85129026E+00 0.90699394E+00 0.92870729E+00 0.93426646E+00 0.93051757E+00 0.91913394E+00 0.89938367E+00 0.86919523E+00
0.94648094E+00 0.92035739E+00 0.88367648E+00 0.83412016E+00 0.77122176E+00 0.69842438E+00 0.62411768E+00 0.55956001E+00 0.51461247E+00 0.49501011E+00 0.50246283E+00 0.53544814E+00 0.58903961E+00 0.65475887E+00 0.72244398E+00 0.78368920E+00 0.83397423E+00 0.87226294E+00 0.89948201E+00 0.91720717E+00 0.92667867E+00 0.92765610E+00 0.91620908E+00 0.87960136E+00 0.78704108E+00 0.59700799E+00 0.34476675E+00 0.16488624E+00 0.91177998E-01 0.77263618E-01 0.96596888E-01 0.13254631E+00 0.15197137E+00 0.13254631E+00 0.96596888E-01 0.77263618E-01 0.91177998E-01 0.16488624E+00 0.34476675E+00 0.59700799E+00 0.78704108E+00 0.87960136E+00 0.91620908E+00 0.92765610E+00 0.92667867E+00 0.91720717E+00 0.89948201E+00 0.87226294E+00
0.94708665E+00 0.92149616E+00 0.88614124E+00 0.83976676E+00 0.78327862E+00 0.72068330E+00 0.65888248E+00 0.60597137E+00 0.56891453E+00 0.55204279E+00 0.55680440E+00 0.58201662E+00 0.62397601E+00 0.67671138E+00 0.73302876E+00 0.78625307E+00 0.83171819E+00 0.86724789E+00 0.89266969E+00 0.90880154E+00 0.91615956E+00 0.91307091E+00 0.89190846E+00 0.83080773E+00 0.68490116E+00 0.43427413E+00 0.20297781E+00 0.98626748E-01 0.84515677E-01 0.14677646E+00 0.32483803E+00 0.53902962E+00 0.62300630E+00 0.53902962E+00 0.32483803E+00 0.14677646E+00 0.84515677E-01 0.98626748E-01 0.20297781E+00 0.43427413E+00 0.68490116E+00 0.83080773E+00 0.89190846E+00 0.91307091E+00 0.91615956E+00 0.90880154E+00 0.89266969E+00 0.86724789E+00
0.94536837E+00 0.91931940E+00 0.88357671E+00 0.83741470E+00 0.78250784E+00 0.72336905E+00 0.66652776E+00 0.61876828E+00 0.58546690E+00 0.56981351E+00 0.57283436E+00 0.59362841E+00 0.62943803E+00 0.67570519E+00 0.72656451E+00 0.77597876E+00 0.81911175E+00 0.85319171E+00 0.87742150E+00 0.89203000E+00 0.89663157E+00 0.88741998E+00 0.85145837E+00 0.75623478E+00 0.55496550E+00 0.29044650E+00 0.12483767E+00 0.82865424E-01 0.14497191E+00 0.43870008E+00 0.82389555E+00 0.95252311E+00 0.97269830E+00 0.95252311E+00 0.82389555E+00 0.43870008E+00 0.14497191E+00 0.82865424E-01 0.12483767E+00 0.29044650E+00 0.55496550E+00 0.75623478E+00 0.85145837E+00 0.88741998E+00 0.89663157E+00 0.89203000E+00 0.87742150E+00 0.85319171E+00
0.94142782E+00 0.91398847E+00 0.87645323E+00 0.82847204E+00 0.77233630E+00 0.71307345E+00 0.65721546E+00 0.61094867E+00 0.57877077E+00 0.56313469E+00 0.56472018E+00 0.58273400E+00 0.61493595E+00 0.65752991E+00 0.70535140E+00 0.75269359E+00 0.79458774E+00 0.82782649E+00 0.85107514E+00 0.86391042E+00 0.86475321E+00 0.84700979E+00 0.79181856E+00 0.66026940E+00 0.42698919E+00 0.19545512E+00 0.91057548E-01 0.97976222E-01 0.31045422E+00 0.81661520E+00 0.98340824E+00 0.99819431E+00 0.99928203E+00 0.99819431E+00 0.98340824E+00 0.81661520E+00 0.31045422E+00 0.97976222E-01 0.91057548E-01 0.19545512E+00 0.42698919E+00 0.66026940E+00 0.79181856E+00 0.84700979E+00 0.86475321E+00 0.86391042E+00 0.85107514E+00 0.82782649E+00
0.93511257E+00 0.90530132E+00 0.86462269E+00 0.81310935E+00 0.75372733E+00 0.69212961E+00 0.63503263E+00 0.58827218E+00 0.55570891E+00 0.53920623E+00 0.53911344E+00 0.55463769E+00 0.58385086E+00 0.62347319E+00 0.66885061E+00 0.71453557E+00 0.75544170E+00 0.78793934E+00 0.81011361E+00 0.82077560E+00 0.81696581E+00 0.78927638E+00 0.71482918E+00 0.55831463E+00 0.32748547E+00 0.14309539E+00 0.78483287E-01 0.12884309E+00 0.51607333E+00 0.94896242E+00 0.99812410E+00 0.99992596E+00 0.99998753E+00 0.99992596E+00 0.99812410E+00 0.94896242E+00 0.51607333E+00 0.12884309E+00 0.78483287E-01 0.14309539E+00 0.32748547E+00 0.55831463E+00 0.71482918E+00 0.78927638E+00 0.81696581E+00 0.82077560E+00 0.81011361E+00 0.78793934E+00
0.92594678E+00 0.89266787E+00 0.84746746E+00 0.79085785E+00 0.72662356E+00 0.66117258E+00 0.60148358E+00 0.55308054E+00 0.51920561E+00 0.50112784E+00 0.49882813E+00 0.51144312E+00 0.53726921E+00 0.57347416E+00 0.61590567E+00 0.65943607E+00 0.69894391E+00 0.73041879E+00 0.75135213E+00 0.75977933E+00 0.75154798E+00 0.71554363E+00 0.62908682E+00 0.46843568E+00 0.26332240E+00 0.11727624E+00 0.73035973E-01 0.14705010E+00 0.60763754E+00 0.97137396E+00 0.99926126E+00 0.99998728E+00 0.99999986E+00 0.99998728E+00 0.99926126E+00 0.97137396E+00 0.60763754E+00 0.14705010E+00 0.73035973E-01 0.11727624E+00 0.26332240E+00 0.46843568E+00 0.62908682E+00 0.71554363E+00 0.75154798E+00 0.75977933E+00 0.75135213E+00 0.73041879E+00
0.91302308E+00 0.87501035E+00 0.82386490E+00 0.76076601E+00 0.69050310E+00 0.62031895E+00 0.55740524E+00 0.50686703E+00 0.47123370E+00 0.45111370E+00 0.44606461E+00 0.45509653E+00 0.47668257E+00 0.50843272E+00 0.54677624E+00 0.58707912E+00 0.62439841E+00 0.65451730E+00 0.67445374E+00 0.68166068E+00 0.67143167E+00 0.63282493E+00 0.54701947E+00 0.40147582E+00 0.22921947E+00 0.10762654E+00 0.68597906E-01 0.13008744E+00 0.53807813E+00 0.95326484E+00 0.99822421E+00 0.99992479E+00 0.99998644E+00 0.99992479E+00 0.99822421E+00 0.95326484E+00 0.53807813E+00 0.13008744E+00 0.68597906E-01 0.10762654E+00 0.22921947E+00 0.40147582E+00 0.54701947E+00 0.63282493E+00 0.67143167E+00 0.68166068E+00 0.67445374E+00 0.65451730E+00
0.89487203E+00 0.85064038E+00 0.79210467E+00 0.72141128E+00 0.64455551E+00 0.56958239E+00 0.50367866E+00 0.45129196E+00 0.41408530E+00 0.39193609E+00 0.38394491E+00 0.38896525E+00 0.40562045E+00 0.43197498E+00 0.46514555E+00 0.50122341E+00 0.53576295E+00 0.56465345E+00 0.58469910E+00 0.59310026E+00 0.58534608E+00 0.55213757E+00 0.47932467E+00 0.35996179E+00 0.21894968E+00 0.11095321E+00 0.66622255E-01 0.93580702E-01 0.33319889E+00 0.83316710E+00 0.98403023E+00 0.99806405E+00 0.99918234E+00 0.99806405E+00 0.98403023E+00 0.83316710E+00 0.33319889E+00 0.93580702E-01 0.66622255E-01 0.11095321E+00 0.21894968E+00 0.35996179E+00 0.47932467E+00 0.55213757E+00 0.58534608E+00 0.59310026E+00 0.58469910E+00 0.56465345E+00
0.86932361E+00 0.81716749E+00 0.74988689E+00 0.67101113E+00 0.58789443E+00 0.50915821E+00 0.44156678E+00 0.38856977E+00 0.35080609E+00 0.32739793E+00 0.31701291E+00 0.31836555E+00 0.33022745E+00 0.35112042E+00 0.37891130E+00 0.41059443E+00 0.44251589E+00 0.47100558E+00 0.49294578E+00 0.50556713E+00 0.50497920E+00 0.48393251E+00 0.43179767E+00 0.34244317E+00 0.22956617E+00 0.12950934E+00 0.73738643E-01 0.68466078E-01 0.14772673E+00 0.45351041E+00 0.82041545E+00 0.94596714E+00 0.96720950E+00 0.94596714E+00 0.82041545E+00 0.45351041E+00 0.14772673E+00 0.68466078E-01 0.73738643E-01 0.12950934E+00 0.22956617E+00 0.34244317E+00 0.43179767E+00 0.48393251E+00 0.50497920E+00 0.50556713E+00 0.49294578E+00 0.47100558E+00
0.83340281E+00 0.77153861E+00 0.69456633E+00 0.60786165E+00 0.52009852E+00 0.43995241E+00 0.37315211E+00 0.32177570E+00 0.28534336E+00 0.26228354E+00 0.25092936E+00 0.24992686E+00 0.25821612E+00 0.27475422E+00 0.29813275E+00 0.32628348E+00 0.35648480E+00 0.38573216E+00 0.41121234E+00 0.43034704E+00 0.43992403E+00 0.43448606E+00 0.40577124E+00 0.34676167E+00 0.26115462E+00 0.16948703E+00 0.10015747E+00 0.68488245E-01 0.76296594E-01 0.14428297E+00 0.30848091E+00 0.49649988E+00 0.57158419E+00 0.49649988E+00 0.30848091E+00 0.14428297E+00 0.76296594E-01 0.68488245E-01 0.10015747E+00 0.16948703E+00 0.26115462E+00 0.34676167E+00 0.40577124E+00 0.43448606E+00 0.43992403E+00 0.43034704E+00 0.41121234E+00 0.38573216E+00
0.78338674E+00 0.71040738E+00 0.62387067E+00 0.53128988E+00 0.44218277E+00 0.36438058E+00 0.30185611E+00 0.25503362E+00 0.22235795E+00 0.20173277E+00 0.19132371E+00 0.18982050E+00 0.19637110E+00 0.21033240E+00 0.23093002E+00 0.25694084E+00 0.28655383E+00 0.31751510E+00 0.34746127E+00 0.37409745E+00 0.39479739E+00 0.40552164E+00 0.39990304E+00 0.37060729E+00 0.31446041E+00 0.23852162E+00 0.16126655E+00 0.10421560E+00 0.76776741E-01 0.75619573E-01 0.95461522E-01 0.12489766E+00 0.13970672E+00 0.12489766E+00 0.95461522E-01 0.75619573E-01 0.76776741E-01 0.10421560E+00 0.16126655E+00 0.23852162E+00 0.31446041E+00 0.37060729E+00 0.39990304E+00 0.40552164E+00 0.39479739E+00 0.37409745E+00 0.34746127E+00 0.31751510E+00
0.71531794E+00 0.63115412E+00 0.53729151E+00 0.44306851E+00 0.35768976E+00 0.28696432E+00 0.23252699E+00 0.19313967E+00 0.16642677E+00 0.15005195E+00 0.14223578E+00 0.14185343E+00 0.14832120E+00 0.16137278E+00 0.18076760E+00 0.20598588E+00 0.23601339E+00 0.26932589E+00 0.30407796E+00 0.33831286E+00 0.36987511E+00 0.39580042E+00 0.41145043E+00 0.41047672E+00 0.38688696E+00 0.33884087E+00 0.27203412E+00 0.20085084E+00 0.14306694E+00 0.10770161E+00 0.91566654E-01 0.86674391E-01 0.85999848E-01 0.86674391E-01 0.91566654E-01 0.10770161E+00 0.14306694E+00 0.20085084E+00 0.27203412E+00 0.33884087E+00 0.38688696E+00 0.41047672E+00 0.41145043E+00 0.39580042E+00 0.36987511E+00 0.33831286E+00 0.30407796E+00 0.26932589E+00
0.62645429E+00 0.53382403E+00 0.43796180E+00 0.34864133E+00 0.27302078E+00 0.21389791E+00 0.17051343E+00 0.14038922E+00 0.12080763E+00 0.10955766E+00 0.10515366E+00 0.10679695E+00 0.11423445E+00 0.12756406E+00 0.14699122E+00 0.17255365E+00 0.20387940E+00 0.24007454E+00 0.27979222E+00 0.32140934E+00 0.36310631E+00 0.40262935E+00 0.43673614E+00 0.46079537E+00 0.46932355E+00 0.45767926E+00 0.42410091E+00 0.37157767E+00 0.30946716E+00 0.25161743E+00 0.20891869E+00 0.18447546E+00 0.17672060E+00 0.18447546E+00 0.20891869E+00 0.25161743E+00 0.30946716E+00 0.37157767E+00 0.42410091E+00 0.45767926E+00 0.46932355E+00 0.46079537E+00 0.43673614E+00 0.40262935E+00 0.36310631E+00 0.32140934E+00 0.27979222E+00 0.24007454E+00
0.51796822E+00 0.42354834E+00 0.33387151E+00 0.25682112E+00 0.19603648E+00 0.15121990E+00 0.11992179E+00 0.99207299E-01 0.86577121E-01 0.80275014E-01 0.79285094E-01 0.83221697E-01 0.92191302E-01 0.10663156E+00 0.12710821E+00 0.15406920E+00 0.18760159E+00 0.22727260E+00 0.27211836E+00 0.32076303E+00 0.37155322E+00 0.42255069E+00 0.47131345E+00 0.51463809E+00 0.54867015E+00 0.56963716E+00 0.57488164E+00 0.56368654E+00 0.53803645E+00 0.50351126E+00 0.46900077E+00 0.44392318E+00 0.43482488E+00 0.44392318E+00 0.46900077E+00 0.50351126E+00 0.53803645E+00 0.56368654E+00 0.57488164E+00 0.56963716E+00 0.54867015E+00 0.51463809E+00 0.47131345E+00 0.42255069E+00 0.37155322E+00 0.32076303E+00 0.27211836E+00 0.22727260E+00
0.39787582E+00 0.31145115E+00 0.23647062E+00 0.17702130E+00 0.13315835E+00 0.10255826E+00 0.82246787E-01 0.69616760E-01 0.62790690E-01 0.60636016E-01 0.62663660E-01 0.68912259E-01 0.79834703E-01 0.96163182E-01 0.11872522E+00 0.14821160E+00 0.18494255E+00 0.22870520E+00 0.27871389E+00 0.33368495E+00 0.39196032E+00 0.45159510E+00 0.51036167E+00 0.56572605E+00 0.61496471E+00 0.65555821E+00 0.68575280E+00 0.70498117E+00 0.71399867E+00 0.71488900E+00 0.71097988E+00 0.70629616E+00 0.70427857E+00 0.70629616E+00 0.71097988E+00 0.71488900E+00 0.71399867E+00 0.70498117E+00 0.68575280E+00 0.65555821E+00 0.61496471E+00 0.56572605E+00 0.51036167E+00 0.45159510E+00 0.39196032E+00 0.33368495E+00 0.27871389E+00 0.22870520E+00
0.28086939E+00 0.21143086E+00 0.15613721E+00 0.11533458E+00 0.86942599E-01 0.68138611E-01 0.56395388E-01 0.49868752E-01 0.47426212E-01 0.48553664E-01 0.53252904E-01 0.61954222E-01 0.75421789E-01 0.94615299E-01 0.12048894E+00 0.15375373E+00 0.19467154E+00 0.24294626E+00 0.29772391E+00 0.35766036E+00 0.42100788E+00 0.48570284E+00 0.54946699E+00 0.60995018E+00 0.66494268E+00 0.71265396E+00 0.75198393E+00 0.78266198E+00 0.80518275E+00 0.82058781E+00 0.83019273E+00 0.83529848E+00 0.83687893E+00 0.83529848E+00 0.83019273E+00 0.82058781E+00 0.80518275E+00 0.78266198E+00 0.75198393E+00 0.71265396E+00 0.66494268E+00 0.60995018E+00 0.54946699E+00 0.48570284E+00 0.42100788E+00 0.35766036E+00 0.29772391E+00 0.24294626E+00
0.18235565E+00 0.13366856E+00 0.97615811E-01 0.72539061E-01 0.55968384E-01 0.45631050E-01 0.39849306E-01 0.37587986E-01 0.38379575E-01 0.42240787E-01 0.49608501E-01 0.61273015E-01 0.78264253E-01 0.10165707E+00 0.13231329E+00 0.17064551E+00 0.21650322E+00 0.26920738E+00 0.32765700E+00 0.39040826E+00 0.45569895E+00 0.52147667E+00 0.58551010E+00 0.64560989E+00 0.69990766E+00 0.74709525E+00 0.78653861E+00 0.81823650E+00 0.84265734E+00 0.86052281E+00 0.87260311E+00 0.87955740E+00 0.88182434E+00 0.87955740E+00 0.87260311E+00 0.86052281E+00 0.84265734E+00 0.81823650E+00 0.78653861E+00 0.74709525E+00 0.69990766E+00 0.64560989E+00 0.58551010E+00 0.52147667E+00 0.45569895E+00 0.39040826E+00 0.32765700E+00 0.26920738E+00
0.11056847E+00 0.80406175E-01 0.59309897E-01 0.45353565E-01 0.36659817E-01 0.31813562E-01 0.29941605E-01 0.30669172E-01 0.34065428E-01 0.40609063E-01 0.51152249E-01 0.66828325E-01 0.88846470E-01 0.11817380E+00 0.15521519E+00 0.19966788E+00 0.25063839E+00 0.30691187E+00 0.36716232E+00 0.42998610E+00 0.49381464E+00 0.55685561E+00 0.61717873E+00 0.67295142E+00 0.72272236E+00 0.76561799E+00 0.80137336E+00 0.83021150E+00 0.85264762E+00 0.86929759E+00 0.88073612E+00 0.88741190E+00 0.88960548E+00 0.88741190E+00 0.88073612E+00 0.86929759E+00 0.85264762E+00 0.83021150E+00 0.80137336E+00 0.76561799E+00 0.72272236E+00 0.67295142E+00 0.61717873E+00 0.55685561E+00 0.49381464E+00 0.42998610E+00 0.36716232E+00 0.30691187E+00
0.64317186E-01 0.47431367E-01 0.36172412E-01 0.29149046E-01 0.25261971E-01 0.23830579E-01 0.24591712E-01 0.27681640E-01 0.33638164E-01 0.43404929E-01 0.58273828E-01 0.79676228E-01 0.10878147E+00 0.14601963E+00 0.19081320E+00 0.24174589E+00 0.29706967E+00 0.35518355E+00 0.41480052E+00 0.47481261E+00 0.53405985E+00 0.59120766E+00 0.64481928E+00 0.69357629E+00 0.73651937E+00 0.77318539E+00 0.80359123E+00 0.82809815E+00 0.84723232E+00 0.86152863E+00 0.87143156E+00 0.87725412E+00 0.87917574E+00 0.87725412E+00 0.87143156E+00 0.86152863E+00 0.84723232E+00 0.82809815E+00 0.80359123E+00 0.77318539E+00 0.73651937E+00 0.69357629E+00 0.64481928E+00 0.59120766E+00 0.53405985E+00 0.47481261E+00 0.41480052E+00 0.35518355E+00
0.37085556E-01 0.28381264E-01 0.22911898E-01 0.19907208E-01 0.18881820E-01 0.19681745E-01 0.22505334E-01 0.27944661E-01 0.37038666E-01 0.51270849E-01 0.72387234E-01 0.10192258E+00 0.14050993E+00 0.18736203E+00 0.24038808E+00 0.29696125E+00 0.35479248E+00 0.41235552E+00 0.46877400E+00 0.52344839E+00 0.57573054E+00 0.62480196E+00 0.66975775E+00 0.70980233E+00 0.74443569E+00 0.77354132E+00 0.79735355E+00 0.81633910E+00 0.83105017E+00 0.84199806E+00 0.84957587E+00 0.85403635E+00 0.85551022E+00 0.85403635E+00 0.84957587E+00 0.84199806E+00 0.83105017E+00 0.81633910E+00 0.79735355E+00 0.77354132E+00 0.74443569E+00 0.70980233E+00 0.66975775E+00 0.62480196E+00 0.57573054E+00 0.52344839E+00 0.46877400E+00 0.41235552E+00
0.21914968E-01 0.17804821E-01 0.15556550E-01 0.14864469E-01 0.15668638E-01 0.18212382E-01 0.23120338E-01 0.31502717E-01 0.45025906E-01 0.65799363E-01 0.95879201E-01 0.13635551E+00 0.18645671E+00 0.24344211E+00 0.30358185E+00 0.36354060E+00 0.42120400E+00 0.47565704E+00 0.52668298E+00 0.57424195E+00 0.61816154E+00 0.65806602E+00 0.69347534E+00 0.72397748E+00 0.74938274E+00 0.76980011E+00 0.78562219E+00 0.79744197E+00 0.80593969E+00 0.81177602E+00 0.81551524E+00 0.81758241E+00 0.81824154E+00 0.81758241E+00 0.81551524E+00 0.81177602E+00 0.80593969E+00 0.79744197E+00 0.78562219E+00 0.76980011E+00 0.74938274E+00 0.72397748E+00 0.69347534E+00 0.65806602E+00 0.61816154E+00 0.57424195E+00 0.52668298E+00 0.47565704E+00
