examples/topond/topo_urea.SURFELFB
DSAA
 101 101
-0.75589045E+01  0.75589045E+01  0.15117809E+00
-0.75589045E+01  0.75589045E+01  0.15117809E+00
 0.00000000E+00  0.00000000E+00
[rows 66 to 87 of 101, columns 48 to 95 of 101]
0.86526314E+00 0.88345395E+00 0.88927444E+00 0.88345395E+00 0.86526314E+00 0.83269699E+00 0.78315207E+00 0.71485538E+00 0.62882335E+00 0.53002736E+00 0.42633096E+00 0.32589229E+00 0.23549448E+00 0.16049660E+00 0.10438998E+00 0.67265264E-01 0.45733919E-01 0.35294735E-01 0.32787542E-01 0.37536356E-01 0.51917109E-01 0.81917768E-01 0.13597143E+00 0.21747791E+00 0.31162534E+00 0.38411188E+00 0.40032709E+00 0.34403063E+00 0.23414704E+00 0.12706368E+00 0.62265686E-01 0.33937834E-01 0.25273338E-01 0.29123213E-01 0.50777012E-01 0.11180686E+00 0.23816530E+00 0.40472497E+00 0.54657163E+00 0.64246196E+00 0.70483983E+00 0.74593785E+00 0.77227880E+00 0.78753970E+00 0.79218999E+00 0.78220541E+00 0.74726944E+00 0.65327524E+00
0.85610192E+00 0.87071123E+00 0.87546323E+00 0.87071123E+00 0.85610192E+00 0.83048783E+00 0.79194760E+00 0.73847446E+00 0.66946530E+00 0.58708806E+00 0.49601165E+00 0.40143493E+00 0.30776883E+00 0.21987880E+00 0.14470231E+00 0.88789239E-01 0.53353237E-01 0.33999847E-01 0.25050716E-01 0.22756652E-01 0.26008958E-01 0.36288871E-01 0.57588717E-01 0.94577908E-01 0.14535019E+00 0.19144038E+00 0.20316724E+00 0.16765958E+00 0.10805202E+00 0.59141677E-01 0.32407315E-01 0.21540647E-01 0.20310543E-01 0.28784827E-01 0.56537835E-01 0.12589576E+00 0.25224208E+00 0.40213037E+00 0.52585958E+00 0.61216063E+00 0.67162688E+00 0.71380533E+00 0.74356509E+00 0.76338631E+00 0.77369121E+00 0.77194751E+00 0.75293477E+00 0.70590062E+00
0.81747668E+00 0.82466643E+00 0.82691196E+00 0.82466643E+00 0.81747668E+00 0.80394314E+00 0.78180063E+00 0.74850853E+00 0.70235434E+00 0.64341148E+00 0.57341998E+00 0.49439650E+00 0.40740971E+00 0.31384365E+00 0.21963134E+00 0.13717620E+00 0.77913097E-01 0.42996256E-01 0.25408452E-01 0.17724364E-01 0.15601882E-01 0.17574372E-01 0.24261502E-01 0.37578446E-01 0.58168205E-01 0.79496883E-01 0.86518252E-01 0.71721724E-01 0.47357654E-01 0.28404350E-01 0.18435111E-01 0.15272381E-01 0.17926190E-01 0.29768199E-01 0.62136742E-01 0.13436300E+00 0.25189683E+00 0.38307231E+00 0.49273632E+00 0.57348057E+00 0.63272066E+00 0.67788804E+00 0.71299180E+00 0.73972070E+00 0.75828220E+00 0.76730141E+00 0.76435168E+00 0.74695921E+00
0.75074364E+00 0.73864029E+00 0.73316420E+00 0.73864029E+00 0.75074364E+00 0.76124912E+00 0.76403513E+00 0.75554419E+00 0.73393005E+00 0.69903397E+00 0.65179073E+00 0.59270227E+00 0.52057568E+00 0.43301645E+00 0.33024852E+00 0.22220595E+00 0.12933473E+00 0.67154265E-01 0.33880543E-01 0.18587537E-01 0.12309035E-01 0.10499641E-01 0.11577640E-01 0.15513821E-01 0.22530389E-01 0.30681085E-01 0.34272366E-01 0.29715718E-01 0.21354751E-01 0.14809532E-01 0.11725348E-01 0.12063229E-01 0.16982863E-01 0.31214128E-01 0.65697594E-01 0.13452842E+00 0.23746239E+00 0.35073264E+00 0.45040451E+00 0.52949566E+00 0.59165839E+00 0.64224813E+00 0.68475423E+00 0.72049542E+00 0.74932550E+00 0.77029376E+00 0.78232523E+00 0.78508288E+00
0.62957107E+00 0.55378101E+00 0.52023436E+00 0.55378101E+00 0.62957107E+00 0.70056543E+00 0.74490333E+00 0.76511890E+00 0.76627634E+00 0.75145093E+00 0.72316167E+00 0.68246899E+00 0.62766887E+00 0.55463540E+00 0.45876870E+00 0.34076198E+00 0.21680981E+00 0.11609942E+00 0.54872395E-01 0.25426388E-01 0.13078245E-01 0.83079761E-02 0.69073311E-02 0.74130844E-02 0.93898752E-02 0.12131783E-01 0.13752725E-01 0.12777751E-01 0.10397195E-01 0.86044753E-02 0.83742521E-02 0.10451592E-01 0.16807152E-01 0.32340197E-01 0.65949676E-01 0.12652034E+00 0.21261951E+00 0.30983540E+00 0.40252590E+00 0.48317590E+00 0.55156638E+00 0.61044248E+00 0.66234449E+00 0.70827217E+00 0.74778467E+00 0.77986468E+00 0.80383123E+00 0.81987809E+00
0.38598299E+00 0.22228155E+00 0.17169384E+00 0.22228155E+00 0.38598299E+00 0.59192802E+00 0.72132776E+00 0.77772225E+00 0.79780549E+00 0.79713361E+00 0.78180813E+00 0.75458679E+00 0.71446591E+00 0.65728227E+00 0.57721350E+00 0.46849771E+00 0.33371704E+00 0.19755066E+00 0.96301959E-01 0.41445750E-01 0.17813860E-01 0.87190217E-02 0.53905161E-02 0.43973246E-02 0.45447614E-02 0.52752638E-02 0.59284184E-02 0.59571005E-02 0.56187659E-02 0.56303774E-02 0.66723938E-02 0.97469815E-02 0.17021771E-01 0.32756040E-01 0.63148796E-01 0.11336410E+00 0.18314249E+00 0.26593662E+00 0.35268835E+00 0.43619743E+00 0.51294830E+00 0.58235816E+00 0.64493712E+00 0.70081187E+00 0.74932588E+00 0.78956936E+00 0.82113132E+00 0.84444626E+00
0.14491838E+00 0.76177542E-01 0.80746596E-01 0.76177542E-01 0.14491838E+00 0.41370564E+00 0.68099668E+00 0.79058870E+00 0.82613419E+00 0.83391697E+00 0.82618350E+00 0.80736315E+00 0.77746280E+00 0.73287134E+00 0.66847473E+00 0.57757053E+00 0.45362916E+00 0.30385955E+00 0.16396789E+00 0.71967827E-01 0.28276451E-01 0.11414151E-01 0.54075155E-02 0.33044960E-02 0.26616293E-02 0.26403126E-02 0.28573339E-02 0.31002324E-02 0.34251650E-02 0.41583948E-02 0.58748321E-02 0.96546209E-02 0.17532229E-01 0.32713354E-01 0.58969541E-01 0.99313177E-01 0.15488413E+00 0.22439877E+00 0.30410471E+00 0.38865422E+00 0.47274283E+00 0.55236472E+00 0.62497994E+00 0.68904758E+00 0.74366125E+00 0.78848111E+00 0.82371286E+00 0.84997209E+00
0.10886400E+00 0.51461754E+00 0.87259749E+00 0.51461754E+00 0.10886400E+00 0.25301871E+00 0.62746197E+00 0.80159362E+00 0.84978004E+00 0.86164476E+00 0.85777182E+00 0.84370976E+00 0.82016041E+00 0.78404940E+00 0.73121923E+00 0.65646731E+00 0.55145803E+00 0.41053498E+00 0.25119286E+00 0.12033397E+00 0.47018628E-01 0.16935220E-01 0.65136274E-02 0.30505593E-02 0.18893453E-02 0.15524876E-02 0.15789756E-02 0.18365558E-02 0.23754958E-02 0.34575969E-02 0.56682399E-02 0.10108933E-01 0.18505261E-01 0.32952563E-01 0.55456759E-01 0.87863130E-01 0.13202654E+00 0.18938350E+00 0.25980414E+00 0.34059843E+00 0.42664878E+00 0.51178223E+00 0.59055355E+00 0.65947623E+00 0.71722225E+00 0.76378633E+00 0.79908805E+00 0.82219346E+00
0.25006364E+00 0.98797778E+00 0.99993746E+00 0.98797778E+00 0.25006364E+00 0.18944612E+00 0.59675239E+00 0.81405176E+00 0.86854902E+00 0.88140677E+00 0.87912693E+00 0.86761225E+00 0.84775609E+00 0.81680083E+00 0.77130793E+00 0.70772398E+00 0.61908321E+00 0.49542410E+00 0.33778154E+00 0.18104138E+00 0.74681921E-01 0.25755131E-01 0.85885453E-02 0.32346091E-02 0.15730432E-02 0.10684672E-02 0.10111191E-02 0.12503093E-02 0.18747751E-02 0.32103369E-02 0.59390171E-02 0.11176632E-01 0.20261020E-01 0.34299695E-01 0.54125317E-01 0.80892560E-01 0.11651614E+00 0.16329653E+00 0.22278480E+00 0.29433577E+00 0.37419689E+00 0.45609759E+00 0.53340387E+00 0.60144157E+00 0.65803862E+00 0.70119678E+00 0.72520552E+00 0.71997086E+00
0.24492883E+00 0.98723456E+00 0.99993508E+00 0.98723456E+00 0.24492883E+00 0.20220064E+00 0.62457101E+00 0.83283391E+00 0.88300353E+00 0.89461906E+00 0.89264154E+00 0.88239806E+00 0.86451899E+00 0.83632251E+00 0.79489248E+00 0.73784991E+00 0.65986204E+00 0.55089718E+00 0.40411929E+00 0.23862613E+00 0.10625966E+00 0.36846623E-01 0.11312419E-01 0.36393294E-02 0.14593259E-02 0.84302952E-03 0.74816617E-03 0.97600529E-03 0.16654534E-02 0.32716718E-02 0.66543283E-02 0.12963057E-01 0.23113581E-01 0.37362311E-01 0.55746059E-01 0.78946567E-01 0.10859852E+00 0.14686570E+00 0.19551108E+00 0.25465003E+00 0.32170650E+00 0.39153732E+00 0.45818333E+00 0.51694575E+00 0.56367674E+00 0.58849135E+00 0.56855329E+00 0.47863925E+00
0.11653367E+00 0.47522876E+00 0.84866193E+00 0.47522876E+00 0.11653367E+00 0.31190468E+00 0.70562561E+00 0.85573289E+00 0.89344130E+00 0.90248204E+00 0.90010191E+00 0.89035164E+00 0.87323966E+00 0.84599774E+00 0.80616069E+00 0.75204110E+00 0.67923480E+00 0.57848710E+00 0.44081158E+00 0.27630806E+00 0.13096367E+00 0.46631123E-01 0.13838856E-01 0.40599633E-02 0.14363293E-02 0.74293147E-03 0.63159062E-03 0.86130439E-03 0.16275180E-02 0.35570752E-02 0.77673739E-02 0.15480205E-01 0.27173249E-01 0.42344593E-01 0.60438008E-01 0.81771448E-01 0.10760814E+00 0.13963341E+00 0.17916548E+00 0.22620294E+00 0.27864779E+00 0.33241354E+00 0.38271975E+00 0.42501442E+00 0.45104735E+00 0.43741922E+00 0.34908565E+00 0.20255387E+00
0.20566871E+00 0.93869234E-01 0.89803487E-01 0.93869234E-01 0.20566871E+00 0.54276129E+00 0.79153989E+00 0.87506565E+00 0.89968421E+00 0.90578829E+00 0.90264474E+00 0.89279535E+00 0.87536750E+00 0.84749422E+00 0.80715742E+00 0.75288907E+00 0.68031527E+00 0.58057312E+00 0.44532411E+00 0.28369652E+00 0.13811741E+00 0.50442815E-01 0.15054552E-01 0.43120429E-02 0.14541296E-02 0.71618168E-03 0.59774222E-03 0.83970050E-03 0.16945968E-02 0.39764272E-02 0.91163753E-02 0.18464093E-01 0.32089508E-01 0.48815344E-01 0.67604719E-01 0.88473178E-01 0.11233451E+00 0.14039213E+00 0.17343591E+00 0.21110857E+00 0.25139484E+00 0.29083015E+00 0.32543488E+00 0.35024575E+00 0.35200330E+00 0.29900731E+00 0.17967505E+00 0.73633266E-01
0.53495151E+00 0.33447912E+00 0.26362030E+00 0.33447912E+00 0.53495151E+00 0.73879420E+00 0.84507609E+00 0.88627315E+00 0.90153289E+00 0.90492458E+00 0.90080638E+00 0.89015471E+00 0.87112415E+00 0.84090843E+00 0.79785265E+00 0.74009145E+00 0.66239249E+00 0.55601915E+00 0.41594346E+00 0.25777950E+00 0.12405987E+00 0.46235390E-01 0.14424227E-01 0.43260857E-02 0.15028457E-02 0.74692446E-03 0.62282323E-03 0.88039154E-03 0.18165163E-02 0.44000643E-02 0.10364027E-01 0.21253438E-01 0.36869706E-01 0.55507171E-01 0.75742944E-01 0.97333816E-01 0.12089193E+00 0.14722691E+00 0.17671061E+00 0.20868680E+00 0.24113218E+00 0.27093740E+00 0.29457394E+00 0.30651785E+00 0.29011970E+00 0.21516622E+00 0.10193186E+00 0.39036964E-01
0.75508962E+00 0.67538373E+00 0.63888105E+00 0.67538373E+00 0.75508962E+00 0.82569693E+00 0.86799686E+00 0.88957914E+00 0.89884090E+00 0.89989531E+00 0.89442830E+00 0.88177605E+00 0.85931737E+00 0.82450591E+00 0.77564002E+00 0.70959260E+00 0.61974666E+00 0.49893723E+00 0.35092960E+00 0.20352565E+00 0.94778278E-01 0.36463730E-01 0.12451251E-01 0.41867866E-02 0.16043243E-02 0.84058027E-03 0.70272773E-03 0.96753346E-03 0.19463039E-02 0.46755722E-02 0.11082557E-01 0.22959534E-01 0.40106997E-01 0.60547879E-01 0.82594058E-01 0.10579999E+00 0.13053537E+00 0.15729686E+00 0.18613174E+00 0.21615127E+00 0.24529848E+00 0.27067092E+00 0.28904130E+00 0.29472290E+00 0.26986448E+00 0.18698513E+00 0.80038045E-01 0.32607769E-01
0.82622049E+00 0.80033874E+00 0.78918587E+00 0.80033874E+00 0.82622049E+00 0.85322138E+00 0.87366694E+00 0.88610314E+00 0.89129817E+00 0.89010003E+00 0.88215993E+00 0.86532496E+00 0.83662703E+00 0.79363820E+00 0.73367346E+00 0.65162356E+00 0.54097087E+00 0.40237847E+00 0.25615051E+00 0.13664209E+00 0.62489048E-01 0.25800466E-01 0.10174145E-01 0.40720997E-02 0.18097024E-02 0.10224083E-02 0.84647828E-03 0.10921601E-02 0.20445148E-02 0.46932095E-02 0.10984551E-01 0.22946690E-01 0.40686439E-01 0.62288038E-01 0.85953257E-01 0.11111916E+00 0.13801221E+00 0.16691382E+00 0.19761193E+00 0.22899695E+00 0.25891539E+00 0.28453410E+00 0.30286024E+00 0.30870488E+00 0.28511973E+00 0.20352515E+00 0.91685411E-01 0.35752405E-01
0.84360269E+00 0.83200227E+00 0.82737076E+00 0.83200227E+00 0.84360269E+00 0.85728590E+00 0.86885961E+00 0.87607115E+00 0.87793616E+00 0.87339921E+00 0.86030376E+00 0.83551379E+00 0.79586844E+00 0.73819374E+00 0.65794629E+00 0.54991136E+00 0.41559312E+00 0.27388603E+00 0.15575486E+00 0.78785850E-01 0.37446646E-01 0.17600554E-01 0.84407761E-02 0.41912721E-02 0.22129749E-02 0.13467114E-02 0.10768056E-02 0.12515188E-02 0.20919137E-02 0.44430592E-02 0.10094189E-01 0.21208102E-01 0.38401090E-01 0.60135452E-01 0.84663884E-01 0.11139606E+00 0.14054839E+00 0.17234504E+00 0.20643146E+00 0.24150779E+00 0.27525457E+00 0.30475436E+00 0.32713819E+00 0.33826908E+00 0.32462052E+00 0.25688527E+00 0.13939874E+00 0.54704190E-01
0.84069849E+00 0.83423935E+00 0.83173403E+00 0.83423935E+00 0.84069849E+00 0.84859750E+00 0.85520682E+00 0.85821702E+00 0.85543590E+00 0.84412612E+00 0.82079623E+00 0.78161394E+00 0.72260428E+00 0.63930003E+00 0.52840542E+00 0.39504081E+00 0.26018361E+00 0.15136629E+00 0.80919143E-01 0.42139161E-01 0.22543967E-01 0.12799402E-01 0.77283270E-02 0.48180411E-02 0.30000031E-02 0.19224283E-02 0.14384339E-02 0.14543932E-02 0.20978470E-02 0.40089517E-02 0.86929922E-02 0.18282281E-01 0.33923666E-01 0.54674532E-01 0.78974480E-01 0.10625340E+00 0.13681667E+00 0.17101237E+00 0.20854429E+00 0.24805865E+00 0.28708512E+00 0.32250159E+00 0.35135021E+00 0.37052347E+00 0.37153062E+00 0.33113528E+00 0.23035717E+00 0.11560017E+00
0.82480484E+00 0.82122305E+00 0.81979965E+00 0.82122305E+00 0.82480484E+00 0.82871937E+00 0.83046051E+00 0.82706964E+00 0.81504739E+00 0.79026362E+00 0.74812156E+00 0.68388699E+00 0.59354240E+00 0.47722365E+00 0.34602344E+00 0.22337897E+00 0.13076551E+00 0.72782316E-01 0.40784528E-01 0.24176263E-01 0.15651124E-01 0.11142047E-01 0.84893968E-02 0.64785531E-02 0.45769235E-02 0.29744461E-02 0.20210134E-02 0.17318854E-02 0.20978744E-02 0.35131757E-02 0.71309463E-02 0.14881243E-01 0.28304416E-01 0.47137706E-01 0.70110155E-01 0.96661230E-01 0.12718407E+00 0.16225597E+00 0.20184724E+00 0.24479080E+00 0.28863728E+00 0.33008042E+00 0.36587260E+00 0.39333478E+00 0.40813996E+00 0.39755817E+00 0.34022257E+00 0.23784322E+00
0.79353545E+00 0.79325236E+00 0.79293158E+00 0.79325236E+00 0.79353545E+00 0.79183001E+00 0.78509354E+00 0.76933704E+00 0.73974656E+00 0.69098306E+00 0.61811135E+00 0.51914697E+00 0.40001436E+00 0.27812545E+00 0.17545897E+00 0.10388524E+00 0.60751313E-01 0.36940387E-01 0.24320028E-01 0.17760735E-01 0.14455723E-01 0.12864649E-01 0.11898732E-01 0.10463680E-01 0.78960817E-02 0.49917230E-02 0.30138983E-02 0.21555365E-02 0.21462672E-02 0.30646704E-02 0.56803457E-02 0.11588773E-01 0.22503376E-01 0.38802560E-01 0.59584515E-01 0.84263814E-01 0.11322113E+00 0.14722655E+00 0.18661448E+00 0.23063594E+00 0.27715716E+00 0.32292257E+00 0.36441308E+00 0.39877917E+00 0.42359100E+00 0.43392421E+00 0.41884352E+00 0.36805273E+00
0.73451953E+00 0.73987322E+00 0.74138114E+00 0.73987322E+00 0.73451953E+00 0.72287812E+00 0.70103431E+00 0.66390286E+00 0.60606058E+00 0.52396308E+00 0.42022765E+00 0.30759733E+00 0.20560420E+00 0.12873086E+00 0.78937871E-01 0.49796904E-01 0.33693641E-01 0.25146318E-01 0.20949612E-01 0.19400138E-01 0.19571495E-01 0.20712698E-01 0.21606298E-01 0.20214204E-01 0.15280083E-01 0.90868296E-02 0.48324166E-02 0.28729112E-02 0.23154932E-02 0.27395364E-02 0.44923331E-02 0.87554204E-02 0.17184731E-01 0.30662195E-01 0.48717212E-01 0.70733970E-01 0.96944635E-01 0.12815906E+00 0.16500572E+00 0.20723813E+00 0.25329734E+00 0.30034569E+00 0.34490221E+00 0.38382050E+00 0.41490306E+00 0.43630758E+00 0.44478425E+00 0.43554323E+00
0.63077850E+00 0.64510032E+00 0.64952829E+00 0.64510032E+00 0.63077850E+00 0.60359362E+00 0.55927780E+00 0.49403762E+00 0.40820037E+00 0.31041012E+00 0.21682982E+00 0.14213550E+00 0.91140672E-01 0.60004132E-01 0.42318869E-01 0.32912666E-01 0.28592521E-01 0.27667030E-01 0.29345353E-01 0.33248096E-01 0.38908481E-01 0.45039810E-01 0.48566426E-01 0.44839782E-01 0.32371583E-01 0.17839706E-01 0.84080913E-02 0.41886461E-02 0.27143491E-02 0.25903906E-02 0.36197985E-02 0.65231742E-02 0.12708078E-01 0.23354113E-01 0.38450045E-01 0.57405636E-01 0.80208107E-01 0.10752131E+00 0.14008081E+00 0.17803593E+00 0.22046466E+00 0.26522550E+00 0.30930402E+00 0.34958263E+00 0.38363769E+00 0.41005433E+00 0.42803405E+00 0.43684417E+00
0.47454563E+00 0.50044561E+00 0.50880689E+00 0.50044561E+00 0.47454563E+00 0.42946374E+00 0.36531234E+00 0.28768824E+00 0.20885541E+00 0.14225230E+00 0.94622201E-01 0.64675722E-01 0.47588734E-01 0.38918866E-01 0.35853045E-01 0.37038653E-01 0.42117937E-01 0.51282994E-01 0.64771609E-01 0.82137217E-01 0.10121383E+00 0.11696472E+00 0.12113159E+00 0.10548633E+00 0.71759631E-01 0.37055545E-01 0.15834501E-01 0.67520706E-02 0.35389853E-02 0.26730524E-02 0.30614483E-02 0.48932241E-02 0.91957493E-02 0.17211968E-01 0.29353853E-01 0.45166438E-01 0.64382845E-01 0.87382629E-01 0.11480790E+00 0.14699000E+00 0.18349392E+00 0.22289631E+00 0.26291224E+00 0.30088284E+00 0.33443071E+00 0.36196999E+00 0.38284956E+00 0.39717005E+00
