examples/topond/topo_ureaCrys.SURFLAPP
DSAA
 161 161
-0.75589045E+01  0.75589045E+01  0.94486307E-01
-0.75589045E+01  0.75589045E+01  0.94486307E-01
 0.00000000E+00  0.00000000E+00
[rows 126 to 146 of 161, columns 48 to 95 of 161]
0.15700187E-01 0.19271975E-01 0.23421019E-01 0.28081929E-01 0.33136006E-01 0.38423319E-01 0.43781492E-01 0.49122567E-01 0.54555860E-01 0.60555061E-01 0.68150951E-01 0.79109335E-01 0.96032045E-01 0.12230146E+00 0.16176991E+00 0.21805421E+00 0.29321210E+00 0.38548974E+00 0.48590986E+00 0.57405532E+00 0.61484127E+00 0.56021232E+00 0.36100817E+00 -0.89261912E-02 -0.52526958E+00 -0.11042597E+01 -0.16294979E+01 -0.20002496E+01 -0.21613814E+01 -0.20990429E+01 -0.18464561E+01 -0.15372699E+01 -0.13938972E+01 -0.15372699E+01 -0.18464561E+01 -0.20990429E+01 -0.21613814E+01 -0.20002496E+01 -0.16294979E+01 -0.11042597E+01 -0.52526958E+00 -0.89261912E-02 0.36100817E+00 0.56021232E+00 0.61484127E+00 0.57405532E+00 0.48590986E+00 0.38548974E+00
0.15066060E-01 0.18464498E-01 0.22427942E-01 0.26902722E-01 0.31784090E-01 0.36923754E-01 0.42159930E-01 0.47380223E-01 0.52625236E-01 0.58233216E-01 0.65012149E-01 0.74407060E-01 0.88611363E-01 0.11055679E+00 0.14370620E+00 0.19155470E+00 0.25669992E+00 0.33928391E+00 0.43463128E+00 0.53021506E+00 0.60290042E+00 0.61871501E+00 0.53842500E+00 0.33116280E+00 -0.67715304E-02 -0.43873529E+00 -0.89351671E+00 -0.12918106E+01 -0.15772186E+01 -0.17329421E+01 -0.17812105E+01 -0.17722685E+01 -0.17610659E+01 -0.17722685E+01 -0.17812105E+01 -0.17329421E+01 -0.15772186E+01 -0.12918106E+01 -0.89351671E+00 -0.43873529E+00 -0.67715304E-02 0.33116280E+00 0.53842500E+00 0.61871501E+00 0.60290042E+00 0.53021506E+00 0.43463128E+00 0.33928391E+00
0.14476341E-01 0.17692839E-01 0.21458191E-01 0.25730575E-01 0.30420200E-01 0.35392818E-01 0.40491689E-01 0.45587152E-01 0.50661396E-01 0.55930344E-01 0.61993460E-01 0.69986782E-01 0.81698050E-01 0.99590626E-01 0.12667717E+00 0.16617888E+00 0.22088908E+00 0.29212845E+00 0.37818021E+00 0.47223929E+00 0.56034024E+00 0.62046317E+00 0.62470501E+00 0.54617997E+00 0.37013990E+00 0.10474227E+00 -0.21607287E+00 -0.54232658E+00 -0.82631058E+00 -0.10386517E+01 -0.11736899E+01 -0.12433867E+01 -0.12641504E+01 -0.12433867E+01 -0.11736899E+01 -0.10386517E+01 -0.82631058E+00 -0.54232658E+00 -0.21607287E+00 0.10474227E+00 0.37013990E+00 0.54617997E+00 0.62470501E+00 0.62046317E+00 0.56034024E+00 0.47223929E+00 0.37818021E+00 0.29212845E+00
0.13973850E-01 0.17007040E-01 0.20568783E-01 0.24628652E-01 0.29112145E-01 0.33900873E-01 0.38847429E-01 0.43812828E-01 0.48733630E-01 0.53721714E-01 0.59191149E-01 0.65994076E-01 0.75533531E-01 0.89810299E-01 0.11135695E+00 0.14301365E+00 0.18749954E+00 0.24672347E+00 0.32077644E+00 0.40661054E+00 0.49661902E+00 0.57771855E+00 0.63194605E+00 0.63961569E+00 0.58521664E+00 0.46436249E+00 0.28820750E+00 0.81869338E-01 -0.12336126E+00 -0.29995000E+00 -0.43069132E+00 -0.50910933E+00 -0.53500998E+00 -0.50910933E+00 -0.43069132E+00 -0.29995000E+00 -0.12336126E+00 0.81869338E-01 0.28820750E+00 0.46436249E+00 0.58521664E+00 0.63961569E+00 0.63194605E+00 0.57771855E+00 0.49661902E+00 0.40661054E+00 0.32077644E+00 0.24672347E+00
0.13610761E-01 0.16467676E-01 0.19828614E-01 0.23673477E-01 0.27942642E-01 0.32534599E-01 0.37314879E-01 0.42142963E-01 0.46923538E-01 0.51685662E-01 0.56687112E-01 0.62531318E-01 0.70272754E-01 0.81476922E-01 0.98197303E-01 0.12283501E+00 0.15785350E+00 0.20532435E+00 0.26628293E+00 0.33989931E+00 0.42256371E+00 0.50717167E+00 0.58312065E+00 0.63760828E+00 0.65850745E+00 0.63827650E+00 0.57737838E+00 0.48531443E+00 0.37833071E+00 0.27476797E+00 0.19044038E+00 0.13611286E+00 0.11744434E+00 0.13611286E+00 0.19044038E+00 0.27476797E+00 0.37833071E+00 0.48531443E+00 0.57737838E+00 0.63827650E+00 0.65850745E+00 0.63760828E+00 0.58312065E+00 0.50717167E+00 0.42256371E+00 0.33989931E+00 0.26628293E+00 0.20532435E+00
0.13448806E-01 0.16145899E-01 0.19318290E-01 0.22954601E-01 0.27008920E-01 0.31396668E-01 0.35998858E-01 0.40680265E-01 0.45326995E-01 0.49907243E-01 0.54554464E-01 0.59664781E-01 0.65991158E-01 0.74708337E-01 0.87418470E-01 0.10606998E+00 0.13277070E+00 0.16948591E+00 0.21762022E+00 0.27749588E+00 0.34777800E+00 0.42498157E+00 0.50330280E+00 0.57508309E+00 0.63210981E+00 0.66762192E+00 0.67841611E+00 0.66614985E+00 0.63713235E+00 0.60060849E+00 0.56631115E+00 0.54230632E+00 0.53372580E+00 0.54230632E+00 0.56631115E+00 0.60060849E+00 0.63713235E+00 0.66614985E+00 0.67841611E+00 0.66762192E+00 0.63210981E+00 0.57508309E+00 0.50330280E+00 0.42498157E+00 0.34777800E+00 0.27749588E+00 0.21762022E+00 0.16948591E+00
0.13559359E-01 0.16123273E-01 0.19129710E-01 0.22573907E-01 0.26421791E-01 0.30604762E-01 0.35020573E-01 0.39544553E-01 0.44055911E-01 0.48482695E-01 0.52865939E-01 0.57438099E-01 0.62703706E-01 0.69502953E-01 0.79034620E-01 0.92815827E-01 0.11256325E+00 0.13999123E+00 0.17653313E+00 0.22300224E+00 0.27922607E+00 0.34371844E+00 0.41350420E+00 0.48424377E+00 0.55077916E+00 0.60809092E+00 0.65244514E+00 0.68233217E+00 0.69879735E+00 0.70499762E+00 0.70515798E+00 0.70333642E+00 0.70238900E+00 0.70333642E+00 0.70515798E+00 0.70499762E+00 0.69879735E+00 0.68233217E+00 0.65244514E+00 0.60809092E+00 0.55077916E+00 0.48424377E+00 0.41350420E+00 0.34371844E+00 0.27922607E+00 0.22300224E+00 0.17653313E+00 0.13999123E+00
0.14023174E-01 0.16491171E-01 0.19365039E-01 0.22644169E-01 0.26303821E-01 0.30289539E-01 0.34515690E-01 0.38871551E-01 0.43238708E-01 0.47523055E-01 0.51702572E-01 0.55888318E-01 0.60390705E-01 0.65777310E-01 0.72904299E-01 0.82903189E-01 0.97109478E-01 0.11692881E+00 0.14364709E+00 0.17820080E+00 0.22093247E+00 0.27136928E+00 0.32807803E+00 0.38866706E+00 0.44999595E+00 0.50860748E+00 0.56130737E+00 0.60572831E+00 0.64068264E+00 0.66617203E+00 0.68305843E+00 0.69253124E+00 0.69556512E+00 0.69253124E+00 0.68305843E+00 0.66617203E+00 0.64068264E+00 0.60572831E+00 0.56130737E+00 0.50860748E+00 0.44999595E+00 0.38866706E+00 0.32807803E+00 0.27136928E+00 0.22093247E+00 0.17820080E+00 0.14364709E+00 0.11692881E+00
0.14929381E-01 0.17349258E-01 0.20134636E-01 0.23286346E-01 0.26786086E-01 0.30590932E-01 0.34630511E-01 0.38809494E-01 0.43018351E-01 0.47155153E-01 0.51159919E-01 0.55060369E-01 0.59024188E-01 0.63408425E-01 0.68792962E-01 0.75983697E-01 0.85973703E-01 0.99857139E-01 0.11869963E+00 0.14337777E+00 0.17440743E+00 0.21178565E+00 0.25487653E+00 0.30237370E+00 0.35237041E+00 0.40254802E+00 0.45046036E+00 0.49385030E+00 0.53091104E+00 0.56041745E+00 0.58170070E+00 0.59449964E+00 0.59876477E+00 0.59449964E+00 0.58170070E+00 0.56041745E+00 0.53091104E+00 0.49385030E+00 0.45046036E+00 0.40254802E+00 0.35237041E+00 0.30237370E+00 0.25487653E+00 0.21178565E+00 0.17440743E+00 0.14337777E+00 0.11869963E+00 0.99857139E-01
0.16373153E-01 0.18802410E-01 0.21553126E-01 0.24624825E-01 0.28002543E-01 0.31651794E-01 0.35515129E-01 0.39512314E-01 0.43546411E-01 0.47518011E-01 0.51349023E-01 0.55015794E-01 0.58588648E-01 0.62271778E-01 0.66434379E-01 0.71622326E-01 0.78540638E-01 0.88001044E-01 0.10083547E+00 0.11778363E+00 0.13936900E+00 0.16578136E+00 0.19678541E+00 0.23167416E+00 0.26928333E+00 0.30807243E+00 0.34626732E+00 0.38203816E+00 0.41367650E+00 0.43973346E+00 0.45909618E+00 0.47100282E+00 0.47501847E+00 0.47100282E+00 0.45909618E+00 0.43973346E+00 0.41367650E+00 0.38203816E+00 0.34626732E+00 0.30807243E+00 0.26928333E+00 0.23167416E+00 0.19678541E+00 0.16578136E+00 0.13936900E+00 0.11778363E+00 0.10083547E+00 0.88001044E-01
0.18451191E-01 0.20955015E-01 0.23732455E-01 0.26779163E-01 0.30080537E-01 0.33607301E-01 0.37311965E-01 0.41127692E-01 0.44971373E-01 0.48752558E-01 0.52389448E-01 0.55832023E-01 0.59090729E-01 0.62266924E-01 0.65579108E-01 0.69377405E-01 0.74138808E-01 0.80437766E-01 0.88890998E-01 0.10008075E+00 0.11446588E+00 0.13229378E+00 0.15352696E+00 0.17779765E+00 0.20439974E+00 0.23232339E+00 0.26032983E+00 0.28705605E+00 0.31113403E+00 0.33130420E+00 0.34650860E+00 0.35595595E+00 0.35915968E+00 0.35595595E+00 0.34650860E+00 0.33130420E+00 0.31113403E+00 0.28705605E+00 0.26032983E+00 0.23232339E+00 0.20439974E+00 0.17779765E+00 0.15352696E+00 0.13229378E+00 0.11446588E+00 0.10008075E+00 0.88890998E-01 0.80437766E-01
0.21253885E-01 0.23901319E-01 0.26770301E-01 0.29850596E-01 0.33125534E-01 0.36568147E-01 0.40137756E-01 0.43778265E-01 0.47419544E-01 0.50983056E-01 0.54392518E-01 0.57589645E-01 0.60554019E-01 0.63324884E-01 0.66021234E-01 0.68855354E-01 0.72134545E-01 0.76246572E-01 0.81626732E-01 0.88708004E-01 0.97859637E-01 0.10932272E+00 0.12315283E+00 0.13917948E+00 0.15698988E+00 0.17594139E+00 0.19520207E+00 0.21381551E+00 0.23078105E+00 0.24513945E+00 0.25605325E+00 0.26287463E+00 0.26519494E+00 0.26287463E+00 0.25605325E+00 0.24513945E+00 0.23078105E+00 0.21381551E+00 0.19520207E+00 0.17594139E+00 0.15698988E+00 0.13917948E+00 0.12315283E+00 0.10932272E+00 0.97859637E-01 0.88708004E-01 0.81626732E-01 0.76246572E-01
0.24852859E-01 0.27710197E-01 0.30732079E-01 0.33901549E-01 0.37198683E-01 0.40596877E-01 0.44059399E-01 0.47537487E-01 0.50971124E-01 0.54293310E-01 0.57437813E-01 0.60349999E-01 0.62999878E-01 0.65396132E-01 0.67599509E-01 0.69732996E-01 0.71985754E-01 0.74607418E-01 0.77890459E-01 0.82140255E-01 0.87635266E-01 0.94582313E-01 0.10307379E+00 0.11305399E+00 0.12430085E+00 0.13642688E+00 0.14890068E+00 0.16108681E+00 0.17229963E+00 0.18186462E+00 0.18917986E+00 0.19377144E+00 0.19533663E+00 0.19377144E+00 0.18917986E+00 0.18186462E+00 0.17229963E+00 0.16108681E+00 0.14890068E+00 0.13642688E+00 0.12430085E+00 0.11305399E+00 0.10307379E+00 0.94582313E-01 0.87635266E-01 0.82140255E-01 0.77890459E-01 0.74607418E-01
0.29282814E-01 0.32403371E-01 0.35626091E-01 0.38929000E-01 0.42290365E-01 0.45683925E-01 0.49074381E-01 0.52415157E-01 0.55649939E-01 0.58718170E-01 0.61563248E-01 0.64141296E-01 0.66428925E-01 0.68429553E-01 0.70178783E-01 0.71749176E-01 0.73253525E-01 0.74844393E-01 0.76707222E-01 0.79045217E-01 0.82056194E-01 0.85903799E-01 0.90687352E-01 0.96415540E-01 0.10298890E+00 0.11019488E+00 0.11771733E+00 0.12515987E+00 0.13208071E+00 0.13803470E+00 0.14261742E+00 0.14550618E+00 0.14649302E+00 0.14550618E+00 0.14261742E+00 0.13803470E+00 0.13208071E+00 0.12515987E+00 0.11771733E+00 0.11019488E+00 0.10298890E+00 0.96415540E-01 0.90687352E-01 0.85903799E-01 0.82056194E-01 0.79045217E-01 0.76707222E-01 0.74844393E-01
0.34518031E-01 0.37928737E-01 0.41376205E-01 0.44840990E-01 0.48306683E-01 0.51750583E-01 0.55135004E-01 0.58403820E-01 0.61487491E-01 0.64315853E-01 0.66833657E-01 0.69012164E-01 0.70852307E-01 0.72380002E-01 0.73638474E-01 0.74683244E-01 0.75582433E-01 0.76420723E-01 0.77302474E-01 0.78349549E-01 0.79691682E-01 0.81450042E-01 0.83716916E-01 0.86535497E-01 0.89883963E-01 0.93667283E-01 0.97718944E-01 0.10181299E+00 0.10568519E+00 0.10906060E+00 0.11168380E+00 0.11334784E+00 0.11391808E+00 0.11334784E+00 0.11168380E+00 0.10906060E+00 0.10568519E+00 0.10181299E+00 0.97718944E-01 0.93667283E-01 0.89883963E-01 0.86535497E-01 0.83716916E-01 0.81450042E-01 0.79691682E-01 0.78349549E-01 0.77302474E-01 0.76420723E-01
0.40447469E-01 0.44136718E-01 0.47807522E-01 0.51464189E-01 0.55114714E-01 0.58747495E-01 0.62310184E-01 0.65703282E-01 0.68796621E-01 0.71465413E-01 0.73630549E-01 0.75283555E-01 0.76484085E-01 0.77332446E-01 0.77932750E-01 0.78365414E-01 0.78679984E-01 0.78906641E-01 0.79075672E-01 0.79233072E-01 0.79445354E-01 0.79793002E-01 0.80356113E-01 0.81197060E-01 0.82344667E-01 0.83783304E-01 0.85449129E-01 0.87234329E-01 0.88998789E-01 0.90587413E-01 0.91850379E-01 0.92663222E-01 0.92943740E-01 0.92663222E-01 0.91850379E-01 0.90587413E-01 0.88998789E-01 0.87234329E-01 0.85449129E-01 0.83783304E-01 0.82344667E-01 0.81197060E-01 0.80356113E-01 0.79793002E-01 0.79445354E-01 0.79233072E-01 0.79075672E-01 0.78906641E-01
0.46858559E-01 0.50778419E-01 0.54678204E-01 0.58636982E-01 0.62728912E-01 0.66962644E-01 0.71229493E-01 0.75293518E-01 0.78842145E-01 0.81584736E-01 0.83357108E-01 0.84182432E-01 0.84258746E-01 0.83879968E-01 0.83329699E-01 0.82797540E-01 0.82350445E-01 0.81959265E-01 0.81554349E-01 0.81078189E-01 0.80515210E-01 0.79895966E-01 0.79283728E-01 0.78753727E-01 0.78372703E-01 0.78183188E-01 0.78194573E-01 0.78381581E-01 0.78689615E-01 0.79045436E-01 0.79370966E-01 0.79597629E-01 0.79678701E-01 0.79597629E-01 0.79370966E-01 0.79045436E-01 0.78689615E-01 0.78381581E-01 0.78194573E-01 0.78183188E-01 0.78372703E-01 0.78753727E-01 0.79283728E-01 0.79895966E-01 0.80515210E-01 0.81078189E-01 0.81554349E-01 0.81959265E-01
0.53447229E-01 0.57554466E-01 0.61802349E-01 0.66451283E-01 0.71716229E-01 0.77619071E-01 0.83875480E-01 0.89893509E-01 0.94915360E-01 0.98258031E-01 0.99552329E-01 0.98876272E-01 0.96725274E-01 0.93832071E-01 0.90915008E-01 0.88463914E-01 0.86648517E-01 0.85365227E-01 0.84368765E-01 0.83409285E-01 0.82319379E-01 0.81039155E-01 0.79598098E-01 0.78079447E-01 0.76584974E-01 0.75208209E-01 0.74017977E-01 0.73051504E-01 0.72315476E-01 0.71792997E-01 0.71453979E-01 0.71266528E-01 0.71206944E-01 0.71266528E-01 0.71453979E-01 0.71792997E-01 0.72315476E-01 0.73051504E-01 0.74017977E-01 0.75208209E-01 0.76584974E-01 0.78079447E-01 0.79598098E-01 0.81039155E-01 0.82319379E-01 0.83409285E-01 0.84368765E-01 0.85365227E-01
0.59872772E-01 0.64237371E-01 0.69282408E-01 0.75634572E-01 0.83742988E-01 0.93559468E-01 0.10433892E+00 0.11471014E+00 0.12303214E+00 0.12789485E+00 0.12856048E+00 0.12519194E+00 0.11880336E+00 0.11094444E+00 0.10321479E+00 0.96791240E-01 0.92164973E-01 0.89177830E-01 0.87282829E-01 0.85857255E-01 0.84422942E-01 0.82726334E-01 0.80713579E-01 0.78461275E-01 0.76107126E-01 0.73799016E-01 0.71664503E-01 0.69796762E-01 0.68252244E-01 0.67056030E-01 0.66211419E-01 0.65710777E-01 0.65545148E-01 0.65710777E-01 0.66211419E-01 0.67056030E-01 0.68252244E-01 0.69796762E-01 0.71664503E-01 0.73799016E-01 0.76107126E-01 0.78461275E-01 0.80713579E-01 0.82726334E-01 0.84422942E-01 0.85857255E-01 0.87282829E-01 0.89177830E-01
0.65859884E-01 0.70845093E-01 0.77763958E-01 0.87847168E-01 0.10179084E+00 0.11916360E+00 0.13818095E+00 0.15606932E+00 0.16987364E+00 0.17728933E+00 0.17718557E+00 0.16979834E+00 0.15670167E+00 0.14051526E+00 0.12424420E+00 0.11039510E+00 0.10028540E+00 0.93898465E-01 0.90281060E-01 0.88169270E-01 0.86494028E-01 0.84605136E-01 0.82256040E-01 0.79476566E-01 0.76436990E-01 0.73348998E-01 0.70408274E-01 0.67768324E-01 0.65534222E-01 0.63767840E-01 0.62498799E-01 0.61736909E-01 0.61483128E-01 0.61736909E-01 0.62498799E-01 0.63767840E-01 0.65534222E-01 0.67768324E-01 0.70408274E-01 0.73348998E-01 0.76436990E-01 0.79476566E-01 0.82256040E-01 0.84605136E-01 0.86494028E-01 0.88169270E-01 0.90281060E-01 0.93898465E-01
0.71310601E-01 0.77756924E-01 0.88456843E-01 0.10537254E+00 0.12908879E+00 0.15791441E+00 0.18798608E+00 0.21456554E+00 0.23375431E+00 0.24339762E+00 0.24276015E+00 0.23192375E+00 0.21198894E+00 0.18576202E+00 0.15765723E+00 0.13234241E+00 0.11301696E+00 0.10051517E+00 0.93641169E-01 0.90249266E-01 0.88299344E-01 0.86422181E-01 0.83984604E-01 0.80886968E-01 0.77315173E-01 0.73555259E-01 0.69887183E-01 0.66537322E-01 0.63666041E-01 0.61373682E-01 0.59714735E-01 0.58713834E-01 0.58379598E-01 0.58713834E-01 0.59714735E-01 0.61373682E-01 0.63666041E-01 0.66537322E-01 0.69887183E-01 0.73555259E-01 0.77315173E-01 0.80886968E-01 0.83984604E-01 0.86422181E-01 0.88299344E-01 0.90249266E-01 0.93641169E-01 0.10051517E+00
