examples/topond/topo_ureaCrys.SURFKKIN
DSAA
 161 161
-0.75589045E+01  0.75589045E+01  0.94486307E-01
-0.75589045E+01  0.75589045E+01  0.94486307E-01
 0.00000000E+00  0.00000000E+00
[rows 0 to 21 of 161, columns 0 to 47 of 161]
0.16979040E+01 0.17573214E+01 0.17420520E+01 0.16552192E+01 0.15127124E+01 0.13339210E+01 0.11336449E+01 0.92205419E+00 0.70999217E+00 0.51168923E+00 0.34165117E+00 0.20930022E+00 0.11623868E+00 0.57465652E-01 0.24641851E-01 0.91214572E-02 0.37229657E-02 0.33099280E-02 0.46531731E-02 0.60012368E-02 0.66129626E-02 0.63620506E-02 0.54424214E-02 0.41698014E-02 0.28635718E-02 0.17882740E-02 0.11286748E-02 0.96568916E-03 0.12205634E-02 0.15659757E-02 0.14038043E-02 0.18268632E-03 -0.15543873E-02 -0.24273678E-03 0.12741914E-01 0.50914312E-01 0.12699055E+00 0.24091444E+00 0.36886290E+00 0.46714522E+00 0.49621321E+00 0.44776986E+00 0.34973040E+00 0.24512206E+00 0.16594994E+00 0.12200018E+00 0.10592030E+00 0.10435932E+00
0.24344975E+01 0.25460868E+01 0.25172951E+01 0.23553166E+01 0.21004427E+01 0.18082765E+01 0.15184554E+01 0.12414977E+01 0.97477791E+00 0.72213213E+00 0.49731521E+00 0.31496349E+00 0.18171732E+00 0.94338910E-01 0.43278953E-01 0.17306821E-01 0.65899512E-02 0.38897987E-02 0.45407954E-02 0.59112073E-02 0.67724576E-02 0.67609485E-02 0.59792130E-02 0.47277867E-02 0.33431119E-02 0.21143019E-02 0.12494457E-02 0.85887903E-03 0.92300108E-03 0.12307970E-02 0.13375340E-02 0.70100126E-03 -0.76177818E-03 -0.15911618E-02 0.23913354E-02 0.18075969E-01 0.52196352E-01 0.10538152E+00 0.16679834E+00 0.21594225E+00 0.23389323E+00 0.21614680E+00 0.17528593E+00 0.13130672E+00 0.99076306E-01 0.82628198E-01 0.77591344E-01 0.76988940E-01
0.35366557E+01 0.36801925E+01 0.36453130E+01 0.34224640E+01 0.30052406E+01 0.24859828E+01 0.19973233E+01 0.15942888E+01 0.12548208E+01 0.94849147E+00 0.67145829E+00 0.43802552E+00 0.26075257E+00 0.14038946E+00 0.67510039E-01 0.28624588E-01 0.11072743E-01 0.52194831E-02 0.47140069E-02 0.58749205E-02 0.68823615E-02 0.70749347E-02 0.64296083E-02 0.52129968E-02 0.37690939E-02 0.24073044E-02 0.13566445E-02 0.75244010E-03 0.62350961E-03 0.85906211E-03 0.11704674E-02 0.11291169E-02 0.41863265E-03 -0.61878898E-03 -0.34073082E-03 0.43080772E-02 0.16591906E-01 0.37396111E-01 0.62866713E-01 0.84995366E-01 0.96075884E-01 0.93898075E-01 0.82978644E-01 0.70788623E-01 0.62655692E-01 0.59422004E-01 0.58624725E-01 0.57186270E-01
0.40211661E+01 0.38121818E+01 0.38763579E+01 0.41041398E+01 0.40230512E+01 0.34316856E+01 0.26504861E+01 0.20064011E+01 0.15414572E+01 0.11726682E+01 0.84853162E+00 0.56825826E+00 0.34749309E+00 0.19255777E+00 0.95862632E-01 0.42445483E-01 0.16960619E-01 0.72749274E-02 0.52152909E-02 0.59444035E-02 0.69816682E-02 0.73251239E-02 0.67999434E-02 0.56227268E-02 0.41353798E-02 0.26620427E-02 0.14486312E-02 0.64889833E-03 0.32497757E-03 0.43861639E-03 0.83000418E-03 0.12185989E-02 0.12980573E-02 0.98242925E-03 0.73637001E-03 0.17202795E-02 0.53974537E-02 0.12546833E-01 0.22286370E-01 0.32121045E-01 0.39384035E-01 0.43014926E-01 0.44044605E-01 0.44373308E-01 0.45089073E-01 0.45794229E-01 0.45227712E-01 0.42371242E-01
0.22180668E+01 0.16634261E+01 0.17986874E+01 0.26457142E+01 0.38700267E+01 0.42220233E+01 0.34542543E+01 0.25024734E+01 0.18343047E+01 0.13798966E+01 0.10121438E+01 0.69292614E+00 0.43361379E+00 0.24597103E+00 0.12572512E+00 0.57491064E-01 0.23698094E-01 0.98596135E-02 0.60062273E-02 0.61370979E-02 0.70970772E-02 0.75302090E-02 0.70978609E-02 0.59563353E-02 0.44372951E-02 0.28736417E-02 0.15233690E-02 0.55188295E-03 0.39955895E-04 -0.75722022E-05 0.33605975E-03 0.91629444E-03 0.15263417E-02 0.20048750E-02 0.23918784E-02 0.30431030E-02 0.45522686E-02 0.74259612E-02 0.11694802E-01 0.16804683E-01 0.21947464E-01 0.26550333E-01 0.30446965E-01 0.33596670E-01 0.35712504E-01 0.36222594E-01 0.34602675E-01 0.30760633E-01
0.29230606E+01 0.88299409E+01 0.62866815E+01 0.21135426E+01 0.25254194E+01 0.40502481E+01 0.41214350E+01 0.30351306E+01 0.21223121E+01 0.15575986E+01 0.11480179E+01 0.79939765E+00 0.50984727E+00 0.29470907E+00 0.15370347E+00 0.71991604E-01 0.30449074E-01 0.12625708E-01 0.69701566E-02 0.64317682E-02 0.72374777E-02 0.77017682E-02 0.73290180E-02 0.62132714E-02 0.46706387E-02 0.30371639E-02 0.15779076E-02 0.46398434E-03 -0.21661162E-03 -0.43982668E-03 -0.23296279E-03 0.32963893E-03 0.11355488E-02 0.20677589E-02 0.30689954E-02 0.42073467E-02 0.56837704E-02 0.77419990E-02 0.10518659E-01 0.13938443E-01 0.17728294E-01 0.21510037E-01 0.24866348E-01 0.27345316E-01 0.28479714E-01 0.27895770E-01 0.25474428E-01 0.21446124E-01
0.12062208E+03 0.45628360E+03 0.33123170E+03 0.40627254E+02 0.29466731E+01 0.32706290E+01 0.43409363E+01 0.34668633E+01 0.23638303E+01 0.16902394E+01 0.12449199E+01 0.87731326E+00 0.56774570E+00 0.33291366E+00 0.17624007E+00 0.84005005E-01 0.36249500E-01 0.15140690E-01 0.79372015E-02 0.67750345E-02 0.73933457E-02 0.78416988E-02 0.74946357E-02 0.63913747E-02 0.48307505E-02 0.31472124E-02 0.16079959E-02 0.38503752E-03 -0.43399339E-03 -0.82138111E-03 -0.78781210E-03 -0.36989587E-03 0.37645871E-03 0.13862909E-02 0.26069090E-02 0.40251492E-02 0.56804565E-02 0.76429394E-02 0.99571320E-02 0.12579879E-01 0.15346342E-01 0.17976273E-01 0.20111145E-01 0.21373673E-01 0.21449645E-01 0.20179792E-01 0.17624643E-01 0.14062948E-01
0.86426143E+03 0.81176952E+04 0.39362107E+04 0.32784134E+03 0.81986978E+01 0.29058925E+01 0.42074312E+01 0.36719200E+01 0.24972767E+01 0.17590773E+01 0.12948915E+01 0.91981820E+00 0.60111039E+00 0.35590850E+00 0.19033002E+00 0.91820039E-01 0.40213942E-01 0.16984632E-01 0.87258761E-02 0.70967463E-02 0.75408426E-02 0.79421123E-02 0.75903690E-02 0.64858668E-02 0.49119395E-02 0.31977562E-02 0.16080878E-02 0.31161849E-03 -0.60878926E-03 -0.11299036E-02 -0.12622449E-02 -0.10323133E-02 -0.47369897E-03 0.37693431E-03 0.14841592E-02 0.28199362E-02 0.43668942E-02 0.61108845E-02 0.80197441E-02 0.10015567E-01 0.11955105E-01 0.13631311E-01 0.14801091E-01 0.15235221E-01 0.14778172E-01 0.13397907E-01 0.11204518E-01 0.84273164E-02
0.12442602E+04 0.27327709E+05 0.77658130E+04 0.44499406E+03 0.10923358E+02 0.27322833E+01 0.40200407E+01 0.36212136E+01 0.24801224E+01 0.17513170E+01 0.12944639E+01 0.92404304E+00 0.60681110E+00 0.36103679E+00 0.19413713E+00 0.94331675E-01 0.41738591E-01 0.17850820E-01 0.91892266E-02 0.73293655E-02 0.76489978E-02 0.79875028E-02 0.76066357E-02 0.64892607E-02 0.49074680E-02 0.31823321E-02 0.15717727E-02 0.23764713E-03 -0.74459276E-03 -0.13594488E-02 -0.16240519E-02 -0.15679273E-02 -0.12219355E-02 -0.61470595E-03 0.22670659E-03 0.12746382E-02 0.24976027E-02 0.38546905E-02 0.52867997E-02 0.67071188E-02 0.79966727E-02 0.90111791E-02 0.96019986E-02 0.96475698E-02 0.90859503E-02 0.79361773E-02 0.62991242E-02 0.43365381E-02
0.32082156E+03 0.12156332E+04 0.83421843E+03 0.11654853E+03 0.41472844E+01 0.25381319E+01 0.38856105E+01 0.33453324E+01 0.23178916E+01 0.16704094E+01 0.12460398E+01 0.89106105E+00 0.58500789E+00 0.34806547E+00 0.18735298E+00 0.91281962E-01 0.40640540E-01 0.17619315E-01 0.92513224E-02 0.74251975E-02 0.76875248E-02 0.79581853E-02 0.75302084E-02 0.63922200E-02 0.48101712E-02 0.30946451E-02 0.14925371E-02 0.15560596E-03 -0.84977179E-03 -0.15165268E-02 -0.18696846E-02 -0.19455640E-02 -0.17796237E-02 -0.14020797E-02 -0.83895341E-03 -0.11606332E-03 0.73590457E-03 0.16762589E-02 0.26498748E-02 0.35848480E-02 0.43944008E-02 0.49849735E-02 0.52706750E-02 0.51910400E-02 0.47267008E-02 0.39070013E-02 0.28060855E-02 0.15282814E-02
0.13284755E+02 0.55786099E+02 0.38698081E+02 0.52209810E+01 0.16343504E+01 0.28440589E+01 0.36565523E+01 0.28984673E+01 0.20614250E+01 0.15357315E+01 0.11572115E+01 0.82536295E+00 0.53891894E+00 0.31914000E+00 0.17122515E+00 0.83302045E-01 0.37192887E-01 0.16381543E-01 0.89231797E-02 0.73663323E-02 0.76329585E-02 0.78341164E-02 0.73466589E-02 0.61851905E-02 0.46136311E-02 0.29295242E-02 0.13647321E-02 0.57909520E-04 -0.93486337E-03 -0.16145933E-02 -0.20131075E-02 -0.21727954E-02 -0.21343328E-02 -0.19316439E-02 -0.15921811E-02 -0.11403493E-02 -0.60214012E-03 -0.94687220E-05 0.59696094E-03 0.11672437E-02 0.16451064E-02 0.19742002E-02 0.21071183E-02 0.20149036E-02 0.16942291E-02 0.11695537E-02 0.48914274E-03 -0.28412700E-03
0.68195464E+00 0.74367173E+00 0.68914258E+00 0.83911757E+00 0.20628068E+01 0.32978606E+01 0.31453146E+01 0.23826112E+01 0.17777642E+01 0.13710814E+01 0.10379745E+01 0.73403975E+00 0.47427475E+00 0.27834674E+00 0.14826592E+00 0.71751308E-01 0.32049080E-01 0.14410605E-01 0.82945408E-02 0.71650760E-02 0.74717877E-02 0.75983060E-02 0.70431581E-02 0.58604973E-02 0.43136999E-02 0.26840801E-02 0.11846074E-02 -0.61838129E-04 -0.10103923E-02 -0.16694567E-02 -0.20758790E-02 -0.22759154E-02 -0.23135175E-02 -0.22251269E-02 -0.20392401E-02 -0.17788501E-02 -0.14650832E-02 -0.11206475E-02 -0.77207187E-03 -0.45003271E-03 -0.18746789E-03 -0.15717049E-04 0.40571104E-04 -0.31706346E-04 -0.23091674E-03 -0.54039805E-03 -0.93135248E-03 -0.13682830E-02
0.20324733E+01 0.15095201E+01 0.16496672E+01 0.23584949E+01 0.30245253E+01 0.30067653E+01 0.24731716E+01 0.19193500E+01 0.15133177E+01 0.11931946E+01 0.89841072E+00 0.62602488E+00 0.39852720E+00 0.23097048E+00 0.12172404E+00 0.58407449E-01 0.26084708E-01 0.12089856E-01 0.75062521E-02 0.68561741E-02 0.72005572E-02 0.72392854E-02 0.66111857E-02 0.54145226E-02 0.39100768E-02 0.23588501E-02 0.95125904E-03 -0.20781192E-03 -0.10853083E-02 -0.16962374E-02 -0.20806886E-02 -0.22864721E-02 -0.23584338E-02 -0.23335240E-02 -0.22400038E-02 -0.20991337E-02 -0.19279383E-02 -0.17419478E-02 -0.15571236E-02 -0.13905089E-02 -0.12594653E-02 -0.11797591E-02 -0.11630031E-02 -0.12143638E-02 -0.13312355E-02 -0.15034735E-02 -0.17151996E-02 -0.19478156E-02
0.28510716E+01 0.28243651E+01 0.28361645E+01 0.28406916E+01 0.26715627E+01 0.23106770E+01 0.19062698E+01 0.15643141E+01 0.12784971E+01 0.10100722E+01 0.74856689E+00 0.51141570E+00 0.31981752E+00 0.18257282E+00 0.94954147E-01 0.45099765E-01 0.20207589E-01 0.98242458E-02 0.67137210E-02 0.64846997E-02 0.68239853E-02 0.67527718E-02 0.60487858E-02 0.48495755E-02 0.34076159E-02 0.19586840E-02 0.66730795E-03 -0.38126803E-03 -0.11659995E-02 -0.17076226E-02 -0.20478793E-02 -0.22341595E-02 -0.23101549E-02 -0.23115198E-02 -0.22650450E-02 -0.21899055E-02 -0.20998304E-02 -0.20053374E-02 -0.19154657E-02 -0.18386906E-02 -0.17829590E-02 -0.17550298E-02 -0.17594105E-02 -0.17974326E-02 -0.18667950E-02 -0.19618371E-02 -0.20745550E-02 -0.21960390E-02
0.22610085E+01 0.23395117E+01 0.23197551E+01 0.22024658E+01 0.20025564E+01 0.17622930E+01 0.15229215E+01 0.12937461E+01 0.10632382E+01 0.82726752E+00 0.59930462E+00 0.40048727E+00 0.24576567E+00 0.13807588E+00 0.70840996E-01 0.33384884E-01 0.15190187E-01 0.79608200E-02 0.60531098E-02 0.60941656E-02 0.63525291E-02 0.61425466E-02 0.53621021E-02 0.41751213E-02 0.28170816E-02 0.14931600E-02 0.33917713E-03 -0.58024021E-03 -0.12558153E-02 -0.17130279E-02 -0.19938775E-02 -0.21437635E-02 -0.22036683E-02 -0.22066044E-02 -0.21769712E-02 -0.21315993E-02 -0.20815423E-02 -0.20339579E-02 -0.19936762E-02 -0.19642443E-02 -0.19484050E-02 -0.19481354E-02 -0.19643865E-02 -0.19968429E-02 -0.20438355E-02 -0.21025080E-02 -0.21692489E-02 -0.22401414E-02
0.17183853E+01 0.17669427E+01 0.17544729E+01 0.16834648E+01 0.15668277E+01 0.14199268E+01 0.12515493E+01 0.10636738E+01 0.86013717E+00 0.65336076E+00 0.46190598E+00 0.30222482E+00 0.18232542E+00 0.10106840E+00 0.51412058E-01 0.24338605E-01 0.11562389E-01 0.67369863E-02 0.56188788E-02 0.57183985E-02 0.58004577E-02 0.54207192E-02 0.45660068E-02 0.34081325E-02 0.21551604E-02 0.97639768E-03 -0.23130766E-04 -0.79967751E-03 -0.13550533E-02 -0.17183929E-02 -0.19307280E-02 -0.20342577E-02 -0.20661485E-02 -0.20558586E-02 -0.20247957E-02 -0.19872939E-02 -0.19521584E-02 -0.19242853E-02 -0.19060672E-02 -0.18984360E-02 -0.19015701E-02 -0.19151861E-02 -0.19387291E-02 -0.19713912E-02 -0.20121451E-02 -0.20597458E-02 -0.21127455E-02 -0.21692953E-02
0.13985230E+01 0.14313515E+01 0.14230236E+01 0.13742125E+01 0.12882810E+01 0.11694135E+01 0.10220501E+01 0.85296191E+00 0.67365546E+00 0.49961729E+00 0.34599706E+00 0.22284590E+00 0.13305753E+00 0.73494301E-01 0.37701253E-01 0.18489649E-01 0.95769064E-02 0.62628141E-02 0.54556147E-02 0.53784038E-02 0.51849754E-02 0.46074252E-02 0.36836933E-02 0.25724513E-02 0.14436703E-02 0.42625145E-03 -0.40674300E-03 -0.10319971E-02 -0.14613570E-02 -0.17264523E-02 -0.18662943E-02 -0.19189810E-02 -0.19171250E-02 -0.18860687E-02 -0.18438833E-02 -0.18023415E-02 -0.17682846E-02 -0.17450246E-02 -0.17335779E-02 -0.17336349E-02 -0.17442918E-02 -0.17644588E-02 -0.17931722E-02 -0.18297061E-02 -0.18735605E-02 -0.19243349E-02 -0.19813816E-02 -0.20431887E-02
0.11571212E+01 0.11865329E+01 0.11791037E+01 0.11351456E+01 0.10565668E+01 0.94718695E+00 0.81349143E+00 0.66528296E+00 0.51507458E+00 0.37572208E+00 0.25731145E+00 0.16503974E+00 0.99034793E-01 0.55739788E-01 0.29837392E-01 0.15873023E-01 0.92351891E-02 0.65320460E-02 0.55622195E-02 0.50835710E-02 0.45259535E-02 0.37298226E-02 0.27452758E-02 0.16972274E-02 0.70804808E-03 -0.13702189E-03 -0.79701675E-03 -0.12679636E-02 -0.15704151E-02 -0.17373452E-02 -0.18048744E-02 -0.18063779E-02 -0.17694815E-02 -0.17151235E-02 -0.16578896E-02 -0.16069978E-02 -0.15675182E-02 -0.15415759E-02 -0.15294067E-02 -0.15302041E-02 -0.15427822E-02 -0.15659855E-02 -0.15989849E-02 -0.16413740E-02 -0.16930650E-02 -0.17540020E-02 -0.18235589E-02 -0.18996039E-02
0.93668972E+00 0.96373794E+00 0.95689021E+00 0.91659113E+00 0.84556675E+00 0.74904480E+00 0.63483665E+00 0.51281189E+00 0.39349672E+00 0.28611236E+00 0.19686573E+00 0.12822033E+00 0.79295739E-01 0.46992299E-01 0.27267648E-01 0.16152206E-01 0.10348438E-01 0.74502250E-02 0.59035420E-02 0.48353526E-02 0.38458649E-02 0.28203481E-02 0.17854794E-02 0.81462547E-03 -0.24673561E-04 -0.69242351E-03 -0.11788634E-02 -0.14977397E-02 -0.16768411E-02 -0.17494188E-02 -0.17480478E-02 -0.17010175E-02 -0.16307900E-02 -0.15538312E-02 -0.14812428E-02 -0.14197562E-02 -0.13728142E-02 -0.13415848E-02 -0.13258347E-02 -0.13246312E-02 -0.13368933E-02 -0.13617335E-02 -0.13986878E-02 -0.14477354E-02 -0.15090848E-02 -0.15827365E-02 -0.16676713E-02 -0.17606697E-02
0.74513232E+00 0.76812544E+00 0.76228935E+00 0.72814845E+00 0.66880117E+00 0.58972364E+00 0.49825990E+00 0.40268550E+00 0.31093545E+00 0.22933662E+00 0.16176572E+00 0.10947815E+00 0.71553682E-01 0.45687223E-01 0.29014549E-01 0.18757709E-01 0.12608041E-01 0.88680354E-02 0.64242930E-02 0.46313452E-02 0.31692536E-02 0.19142962E-02 0.84074480E-03 -0.42868655E-04 -0.72808998E-03 -0.12199683E-02 -0.15380873E-02 -0.17119501E-02 -0.17750706E-02 -0.17600824E-02 -0.16955914E-02 -0.16046874E-02 -0.15047111E-02 -0.14077634E-02 -0.13215842E-02 -0.12505408E-02 -0.11965747E-02 -0.11600350E-02 -0.11403663E-02 -0.11366925E-02 -0.11481699E-02 -0.11743082E-02 -0.12150680E-02 -0.12708036E-02 -0.13419280E-02 -0.14283441E-02 -0.15284563E-02 -0.16377893E-02
0.60005382E+00 0.61843476E+00 0.61376185E+00 0.58652636E+00 0.53956563E+00 0.47765142E+00 0.40678051E+00 0.33326983E+00 0.26282745E+00 0.19980648E+00 0.14680776E+00 0.10468439E+00 0.72873433E-01 0.49900790E-01 0.33896951E-01 0.23007531E-01 0.15648400E-01 0.10611664E-01 0.70616193E-02 0.44685654E-02 0.25215585E-02 0.10469721E-02 -0.53859994E-04 -0.84514519E-03 -0.13785579E-02 -0.17022593E-02 -0.18625775E-02 -0.19025876E-02 -0.18601448E-02 -0.17665744E-02 -0.16463302E-02 -0.15174182E-02 -0.13922871E-02 -0.12789213E-02 -0.11819160E-02 -0.11034449E-02 -0.10440758E-02 -0.10034343E-02 -0.98072474E-03 -0.97515542E-03 -0.98618427E-03 -0.10137214E-02 -0.10581389E-02 -0.11201236E-02 -0.12002308E-02 -0.12982017E-02 -0.14118226E-02 -0.15353777E-02
0.50798516E+00 0.52272327E+00 0.51897187E+00 0.49716840E+00 0.45979182E+00 0.41083917E+00 0.35505722E+00 0.29715900E+00 0.24120105E+00 0.19020349E+00 0.14601608E+00 0.10938789E+00 0.80177772E-01 0.57636028E-01 0.40692273E-01 0.28198160E-01 0.19095829E-01 0.12506775E-01 0.77546397E-02 0.43453090E-02 0.19274220E-02 0.25081980E-03 -0.86748011E-03 -0.15667934E-02 -0.19569096E-02 -0.21257133E-02 -0.21431599E-02 -0.20636961E-02 -0.19282977E-02 -0.17665562E-02 -0.15988249E-02 -0.14383337E-02 -0.12930194E-02 -0.11671089E-02 -0.10623427E-02 -0.97891030E-03 -0.91614359E-03 -0.87302508E-03 -0.84855549E-03 -0.84203524E-03 -0.85320667E-03 -0.88234777E-03 -0.93020504E-03 -0.99773364E-03 -0.10856154E-02 -0.11934166E-02 -0.13183509E-02 -0.14535862E-02
