examples/topond/topo_urea.SURFLAPP
DSAA
 101 101
-0.75589045E+01  0.75589045E+01  0.15117809E+00
-0.75589045E+01  0.75589045E+01  0.15117809E+00
 0.00000000E+00  0.00000000E+00
[rows 42 to 62 of 101, columns 48 to 95 of 101]
0.12320018E+00 0.10681636E+00 0.10159999E+00 0.10681636E+00 0.12320018E+00 0.15240846E+00 0.19522067E+00 0.24814732E+00 0.29861394E+00 0.32097494E+00 0.27899742E+00 0.14005389E+00 -0.10629217E+00 -0.44538833E+00 -0.84278137E+00 -0.12168307E+01 -0.14213526E+01 -0.13466912E+01 -0.10394838E+01 -0.64357227E+00 -0.26805229E+00 0.33299239E-01 0.22989733E+00 0.31579143E+00 0.31554949E+00 0.26805281E+00 0.20641231E+00 0.14987543E+00 0.10578741E+00 0.74580505E-01 0.53808549E-01 0.40438236E-01 0.31876303E-01 0.26290491E-01 0.22572767E-01 0.20148799E-01 0.18762337E-01 0.18305619E-01 0.18717115E-01 0.19935740E-01 0.21888907E-01 0.24493991E-01 0.27659950E-01 0.31283656E-01 0.35241253E-01 0.39378499E-01 0.43505454E-01 0.47400047E-01
0.15147644E+00 0.13136511E+00 0.12496901E+00 0.13136511E+00 0.15147644E+00 0.18740942E+00 0.24023425E+00 0.30567741E+00 0.36779236E+00 0.39330656E+00 0.33363499E+00 0.14239700E+00 -0.19479353E+00 -0.63999220E+00 -0.11097681E+01 -0.14959590E+01 -0.16898179E+01 -0.16271435E+01 -0.13297161E+01 -0.88863780E+00 -0.41556871E+00 -0.11354965E-01 0.25747520E+00 0.37807044E+00 0.38456848E+00 0.32875116E+00 0.25373358E+00 0.18433925E+00 0.13000249E+00 0.91363926E-01 0.65478090E-01 0.48669722E-01 0.37771748E-01 0.30518406E-01 0.25521348E-01 0.22053940E-01 0.19791954E-01 0.18602443E-01 0.18413490E-01 0.19154352E-01 0.20738713E-01 0.23065607E-01 0.26022309E-01 0.29482749E-01 0.33301592E-01 0.37307670E-01 0.41301415E-01 0.45059929E-01
0.18872250E+00 0.16448682E+00 0.15674790E+00 0.16448682E+00 0.18872250E+00 0.23166952E+00 0.29389724E+00 0.36882297E+00 0.43492993E+00 0.45010708E+00 0.35802453E+00 0.11448148E+00 -0.27810245E+00 -0.76024280E+00 -0.12395265E+01 -0.16173666E+01 -0.18036224E+01 -0.17456725E+01 -0.14601189E+01 -0.10220428E+01 -0.52886488E+00 -0.79253187E-01 0.24584882E+00 0.41215180E+00 0.44184147E+00 0.38903583E+00 0.30585601E+00 0.22496274E+00 0.15997073E+00 0.11292122E+00 0.80905007E-01 0.59797327E-01 0.45894167E-01 0.36473670E-01 0.29833048E-01 0.25066547E-01 0.21764187E-01 0.19754616E-01 0.18942917E-01 0.19235381E-01 0.20518292E-01 0.22659431E-01 0.25513104E-01 0.28921199E-01 0.32710153E-01 0.36687258E-01 0.40640306E-01 0.44343449E-01
0.23487436E+00 0.20666037E+00 0.19757599E+00 0.20666037E+00 0.23487436E+00 0.28398913E+00 0.35287478E+00 0.43058085E+00 0.48776312E+00 0.47450942E+00 0.33865370E+00 0.65597242E-01 -0.29733040E+00 -0.66989613E+00 -0.98386846E+00 -0.11848176E+01 -0.12512949E+01 -0.12210593E+01 -0.10936390E+01 -0.84571558E+00 -0.50706502E+00 -0.13561038E+00 0.19071331E+00 0.39963600E+00 0.47009007E+00 0.43724080E+00 0.35594191E+00 0.26794357E+00 0.19360711E+00 0.13814311E+00 0.99564528E-01 0.73656094E-01 0.56289679E-01 0.44309178E-01 0.35699235E-01 0.29379288E-01 0.24859633E-01 0.21932141E-01 0.20472934E-01 0.20352521E-01 0.21412984E-01 0.23473031E-01 0.26337637E-01 0.29803445E-01 0.33659630E-01 0.37687323E-01 0.41660875E-01 0.45353332E-01
0.28652680E+00 0.25549152E+00 0.24537832E+00 0.25549152E+00 0.28652680E+00 0.33909747E+00 0.40895205E+00 0.47873838E+00 0.51032314E+00 0.45168158E+00 0.27533064E+00 0.28991823E-01 -0.16644598E+00 -0.15650954E+00 0.37214986E+00 0.19338802E+01 0.36917171E+01 0.33435735E+01 0.14177281E+01 0.15318210E+00 -0.18737643E+00 -0.11742655E+00 0.10628230E+00 0.32804387E+00 0.44906226E+00 0.45556325E+00 0.39107227E+00 0.30453508E+00 0.22513424E+00 0.16329491E+00 0.11914392E+00 0.88920274E-01 0.68289020E-01 0.53758989E-01 0.43076976E-01 0.35058265E-01 0.29191389E-01 0.25267017E-01 0.23144274E-01 0.22651706E-01 0.23570412E-01 0.25649513E-01 0.28625510E-01 0.32235458E-01 0.36223522E-01 0.40343542E-01 0.44360381E-01 0.48052370E-01
0.33472536E+00 0.30357395E+00 0.29326437E+00 0.30357395E+00 0.33472536E+00 0.38548546E+00 0.44727639E+00 0.49520604E+00 0.48385733E+00 0.36913590E+00 0.17053495E+00 0.25185865E-01 0.19974359E+00 0.15438609E+01 0.81774631E+01 0.27012096E+02 0.47369868E+02 0.43126015E+02 0.20399029E+02 0.52145042E+01 0.83560996E+00 0.26012087E-01 0.15534927E-02 0.18738764E+00 0.35749766E+00 0.42110676E+00 0.39189135E+00 0.32007106E+00 0.24404638E+00 0.18114725E+00 0.13488768E+00 0.10264190E+00 0.80197030E-01 0.63934651E-01 0.51555818E-01 0.41954322E-01 0.34743402E-01 0.29806357E-01 0.27029405E-01 0.26207401E-01 0.27048783E-01 0.29214541E-01 0.32356531E-01 0.36143953E-01 0.40277315E-01 0.44492239E-01 0.48556144E-01 0.52261886E-01
0.36396850E+00 0.33743611E+00 0.32848422E+00 0.33743611E+00 0.36396850E+00 0.40474667E+00 0.44656351E+00 0.45755698E+00 0.38886725E+00 0.21417190E+00 0.11603830E-01 0.21457275E-01 0.88385368E+00 0.70945093E+01 0.42598334E+02 0.14785801E+03 0.29511531E+03 0.26030380E+03 0.10855268E+03 0.26579079E+02 0.37470256E+01 0.28580613E+00 -0.14990929E+00 -0.36944424E-01 0.17686580E+00 0.31142888E+00 0.33692820E+00 0.29687011E+00 0.23694228E+00 0.18202891E+00 0.14011027E+00 0.11043925E+00 0.89322088E-01 0.73292040E-01 0.60305807E-01 0.49648916E-01 0.41319505E-01 0.35464745E-01 0.32085735E-01 0.30973914E-01 0.31765502E-01 0.34025811E-01 0.37320931E-01 0.41264253E-01 0.45536924E-01 0.49884943E-01 0.54099093E-01 0.57988540E-01
0.35558050E+00 0.34085473E+00 0.33575769E+00 0.34085473E+00 0.35558050E+00 0.37533278E+00 0.38371354E+00 0.34461179E+00 0.21036333E+00 -0.23985009E-01 -0.22975492E+00 -0.78303679E-01 0.17496206E+01 0.17976835E+02 0.11542473E+03 0.51052489E+03 0.41272530E+03 0.55511735E+03 0.35555657E+03 0.70437462E+02 0.90564300E+01 0.49969522E+00 -0.41068757E+00 -0.35819400E+00 -0.97764724E-01 0.11817577E+00 0.21601712E+00 0.22590259E+00 0.19668715E+00 0.16020850E+00 0.13005751E+00 0.10851700E+00 0.92906315E-01 0.80019009E-01 0.68221147E-01 0.57490870E-01 0.48533335E-01 0.41994019E-01 0.38117605E-01 0.36747210E-01 0.37468460E-01 0.39770341E-01 0.43168770E-01 0.47277598E-01 0.51825490E-01 0.56624775E-01 0.61509445E-01 0.66270732E-01
0.29786042E+00 0.30498791E+00 0.30743115E+00 0.30498791E+00 0.29786042E+00 0.28288420E+00 0.24440652E+00 0.14699021E+00 -0.51916053E-01 -0.34087778E+00 -0.56658642E+00 -0.37391333E+00 0.19549744E+01 0.24421332E+02 0.16582441E+03 0.61657805E+03 -0.30124793E+05 -0.52262162E+04 0.53342382E+03 0.97658229E+02 0.11875591E+02 0.27794050E+00 -0.81801575E+00 -0.75896083E+00 -0.43738631E+00 -0.13227320E+00 0.51365421E-01 0.12669364E+00 0.13980868E+00 0.12754841E+00 0.11110769E+00 0.98857472E-01 0.90608105E-01 0.83094010E-01 0.74349189E-01 0.64763564E-01 0.55863705E-01 0.48990310E-01 0.44766683E-01 0.43161130E-01 0.43762885E-01 0.46055944E-01 0.49611539E-01 0.54176466E-01 0.59655466E-01 0.66006276E-01 0.73093094E-01 0.80563434E-01
0.19805110E+00 0.24068208E+00 0.25606721E+00 0.24068208E+00 0.19805110E+00 0.13240916E+00 0.35552702E-01 -0.12105435E+00 -0.37216512E+00 -0.70006826E+00 -0.95721051E+00 -0.83845382E+00 0.92328867E+00 0.17174707E+02 0.11510699E+03 0.51086523E+03 0.41225237E+03 0.55387859E+03 0.35418491E+03 0.68968544E+02 0.78078115E+01 -0.50418878E+00 -0.12976462E+01 -0.11628568E+01 -0.76903807E+00 -0.37896867E+00 -0.11038548E+00 0.37183258E-01 0.10177765E+00 0.11659727E+00 0.10767683E+00 0.95224973E-01 0.87977909E-01 0.83865067E-01 0.78537181E-01 0.70952999E-01 0.62771012E-01 0.55948095E-01 0.51548825E-01 0.49742413E-01 0.50224052E-01 0.52630359E-01 0.56803078E-01 0.62859615E-01 0.71073397E-01 0.81617665E-01 0.94278416E-01 0.10826272E+00
0.88759652E-01 0.19181000E+00 0.23132480E+00 0.19181000E+00 0.88759652E-01 -0.49539098E-01 -0.21282869E+00 -0.41926627E+00 -0.69689170E+00 -0.10319039E+01 -0.13046753E+01 -0.12884226E+01 -0.40666194E+00 0.59626277E+01 0.42196344E+02 0.14854551E+03 0.29596853E+03 0.26022761E+03 0.10741601E+03 0.24877759E+02 0.20273191E+01 -0.13081186E+01 -0.16784395E+01 -0.14559130E+01 -0.10190372E+01 -0.60623691E+00 -0.31584878E+00 -0.11791601E+00 0.30276251E-01 0.11982114E+00 0.13883298E+00 0.11800667E+00 0.96651782E-01 0.86802508E-01 0.81876727E-01 0.75974754E-01 0.68826853E-01 0.62351094E-01 0.57942924E-01 0.56034456E-01 0.56599081E-01 0.59706562E-01 0.65824370E-01 0.75786344E-01 0.90455157E-01 0.11020873E+00 0.13445824E+00 0.16140932E+00
0.65361941E-01 0.32202576E+00 0.43205500E+00 0.32202576E+00 0.65361941E-01 -0.21298050E+00 -0.45995705E+00 -0.69651079E+00 -0.96158969E+00 -0.12572742E+01 -0.15034497E+01 -0.15423089E+01 -0.11449429E+01 0.59476615E+00 0.80483514E+01 0.28030480E+02 0.48976578E+02 0.44184585E+02 0.20303128E+02 0.41845053E+01 -0.65737723E+00 -0.16903326E+01 -0.18153136E+01 -0.15584534E+01 -0.11967147E+01 -0.96929397E+00 -0.89530157E+00 -0.76345604E+00 -0.42580005E+00 -0.43651909E-01 0.15425309E+00 0.16864312E+00 0.12576371E+00 0.97163076E-01 0.86218663E-01 0.80140592E-01 0.73783166E-01 0.67771349E-01 0.63516271E-01 0.61767917E-01 0.63046148E-01 0.68279505E-01 0.79050577E-01 0.97314087E-01 0.12467572E+00 0.16149059E+00 0.20613673E+00 0.25481424E+00
0.68430654E+00 0.17736420E+01 0.23157903E+01 0.17736420E+01 0.68430654E+00 -0.17516269E+00 -0.64439735E+00 -0.90745192E+00 -0.11166910E+01 -0.13233250E+01 -0.14919681E+01 -0.15254890E+01 -0.13115222E+01 -0.70734207E+00 0.64395561E+00 0.31439536E+01 0.54586267E+01 0.48497278E+01 0.20466075E+01 -0.16298099E+00 -0.12279056E+01 -0.16475785E+01 -0.16659534E+01 -0.14663360E+01 -0.13746429E+01 -0.17011108E+01 -0.23431270E+01 -0.25958579E+01 -0.18886451E+01 -0.72522585E+00 0.22750363E-01 0.21301854E+00 0.17030696E+00 0.11588736E+00 0.92566613E-01 0.83772673E-01 0.77538683E-01 0.71944912E-01 0.68049038E-01 0.67016485E-01 0.70297678E-01 0.80234169E-01 0.10007934E+00 0.13324321E+00 0.18194573E+00 0.24569934E+00 0.32024315E+00 0.39771234E+00
0.55328322E+01 0.12011468E+02 0.15376102E+02 0.12011468E+02 0.55328322E+01 0.11147155E+01 -0.54979276E+00 -0.99679591E+00 -0.11381837E+01 -0.12251596E+01 -0.12803652E+01 -0.12600388E+01 -0.11103993E+01 -0.80046192E+00 -0.34018618E+00 0.17721457E+00 0.50755028E+00 0.39590819E+00 -0.90051928E-01 -0.65328715E+00 -0.10865715E+01 -0.13001670E+01 -0.12864531E+01 -0.12119478E+01 -0.15013810E+01 -0.26362463E+01 -0.44533174E+01 -0.54817473E+01 -0.43167411E+01 -0.19310057E+01 -0.28237441E+00 0.22252644E+00 0.21330013E+00 0.13693095E+00 0.99663751E-01 0.86751290E-01 0.80049933E-01 0.74807111E-01 0.71608498E-01 0.72252041E-01 0.79610322E-01 0.98045114E-01 0.13295139E+00 0.18917741E+00 0.26854463E+00 0.36709462E+00 0.47355275E+00 0.57136376E+00
0.26706657E+02 0.56538078E+02 0.74096447E+02 0.56538078E+02 0.26706657E+02 0.74270363E+01 0.54210424E+00 -0.85087746E+00 -0.10162644E+01 -0.99855156E+00 -0.94183184E+00 -0.84571236E+00 -0.69974251E+00 -0.50333647E+00 -0.27704958E+00 -0.72915437E-01 0.33853784E-01 -0.11827010E-01 -0.19672784E+00 -0.44676368E+00 -0.67266814E+00 -0.79908687E+00 -0.80328791E+00 -0.83356173E+00 -0.13492969E+01 -0.29730619E+01 -0.55880596E+01 -0.72335324E+01 -0.58580497E+01 -0.27011874E+01 -0.47421268E+00 0.22858890E+00 0.24032309E+00 0.15083967E+00 0.10454309E+00 0.88496886E-01 0.81294689E-01 0.76487290E-01 0.74530963E-01 0.78230927E-01 0.92421182E-01 0.12400048E+00 0.18061773E+00 0.26755002E+00 0.38277431E+00 0.51151021E+00 0.62488693E+00 0.68952478E+00
0.84511723E+02 0.21455846E+03 0.26463908E+03 0.21455846E+03 0.84511723E+02 0.23264777E+02 0.36115689E+01 -0.33241010E+00 -0.75376136E+00 -0.69748498E+00 -0.57086131E+00 -0.41652593E+00 -0.25154272E+00 -0.93666593E-01 0.42855352E-01 0.14207620E+00 0.18505322E+00 0.15900172E+00 0.67747478E-01 -0.67241196E-01 -0.21181964E+00 -0.32120876E+00 -0.36245455E+00 -0.41919562E+00 -0.84619044E+00 -0.21853894E+01 -0.43861091E+01 -0.58096939E+01 -0.47020897E+01 -0.20952812E+01 -0.27506967E+00 0.26721722E+00 0.24371605E+00 0.15111557E+00 0.10482959E+00 0.88476541E-01 0.81329019E-01 0.77265368E-01 0.77299041E-01 0.85710539E-01 0.10976400E+00 0.15911422E+00 0.24296044E+00 0.36378066E+00 0.50707441E+00 0.63123012E+00 0.67180992E+00 0.57564206E+00
0.18462161E+03 0.17894506E+03 -0.24916141E+04 0.17894506E+03 0.18462161E+03 0.43356216E+02 0.77024587E+01 0.44370303E+00 -0.39906436E+00 -0.38013181E+00 -0.24120396E+00 -0.71580700E-01 0.96025611E-01 0.23593355E+00 0.33618502E+00 0.39518425E+00 0.41417407E+00 0.39404428E+00 0.33582058E+00 0.24277431E+00 0.12555906E+00 0.11632803E-01 -0.59228479E-01 -0.99546003E-01 -0.28626168E+00 -0.92551240E+00 -0.20064758E+01 -0.26850778E+01 -0.20866159E+01 -0.77071682E+00 0.96652652E-01 0.29455491E+00 0.21969318E+00 0.13819748E+00 0.10055320E+00 0.86695095E-01 0.80348508E-01 0.77489006E-01 0.80346744E-01 0.95086470E-01 0.13165008E+00 0.20213277E+00 0.31518146E+00 0.46356544E+00 0.60417467E+00 0.64431622E+00 0.47228717E+00 0.52779123E-01
0.21414918E+03 -0.14428499E+03 -0.39878281E+05 -0.14428499E+03 0.21414918E+03 0.49640081E+02 0.92670690E+01 0.98375028E+00 -0.61791583E-01 -0.10246205E+00 0.91686033E-02 0.15597493E+00 0.29754602E+00 0.40858963E+00 0.48037577E+00 0.51602627E+00 0.52190496E+00 0.50214538E+00 0.45704062E+00 0.38487648E+00 0.28767886E+00 0.18087030E+00 0.97764874E-01 0.62878880E-01 0.31195586E-01 -0.11322344E+00 -0.38764946E+00 -0.53791585E+00 -0.31697924E+00 0.73868873E-01 0.27781333E+00 0.25977798E+00 0.17608338E+00 0.11880931E+00 0.93769203E-01 0.83657751E-01 0.78652218E-01 0.77464930E-01 0.83866574E-01 0.10610475E+00 0.15670273E+00 0.24919578E+00 0.38790271E+00 0.54513945E+00 0.62792885E+00 0.47352810E+00 -0.44611773E-01 -0.82228490E+00
0.13429039E+03 0.26964657E+03 0.18173185E+03 0.26964657E+03 0.13429039E+03 0.34740842E+02 0.68432516E+01 0.97365384E+00 0.15566788E+00 0.95522571E-01 0.17249209E+00 0.28011881E+00 0.37959435E+00 0.45111440E+00 0.49084166E+00 0.50432266E+00 0.49863817E+00 0.47798155E+00 0.44246437E+00 0.38948476E+00 0.31763906E+00 0.23319909E+00 0.15597371E+00 0.11295010E+00 0.11189468E+00 0.12501215E+00 0.12759203E+00 0.14610655E+00 0.20682903E+00 0.25955397E+00 0.24660709E+00 0.18739565E+00 0.13205626E+00 0.10068858E+00 0.86634159E-01 0.79945677E-01 0.76532511E-01 0.77366439E-01 0.87705827E-01 0.11779726E+00 0.18228400E+00 0.29460207E+00 0.45007341E+00 0.58910169E+00 0.55245774E+00 0.11766434E+00 -0.75456305E+00 -0.16671484E+01
0.49626292E+02 0.11399729E+03 0.15672499E+03 0.11399729E+03 0.49626292E+02 0.15362024E+02 0.32394246E+01 0.64969127E+00 0.23547979E+00 0.20521177E+00 0.26077959E+00 0.33173665E+00 0.38957273E+00 0.42284902E+00 0.43291082E+00 0.42686539E+00 0.41142791E+00 0.39014419E+00 0.36297955E+00 0.32738872E+00 0.28068617E+00 0.22373656E+00 0.16502040E+00 0.12077554E+00 0.10572272E+00 0.12000002E+00 0.14948550E+00 0.17880987E+00 0.19549561E+00 0.18882499E+00 0.16035024E+00 0.12635949E+00 0.10126179E+00 0.87296487E-01 0.80051030E-01 0.75916474E-01 0.74193891E-01 0.77205458E-01 0.91408396E-01 0.12870142E+00 0.20514494E+00 0.33257048E+00 0.49386524E+00 0.59150988E+00 0.40065256E+00 -0.31478372E+00 -0.13898219E+01 -0.20833793E+01
0.13067328E+02 0.26377574E+02 0.33440564E+02 0.26377574E+02 0.13067328E+02 0.41663086E+01 0.10402718E+01 0.34413250E+00 0.23042464E+00 0.24826827E+00 0.29642224E+00 0.34053036E+00 0.36591808E+00 0.37001223E+00 0.35834716E+00 0.33861373E+00 0.31666331E+00 0.29523608E+00 0.27415680E+00 0.25122754E+00 0.22367468E+00 0.19015461E+00 0.15298535E+00 0.11913863E+00 0.97564194E-01 0.92989638E-01 0.10166840E+00 0.11377784E+00 0.11978848E+00 0.11575833E+00 0.10468988E+00 0.92674974E-01 0.83551019E-01 0.77632756E-01 0.73887321E-01 0.71729056E-01 0.71751438E-01 0.76884951E-01 0.94392413E-01 0.13729272E+00 0.22234298E+00 0.35908116E+00 0.51821512E+00 0.56907059E+00 0.24114628E+00 -0.66601135E+00 -0.17497748E+01 -0.19180581E+01
