examples/topond/topo_ureaCrys.SURFGRHO
DSAA
 161 161
-0.75589045E+01  0.75589045E+01  0.94486307E-01
-0.75589045E+01  0.75589045E+01  0.94486307E-01
 0.00000000E+00  0.00000000E+00
[rows 110 to 131 of 161, columns 48 to 95 of 161]
0.10779671E-01 0.10751889E-01 0.11027214E-01 0.11862554E-01 0.13522329E-01 0.16200258E-01 0.19998526E-01 0.24969580E-01 0.31165088E-01 0.38668798E-01 0.47624011E-01 0.58268471E-01 0.70981166E-01 0.86337536E-01 0.10516207E+00 0.12855927E+00 0.15789538E+00 0.19469407E+00 0.24040277E+00 0.29599160E+00 0.36138125E+00 0.43477966E+00 0.51213972E+00 0.58708058E+00 0.65162675E+00 0.69787746E+00 0.72022421E+00 0.71728082E+00 0.69271360E+00 0.65472829E+00 0.61452407E+00 0.58398687E+00 0.57257997E+00 0.58398687E+00 0.61452407E+00 0.65472829E+00 0.69271360E+00 0.71728082E+00 0.72022421E+00 0.69787746E+00 0.65162675E+00 0.58708058E+00 0.51213972E+00 0.43477966E+00 0.36138125E+00 0.29599160E+00 0.24040277E+00 0.19469407E+00
0.87510659E-02 0.91326513E-02 0.99817900E-02 0.11522732E-01 0.13932728E-01 0.17322680E-01 0.21763145E-01 0.27317947E-01 0.34068287E-01 0.42134959E-01 0.51709756E-01 0.63102172E-01 0.76801696E-01 0.93549504E-01 0.11440548E+00 0.14078677E+00 0.17444198E+00 0.21731017E+00 0.27120149E+00 0.33724156E+00 0.41507609E+00 0.50196879E+00 0.59214277E+00 0.67691511E+00 0.74612388E+00 0.79080464E+00 0.80615881E+00 0.79332559E+00 0.75909760E+00 0.71405978E+00 0.67021864E+00 0.63863815E+00 0.62716382E+00 0.63863815E+00 0.67021864E+00 0.71405978E+00 0.75909760E+00 0.79332559E+00 0.80615881E+00 0.79080464E+00 0.74612388E+00 0.67691511E+00 0.59214277E+00 0.50196879E+00 0.41507609E+00 0.33724156E+00 0.27120149E+00 0.21731017E+00
0.74353513E-02 0.82574923E-02 0.96558292E-02 0.11790130E-01 0.14775491E-01 0.18697050E-01 0.23631320E-01 0.29661944E-01 0.36895173E-01 0.45484370E-01 0.55670657E-01 0.67843179E-01 0.82617705E-01 0.10092546E+00 0.12409499E+00 0.15389766E+00 0.19250978E+00 0.24232203E+00 0.30550522E+00 0.38324967E+00 0.47468283E+00 0.57569372E+00 0.67824417E+00 0.77102763E+00 0.84209213E+00 0.88288383E+00 0.89163514E+00 0.87385995E+00 0.83982684E+00 0.80107656E+00 0.76762992E+00 0.74599261E+00 0.73866697E+00 0.74599261E+00 0.76762992E+00 0.80107656E+00 0.83982684E+00 0.87385995E+00 0.89163514E+00 0.88288383E+00 0.84209213E+00 0.77102763E+00 0.67824417E+00 0.57569372E+00 0.47468283E+00 0.38324967E+00 0.30550522E+00 0.24232203E+00
0.66951779E-02 0.79305001E-02 0.97832350E-02 0.12367789E-01 0.15778957E-01 0.20104423E-01 0.25433613E-01 0.31866471E-01 0.39529641E-01 0.48607306E-01 0.59392360E-01 0.72360743E-01 0.88266741E-01 0.10824947E+00 0.13392998E+00 0.16746283E+00 0.21148160E+00 0.26884436E+00 0.34205313E+00 0.43223593E+00 0.53772185E+00 0.65260089E+00 0.76620956E+00 0.86482853E+00 0.93617052E+00 0.97499274E+00 0.98604489E+00 0.98188470E+00 0.97772625E+00 0.98720907E+00 0.10170836E+01 0.10563445E+01 0.10754085E+01 0.10563445E+01 0.10170836E+01 0.98720907E+00 0.97772625E+00 0.98188470E+00 0.98604489E+00 0.97499274E+00 0.93617052E+00 0.86482853E+00 0.76620956E+00 0.65260089E+00 0.53772185E+00 0.43223593E+00 0.34205313E+00 0.26884436E+00
0.63688485E-02 0.79419080E-02 0.10135922E-01 0.13049821E-01 0.16779195E-01 0.21420228E-01 0.27072986E-01 0.33849728E-01 0.41894769E-01 0.51422507E-01 0.62779225E-01 0.76531391E-01 0.93577601E-01 0.11527276E+00 0.14354049E+00 0.18092985E+00 0.23053979E+00 0.29568715E+00 0.37915088E+00 0.48185223E+00 0.60105630E+00 0.72874037E+00 0.85159118E+00 0.95442668E+00 0.10272525E+01 0.10724072E+01 0.11062489E+01 0.11550936E+01 0.12552131E+01 0.14622528E+01 0.18246488E+01 0.22527795E+01 0.24573748E+01 0.22527795E+01 0.18246488E+01 0.14622528E+01 0.12552131E+01 0.11550936E+01 0.11062489E+01 0.10724072E+01 0.10272525E+01 0.95442668E+00 0.85159118E+00 0.72874037E+00 0.60105630E+00 0.48185223E+00 0.37915088E+00 0.29568715E+00
0.62958413E-02 0.81197311E-02 0.10559373E-01 0.13713772E-01 0.17684351E-01 0.22574561E-01 0.28492073E-01 0.35558766E-01 0.43934825E-01 0.53863753E-01 0.65744285E-01 0.80231939E-01 0.98366857E-01 0.12171506E+00 0.15249562E+00 0.19364175E+00 0.24870079E+00 0.32141554E+00 0.41477406E+00 0.52936381E+00 0.66120504E+00 0.80006151E+00 0.93036042E+00 0.10370350E+01 0.11156971E+01 0.11812428E+01 0.12693156E+01 0.14428277E+01 0.18538157E+01 0.28839654E+01 0.50109526E+01 0.77783114E+01 0.91595144E+01 0.77783114E+01 0.50109526E+01 0.28839654E+01 0.18538157E+01 0.14428277E+01 0.12693156E+01 0.11812428E+01 0.11156971E+01 0.10370350E+01 0.93036042E+00 0.80006151E+00 0.66120504E+00 0.52936381E+00 0.41477406E+00 0.32141554E+00
0.63485097E-02 0.83490086E-02 0.10962381E-01 0.14291816E-01 0.18443997E-01 0.23527456E-01 0.29655217E-01 0.36956847E-01 0.45606468E-01 0.55874046E-01 0.68206297E-01 0.83340092E-01 0.10244461E+00 0.12727816E+00 0.16032904E+00 0.20488019E+00 0.26488438E+00 0.34445781E+00 0.44673442E+00 0.57190067E+00 0.71470432E+00 0.86285891E+00 0.99922632E+00 0.11105282E+01 0.12008412E+01 0.13019275E+01 0.14805540E+01 0.19050996E+01 0.32091004E+01 0.73255776E+01 0.17136054E+02 0.31524050E+02 0.39407705E+02 0.31524050E+02 0.17136054E+02 0.73255776E+01 0.32091004E+01 0.19050996E+01 0.14805540E+01 0.13019275E+01 0.12008412E+01 0.11105282E+01 0.99922632E+00 0.86285891E+00 0.71470432E+00 0.57190067E+00 0.44673442E+00 0.34445781E+00
0.64419631E-02 0.85620281E-02 0.11294875E-01 0.14747608E-01 0.19030576E-01 0.24255611E-01 0.30539430E-01 0.38017485E-01 0.46875202E-01 0.57404374E-01 0.70091396E-01 0.85740378E-01 0.10562714E+00 0.13166918E+00 0.16657831E+00 0.21392893E+00 0.27801183E+00 0.36325092E+00 0.47288565E+00 0.60672935E+00 0.75842390E+00 0.91403636E+00 0.10555923E+01 0.11725978E+01 0.12785746E+01 0.14237393E+01 0.17209048E+01 0.25826162E+01 0.59696849E+01 0.18596709E+02 0.55173909E+02 0.12737396E+03 0.17640912E+03 0.12737396E+03 0.55173909E+02 0.18596709E+02 0.59696849E+01 0.25826162E+01 0.17209048E+01 0.14237393E+01 0.12785746E+01 0.11725978E+01 0.10555923E+01 0.91403636E+00 0.75842390E+00 0.60672935E+00 0.47288565E+00 0.36325092E+00
0.65260690E-02 0.87218575E-02 0.11530727E-01 0.15062434E-01 0.19429538E-01 0.24745805E-01 0.31130225E-01 0.38722142E-01 0.47714764E-01 0.58415118E-01 0.71337452E-01 0.87333226E-01 0.10775365E+00 0.13462941E+00 0.17083269E+00 0.22014946E+00 0.28712021E+00 0.37640364E+00 0.49133665E+00 0.63149505E+00 0.78977434E+00 0.95116612E+00 0.10973595E+01 0.12203868E+01 0.13413516E+01 0.15255798E+01 0.19374579E+01 0.33508676E+01 0.98821842E+01 0.37784070E+02 0.14573696E+03 0.45369345E+03 0.78019757E+03 0.45369345E+03 0.14573696E+03 0.37784070E+02 0.98821842E+01 0.33508676E+01 0.19374579E+01 0.15255798E+01 0.13413516E+01 0.12203868E+01 0.10973595E+01 0.95116612E+00 0.78977434E+00 0.63149505E+00 0.49133665E+00 0.37640364E+00
0.65735978E-02 0.88097770E-02 0.11657484E-01 0.15227851E-01 0.19634460E-01 0.24991877E-01 0.31419993E-01 0.39059788E-01 0.48107955E-01 0.58878640E-01 0.71899432E-01 0.88044890E-01 0.10870367E+00 0.13596382E+00 0.17278115E+00 0.22305654E+00 0.29147542E+00 0.38285302E+00 0.50064321E+00 0.64440794E+00 0.80680586E+00 0.97242174E+00 0.11228112E+01 0.12510545E+01 0.13813588E+01 0.15852003E+01 0.20544542E+01 0.38010348E+01 0.12470212E+02 0.52824587E+02 0.23930556E+03 0.10566283E+04 0.34738386E+04 0.10566283E+04 0.23930556E+03 0.52824587E+02 0.12470212E+02 0.38010348E+01 0.20544542E+01 0.15852003E+01 0.13813588E+01 0.12510545E+01 0.11228112E+01 0.97242174E+00 0.80680586E+00 0.64440794E+00 0.50064321E+00 0.38285302E+00
0.65711533E-02 0.88176833E-02 0.11670834E-01 0.15241995E-01 0.19644764E-01 0.24993491E-01 0.31407592E-01 0.39027250E-01 0.48047926E-01 0.58781928E-01 0.71754244E-01 0.87835961E-01 0.10841159E+00 0.13556532E+00 0.17225200E+00 0.22238045E+00 0.29066496E+00 0.38199176E+00 0.49995890E+00 0.64437691E+00 0.80825179E+00 0.97649099E+00 0.11306089E+01 0.12627374E+01 0.13946359E+01 0.15923694E+01 0.20276988E+01 0.35901899E+01 0.11227910E+02 0.45856749E+02 0.19562561E+03 0.72922499E+03 0.15135365E+04 0.72922499E+03 0.19562561E+03 0.45856749E+02 0.11227910E+02 0.35901899E+01 0.20276988E+01 0.15923694E+01 0.13946359E+01 0.12627374E+01 0.11306089E+01 0.97649099E+00 0.80825179E+00 0.64437691E+00 0.49995890E+00 0.38199176E+00
0.65135778E-02 0.87439111E-02 0.11571754E-01 0.15107774E-01 0.19464684E-01 0.24755674E-01 0.31098351E-01 0.38629685E-01 0.47539189E-01 0.58128412E-01 0.70903835E-01 0.86706554E-01 0.10687535E+00 0.13342906E+00 0.16923612E+00 0.21810393E+00 0.28465415E+00 0.37374740E+00 0.48913382E+00 0.63110733E+00 0.79358356E+00 0.96255451E+00 0.11197726E+01 0.12549045E+01 0.13826860E+01 0.15549289E+01 0.18915332E+01 0.29187301E+01 0.74181716E+01 0.25714416E+02 0.86867268E+02 0.22982285E+03 0.33894251E+03 0.22982285E+03 0.86867268E+02 0.25714416E+02 0.74181716E+01 0.29187301E+01 0.18915332E+01 0.15549289E+01 0.13826860E+01 0.12549045E+01 0.11197726E+01 0.96255451E+00 0.79358356E+00 0.63110733E+00 0.48913382E+00 0.37374740E+00
0.64007896E-02 0.85910028E-02 0.11365036E-01 0.14831948E-01 0.19102748E-01 0.24288593E-01 0.30504062E-01 0.37880734E-01 0.46597933E-01 0.56938405E-01 0.69375750E-01 0.84696991E-01 0.10415724E+00 0.12965357E+00 0.16388886E+00 0.21046597E+00 0.27379426E+00 0.35860021E+00 0.46875114E+00 0.60516858E+00 0.76311514E+00 0.93039108E+00 0.10896293E+01 0.12277244E+01 0.13502372E+01 0.14913298E+01 0.17215658E+01 0.22601789E+01 0.41276630E+01 0.10741178E+02 0.28121627E+02 0.56970493E+02 0.74377009E+02 0.56970493E+02 0.28121627E+02 0.10741178E+02 0.41276630E+01 0.22601789E+01 0.17215658E+01 0.14913298E+01 0.13502372E+01 0.12277244E+01 0.10896293E+01 0.93039108E+00 0.76311514E+00 0.60516858E+00 0.46875114E+00 0.35860021E+00
0.62360465E-02 0.83645006E-02 0.11058464E-01 0.14424579E-01 0.18571394E-01 0.23607257E-01 0.29642702E-01 0.36802164E-01 0.45251412E-01 0.55247965E-01 0.67220955E-01 0.81883744E-01 0.10037667E+00 0.12442835E+00 0.15650983E+00 0.19993085E+00 0.25877955E+00 0.33753252E+00 0.44008803E+00 0.56801013E+00 0.71813540E+00 0.88063091E+00 0.10399205E+01 0.11811246E+01 0.13012108E+01 0.14176901E+01 0.15685997E+01 0.18281216E+01 0.24467655E+01 0.41909254E+01 0.81631130E+01 0.13678359E+02 0.16538735E+02 0.13678359E+02 0.81631130E+01 0.41909254E+01 0.24467655E+01 0.18281216E+01 0.15685997E+01 0.14176901E+01 0.13012108E+01 0.11811246E+01 0.10399205E+01 0.88063091E+00 0.71813540E+00 0.56801013E+00 0.44008803E+00 0.33753252E+00
0.60249992E-02 0.80722540E-02 0.10662285E-01 0.13898575E-01 0.17886529E-01 0.22731028E-01 0.28537797E-01 0.35422943E-01 0.43536452E-01 0.53106314E-01 0.64509268E-01 0.78371359E-01 0.95696112E-01 0.11801014E+00 0.14750418E+00 0.18712773E+00 0.24055876E+00 0.31191243E+00 0.40499060E+00 0.52188519E+00 0.66098530E+00 0.81508334E+00 0.97125622E+00 0.11146239E+01 0.12361741E+01 0.13402658E+01 0.14450859E+01 0.15773966E+01 0.17831685E+01 0.21715065E+01 0.28811166E+01 0.37680367E+01 0.42049614E+01 0.37680367E+01 0.28811166E+01 0.21715065E+01 0.17831685E+01 0.15773966E+01 0.14450859E+01 0.13402658E+01 0.12361741E+01 0.11146239E+01 0.97125622E+00 0.81508334E+00 0.66098530E+00 0.52188519E+00 0.40499060E+00 0.31191243E+00
0.57752014E-02 0.77240118E-02 0.10188809E-01 0.13269245E-01 0.17066979E-01 0.21682896E-01 0.27217438E-01 0.33777808E-01 0.41497228E-01 0.50572188E-01 0.61323159E-01 0.74281803E-01 0.90302926E-01 0.11069241E+00 0.13733261E+00 0.17277155E+00 0.22021607E+00 0.28332692E+00 0.36566680E+00 0.46964823E+00 0.59497079E+00 0.73694782E+00 0.88578956E+00 0.10283559E+01 0.11530386E+01 0.12556680E+01 0.13417876E+01 0.14226132E+01 0.15089427E+01 0.16105065E+01 0.17334009E+01 0.18548229E+01 0.19092475E+01 0.18548229E+01 0.17334009E+01 0.16105065E+01 0.15089427E+01 0.14226132E+01 0.13417876E+01 0.12556680E+01 0.11530386E+01 0.10283559E+01 0.88578956E+00 0.73694782E+00 0.59497079E+00 0.46964823E+00 0.36566680E+00 0.28332692E+00
0.54959607E-02 0.73312382E-02 0.96521279E-02 0.12553871E-01 0.16133859E-01 0.20488595E-01 0.25713028E-01 0.31905474E-01 0.39182596E-01 0.47709655E-01 0.57750913E-01 0.69743034E-01 0.84390181E-01 0.10277345E+00 0.12645924E+00 0.15757997E+00 0.19884264E+00 0.25339237E+00 0.32442487E+00 0.41443244E+00 0.52404701E+00 0.65068867E+00 0.78764874E+00 0.92459910E+00 0.10502452E+01 0.11564181E+01 0.12410601E+01 0.13075739E+01 0.13609831E+01 0.14044384E+01 0.14384884E+01 0.14614209E+01 0.14697520E+01 0.14614209E+01 0.14384884E+01 0.14044384E+01 0.13609831E+01 0.13075739E+01 0.12410601E+01 0.11564181E+01 0.10502452E+01 0.92459910E+00 0.78764874E+00 0.65068867E+00 0.52404701E+00 0.41443244E+00 0.32442487E+00 0.25339237E+00
0.51985687E-02 0.69072263E-02 0.90680547E-02 0.11771401E-01 0.15109977E-01 0.19175651E-01 0.24057908E-01 0.29846677E-01 0.36643273E-01 0.44583908E-01 0.53880084E-01 0.64878468E-01 0.78139420E-01 0.94528148E-01 0.11530586E+00 0.14220008E+00 0.17742142E+00 0.22357664E+00 0.28340617E+00 0.35926564E+00 0.45231169E+00 0.56149089E+00 0.68267979E+00 0.80857728E+00 0.92991998E+00 0.10379601E+01 0.11270747E+01 0.11958689E+01 0.12461392E+01 0.12808611E+01 0.13029007E+01 0.13147774E+01 0.13184717E+01 0.13147774E+01 0.13029007E+01 0.12808611E+01 0.12461392E+01 0.11958689E+01 0.11270747E+01 0.10379601E+01 0.92991998E+00 0.80857728E+00 0.68267979E+00 0.56149089E+00 0.45231169E+00 0.35926564E+00 0.28340617E+00 0.22357664E+00
0.48970972E-02 0.64677445E-02 0.84545167E-02 0.10942522E-01 0.14019517E-01 0.17772612E-01 0.22286063E-01 0.27642282E-01 0.33929167E-01 0.41257478E-01 0.49791961E-01 0.59798597E-01 0.71707585E-01 0.86187268E-01 0.10421888E+00 0.12715575E+00 0.15674310E+00 0.19506421E+00 0.24436664E+00 0.30671599E+00 0.38344520E+00 0.47444267E+00 0.57746303E+00 0.68780378E+00 0.79873319E+00 0.90280818E+00 0.99368261E+00 0.10675457E+01 0.11234790E+01 0.11627809E+01 0.11879119E+01 0.12015628E+01 0.12058432E+01 0.12015628E+01 0.11879119E+01 0.11627809E+01 0.11234790E+01 0.10675457E+01 0.99368261E+00 0.90280818E+00 0.79873319E+00 0.68780378E+00 0.57746303E+00 0.47444267E+00 0.38344520E+00 0.30671599E+00 0.24436664E+00 0.19506421E+00
0.46101088E-02 0.60326405E-02 0.78328874E-02 0.10090579E-01 0.12888426E-01 0.16308854E-01 0.20431301E-01 0.25331781E-01 0.31087156E-01 0.37787189E-01 0.45557466E-01 0.54595371E-01 0.65219046E-01 0.77925753E-01 0.93451676E-01 0.11282042E+00 0.13736255E+00 0.16868298E+00 0.20854683E+00 0.25865160E+00 0.32026426E+00 0.39374124E+00 0.47802608E+00 0.57031275E+00 0.66611033E+00 0.75985992E+00 0.84600653E+00 0.92013882E+00 0.97971577E+00 0.10241257E+01 0.10541811E+01 0.10713366E+01 0.10768849E+01 0.10713366E+01 0.10541811E+01 0.10241257E+01 0.97971577E+00 0.92013882E+00 0.84600653E+00 0.75985992E+00 0.66611033E+00 0.57031275E+00 0.47802608E+00 0.39374124E+00 0.32026426E+00 0.25865160E+00 0.20854683E+00 0.16868298E+00
0.43637103E-02 0.56290936E-02 0.72310908E-02 0.92442247E-02 0.11746412E-01 0.14815757E-01 0.18527550E-01 0.22952735E-01 0.28159748E-01 0.34222156E-01 0.41234658E-01 0.49339374E-01 0.58762635E-01 0.69859773E-01 0.83161808E-01 0.99414276E-01 0.11959501E+00 0.14489481E+00 0.17664246E+00 0.21615521E+00 0.26450218E+00 0.32218907E+00 0.38881269E+00 0.46278609E+00 0.54126984E+00 0.62042044E+00 0.69595873E+00 0.76390385E+00 0.82121118E+00 0.86608331E+00 0.89787806E+00 0.91670861E+00 0.92292821E+00 0.91670861E+00 0.89787806E+00 0.86608331E+00 0.82121118E+00 0.76390385E+00 0.69595873E+00 0.62042044E+00 0.54126984E+00 0.46278609E+00 0.38881269E+00 0.32218907E+00 0.26450218E+00 0.21615521E+00 0.17664246E+00 0.14489481E+00
0.41960469E-02 0.52972601E-02 0.66897545E-02 0.84434217E-02 0.10632206E-01 0.13330862E-01 0.16611713E-01 0.20542320E-01 0.25185469E-01 0.30603356E-01 0.36867992E-01 0.44079501E-01 0.52392754E-01 0.62050670E-01 0.73419774E-01 0.87020652E-01 0.10354348E+00 0.12383721E+00 0.14886040E+00 0.17958275E+00 0.21683092E+00 0.26108350E+00 0.31224123E+00 0.36942602E+00 0.43088399E+00 0.49406336E+00 0.55589171E+00 0.61319904E+00 0.66316078E+00 0.70361646E+00 0.73317310E+00 0.75109863E+00 0.75709724E+00 0.75109863E+00 0.73317310E+00 0.70361646E+00 0.66316078E+00 0.61319904E+00 0.55589171E+00 0.49406336E+00 0.43088399E+00 0.36942602E+00 0.31224123E+00 0.26108350E+00 0.21683092E+00 0.17958275E+00 0.14886040E+00 0.12383721E+00
