examples/topond/topo_ureaCrys.SURFKKIN
DSAA
 161 161
-0.75589045E+01  0.75589045E+01  0.94486307E-01
-0.75589045E+01  0.75589045E+01  0.94486307E-01
 0.00000000E+00  0.00000000E+00
[rows 44 to 65 of 161, columns 0 to 47 of 161]
0.16571334E+00 0.16900069E+00 0.16816432E+00 0.16329716E+00 0.15490729E+00 0.14374717E+00 0.13060746E+00 0.11618117E+00 0.10103785E+00 0.85672256E-01 0.70563207E-01 0.56195862E-01 0.43035138E-01 0.31467639E-01 0.21743581E-01 0.13946121E-01 0.79984123E-02 0.37009499E-02 0.78242963E-03 -0.10515844E-02 -0.20815484E-02 -0.25510904E-02 -0.26568099E-02 -0.25473090E-02 -0.23279107E-02 -0.20681702E-02 -0.18101400E-02 -0.15761245E-02 -0.13752848E-02 -0.12088276E-02 -0.10738233E-02 -0.96580494E-03 -0.88036268E-03 -0.81400229E-03 -0.76444977E-03 -0.73061329E-03 -0.71233361E-03 -0.71003539E-03 -0.72434611E-03 -0.75573510E-03 -0.80420443E-03 -0.86908646E-03 -0.94890765E-03 -0.10414416E-02 -0.11438691E-02 -0.12530704E-02 -0.13659876E-02 -0.14799830E-02
0.12541434E+00 0.12765731E+00 0.12708891E+00 0.12375061E+00 0.11787483E+00 0.10982957E+00 0.10005165E+00 0.89001325E-01 0.77148024E-01 0.64972984E-01 0.52965646E-01 0.41599321E-01 0.31288026E-01 0.22339653E-01 0.14924236E-01 0.90684513E-02 0.46759626E-02 0.15641731E-02 -0.49469738E-03 -0.17376580E-02 -0.23849383E-02 -0.26246959E-02 -0.26067929E-02 -0.24430754E-02 -0.22116199E-02 -0.19628897E-02 -0.17263411E-02 -0.15165615E-02 -0.13384654E-02 -0.11913575E-02 -0.10718848E-02 -0.97601716E-03 -0.90021759E-03 -0.84200884E-03 -0.80010723E-03 -0.77427405E-03 -0.76499972E-03 -0.77310257E-03 -0.79930435E-03 -0.84382565E-03 -0.90603972E-03 -0.98425345E-03 -0.10755921E-02 -0.11761301E-02 -0.12812036E-02 -0.13859247E-02 -0.14858235E-02 -0.15775031E-02
0.92646301E-01 0.94290257E-01 0.93874493E-01 0.91421331E-01 0.87060004E-01 0.81011712E-01 0.73570334E-01 0.65086296E-01 0.55953373E-01 0.46592484E-01 0.37426109E-01 0.28842801E-01 0.21158803E-01 0.14587777E-01 0.92276581E-02 0.50672517E-02 0.20085302E-02 -0.10314446E-03 -0.14486584E-02 -0.22100140E-02 -0.25528092E-02 -0.26163451E-02 -0.25100296E-02 -0.23142577E-02 -0.20840089E-02 -0.18537293E-02 -0.16424596E-02 -0.14585710E-02 -0.13037313E-02 -0.11759840E-02 -0.10719616E-02 -0.98831492E-03 -0.92251485E-03 -0.87317331E-03 -0.84002254E-03 -0.82366778E-03 -0.82520005E-03 -0.84573475E-03 -0.88592057E-03 -0.94546880E-03 -0.10227473E-02 -0.11145325E-02 -0.12159169E-02 -0.13205551E-02 -0.14211903E-02 -0.15104948E-02 -0.15821225E-02 -0.16318043E-02
0.65203999E-01 0.66425150E-01 0.66116451E-01 0.64293212E-01 0.61045877E-01 0.56535840E-01 0.50988449E-01 0.44682944E-01 0.37937629E-01 0.31088377E-01 0.24460712E-01 0.18339283E-01 0.12941210E-01 0.83996982E-02 0.47613470E-02 0.19963497E-02 0.17478230E-04 -0.12975245E-02 -0.20848397E-02 -0.24777330E-02 -0.25951416E-02 -0.25354935E-02 -0.23747867E-02 -0.21676914E-02 -0.19504750E-02 -0.17447683E-02 -0.15614509E-02 -0.14042008E-02 -0.12724328E-02 -0.11635625E-02 -0.10745792E-02 -0.10030243E-02 -0.94748047E-03 -0.90768689E-03 -0.88438573E-03 -0.87898241E-03 -0.89308055E-03 -0.92793830E-03 -0.98388266E-03 -0.10597361E-02 -0.11523187E-02 -0.12561450E-02 -0.13633654E-02 -0.14641640E-02 -0.15476005E-02 -0.16029347E-02 -0.16213184E-02 -0.15976278E-02
0.42674331E-01 0.43548601E-01 0.43327514E-01 0.42022818E-01 0.39704174E-01 0.36496548E-01 0.32574648E-01 0.28153232E-01 0.23472309E-01 0.18777503E-01 0.14297659E-01 0.10223528E-01 0.66918022E-02 0.37776542E-02 0.14965709E-02 -0.18606864E-03 -0.13407662E-02 -0.20584211E-02 -0.24363285E-02 -0.25673044E-02 -0.25325128E-02 -0.23977793E-02 -0.22127276E-02 -0.20119086E-02 -0.18171213E-02 -0.16402553E-02 -0.14861754E-02 -0.13552961E-02 -0.12457066E-02 -0.11547499E-02 -0.10800882E-02 -0.10203116E-02 -0.97517389E-03 -0.94554153E-03 -0.93312528E-03 -0.94004953E-03 -0.96829458E-03 -0.10190388E-02 -0.10919373E-02 -0.11843935E-02 -0.12909169E-02 -0.14027352E-02 -0.15077631E-02 -0.15912121E-02 -0.16368877E-02 -0.16292625E-02 -0.15562260E-02 -0.14122514E-02
0.25108873E-01 0.25691698E-01 0.25544216E-01 0.24675213E-01 0.23136587E-01 0.21020607E-01 0.18454335E-01 0.15590637E-01 0.12595732E-01 0.96342673E-02 0.68539295E-02 0.43722664E-02 0.22680823E-02 0.57873968E-03 -0.69676500E-03 -0.15903254E-02 -0.21548868E-02 -0.24542893E-02 -0.25543630E-02 -0.25161884E-02 -0.23918044E-02 -0.22221866E-02 -0.20370495E-02 -0.18559224E-02 -0.16899656E-02 -0.15440982E-02 -0.14190700E-02 -0.13133011E-02 -0.12243394E-02 -0.11499136E-02 -0.10885950E-02 -0.10401174E-02 -0.10054163E-02 -0.98644431E-03 -0.98580294E-03 -0.10062148E-02 -0.10498475E-02 -0.11175011E-02 -0.12076867E-02 -0.13156727E-02 -0.14326283E-02 -0.15450904E-02 -0.16349510E-02 -0.16803502E-02 -0.16576495E-02 -0.15447068E-02 -0.13254914E-02 -0.99582602E-03
0.12322669E-01 0.12673310E-01 0.12584511E-01 0.12062252E-01 0.11141681E-01 0.98846085E-02 0.83747331E-02 0.67105626E-02 0.49964113E-02 0.33324308E-02 0.18051233E-02 0.47989844E-03 -0.60313008E-03 -0.14296340E-02 -0.20081918E-02 -0.23650184E-02 -0.25375605E-02 -0.25681530E-02 -0.24986275E-02 -0.23663729E-02 -0.22019757E-02 -0.20283037E-02 -0.18607260E-02 -0.17081118E-02 -0.15742560E-02 -0.14594382E-02 -0.13619016E-02 -0.12791043E-02 -0.12086769E-02 -0.11490701E-02 -0.10999102E-02 -0.10621028E-02 -0.10377254E-02 -0.10297364E-02 -0.10415147E-02 -0.10762213E-02 -0.11359702E-02 -0.12207987E-02 -0.13274699E-02 -0.14481957E-02 -0.15694599E-02 -0.16712546E-02 -0.17270601E-02 -0.17051200E-02 -0.15714430E-02 -0.12950979E-02 -0.85625132E-03 -0.25693300E-03
0.37357320E-02 0.39156656E-02 0.38700480E-02 0.36024434E-02 0.31337175E-02 0.25001936E-02 0.17502934E-02 0.93981985E-03 0.12629672E-03 -0.63693662E-03 -0.13059924E-02 -0.18502248E-02 -0.22539855E-02 -0.25162171E-02 -0.26482026E-02 -0.26700944E-02 -0.26069710E-02 -0.24851008E-02 -0.23289046E-02 -0.21588738E-02 -0.19904927E-02 -0.18340419E-02 -0.16950807E-02 -0.15753605E-02 -0.14739483E-02 -0.13883655E-02 -0.13156068E-02 -0.12529587E-02 -0.11985816E-02 -0.11518563E-02 -0.11135189E-02 -0.10856103E-02 -0.10712626E-02 -0.10743251E-02 -0.10988107E-02 -0.11481264E-02 -0.12240415E-02 -0.13253718E-02 -0.14463994E-02 -0.15751447E-02 -0.16917289E-02 -0.17672551E-02 -0.17637287E-02 -0.16358674E-02 -0.13357223E-02 -0.82144170E-03 -0.71569849E-04 0.89475941E-03
-0.14916051E-02 -0.14265855E-02 -0.14431147E-02 -0.15394560E-02 -0.17054885E-02 -0.19237931E-02 -0.21715840E-02 -0.24233293E-02 -0.26537712E-02 -0.28409244E-02 -0.29685778E-02 -0.30278818E-02 -0.30177859E-02 -0.29443293E-02 -0.28190131E-02 -0.26566364E-02 -0.24730210E-02 -0.22829966E-02 -0.20988980E-02 -0.19296953E-02 -0.17807384E-02 -0.16540221E-02 -0.15488144E-02 -0.14624906E-02 -0.13914180E-02 -0.13317771E-02 -0.12802412E-02 -0.12344739E-02 -0.11934389E-02 -0.11575345E-02 -0.11285760E-02 -0.11096444E-02 -0.11048002E-02 -0.11186423E-02 -0.11556534E-02 -0.12192718E-02 -0.13106035E-02 -0.14267281E-02 -0.15586127E-02 -0.16887709E-02 -0.17889811E-02 -0.18186395E-02 -0.17245533E-02 -0.14435166E-02 -0.90951746E-03 -0.68399687E-04 0.10968428E-02 0.25296666E-02
-0.42576200E-02 -0.42627524E-02 -0.42615124E-02 -0.42533928E-02 -0.42354726E-02 -0.42028852E-02 -0.41496365E-02 -0.40696898E-02 -0.39581654E-02 -0.38124494E-02 -0.36329923E-02 -0.34236203E-02 -0.31912811E-02 -0.29452703E-02 -0.26960934E-02 -0.24541859E-02 -0.22287238E-02 -0.20267062E-02 -0.18524321E-02 -0.17073857E-02 -0.15904975E-02 -0.14986778E-02 -0.14275212E-02 -0.13720435E-02 -0.13273855E-02 -0.12893899E-02 -0.12550296E-02 -0.12226743E-02 -0.11922094E-02 -0.11650292E-02 -0.11439259E-02 -0.11328776E-02 -0.11367202E-02 -0.11606422E-02 -0.12094293E-02 -0.12863392E-02 -0.13914962E-02 -0.15197204E-02 -0.16577917E-02 -0.17813027E-02 -0.18515077E-02 -0.18129222E-02 -0.15929008E-02 -0.11053348E-02 -0.26191072E-03 0.10036259E-02 0.26923455E-02 0.46787846E-02
-0.53706670E-02 -0.54135074E-02 -0.54027084E-02 -0.53385002E-02 -0.52222700E-02 -0.50566131E-02 -0.48454218E-02 -0.45939886E-02 -0.43090821E-02 -0.39989272E-02 -0.36730229E-02 -0.33417506E-02 -0.30157773E-02 -0.27053089E-02 -0.24193021E-02 -0.21647577E-02 -0.19462085E-02 -0.17654891E-02 -0.16217997E-02 -0.15120522E-02 -0.14314223E-02 -0.13740326E-02 -0.13336507E-02 -0.13043489E-02 -0.12810417E-02 -0.12598811E-02 -0.12384993E-02 -0.12161131E-02 -0.11935172E-02 -0.11729926E-02 -0.11581494E-02 -0.11536877E-02 -0.11650470E-02 -0.11978526E-02 -0.12570414E-02 -0.13455124E-02 -0.14621417E-02 -0.15990305E-02 -0.17379653E-02 -0.18462535E-02 -0.18724283E-02 -0.17428313E-02 -0.13608629E-02 -0.61227998E-03 0.61749293E-03 0.24046502E-02 0.47175047E-02 0.73219304E-02
-0.54778524E-02 -0.55368710E-02 -0.55219640E-02 -0.54337461E-02 -0.52758456E-02 -0.50547174E-02 -0.47793155E-02 -0.44606478E-02 -0.41112322E-02 -0.37444678E-02 -0.33739380E-02 -0.30126691E-02 -0.26723880E-02 -0.23628401E-02 -0.20912419E-02 -0.18619325E-02 -0.16762809E-02 -0.15328528E-02 -0.14278156E-02 -0.13555414E-02 -0.13093035E-02 -0.12819996E-02 -0.12668260E-02 -0.12578313E-02 -0.12503243E-02 -0.12411249E-02 -0.12286730E-02 -0.12130241E-02 -0.11957675E-02 -0.11798978E-02 -0.11696419E-02 -0.11702307E-02 -0.11875409E-02 -0.12275010E-02 -0.12950953E-02 -0.13927650E-02 -0.15179874E-02 -0.16598522E-02 -0.17945613E-02 -0.18800234E-02 -0.18501241E-02 -0.16099763E-02 -0.10346944E-02 0.23157024E-04 0.17079749E-02 0.41024734E-02 0.71233573E-02 0.10389344E-01
-0.50523361E-02 -0.51144504E-02 -0.50987491E-02 -0.50060023E-02 -0.48407413E-02 -0.46109574E-02 -0.43275796E-02 -0.40037697E-02 -0.36540904E-02 -0.32935987E-02 -0.29369238E-02 -0.25973884E-02 -0.22862387E-02 -0.20120369E-02 -0.17802857E-02 -0.15933019E-02 -0.14503619E-02 -0.13480902E-02 -0.12810503E-02 -0.12424495E-02 -0.12248904E-02 -0.12210742E-02 -0.12244111E-02 -0.12294735E-02 -0.12322902E-02 -0.12304863E-02 -0.12232965E-02 -0.12114971E-02 -0.11972856E-02 -0.11841504E-02 -0.11767205E-02 -0.11805644E-02 -0.12018508E-02 -0.12467255E-02 -0.13201976E-02 -0.14242817E-02 -0.15551066E-02 -0.16987410E-02 -0.18256013E-02 -0.18835885E-02 -0.17906382E-02 -0.14282537E-02 -0.63963146E-03 0.76040604E-03 0.29495030E-02 0.60145148E-02 0.98062595E-02 0.13773029E-01
-0.44129812E-02 -0.44710626E-02 -0.44563737E-02 -0.43697042E-02 -0.42156921E-02 -0.40024894E-02 -0.37411777E-02 -0.34449849E-02 -0.31283649E-02 -0.28060124E-02 -0.24918884E-02 -0.21983265E-02 -0.19353040E-02 -0.17099184E-02 -0.15261265E-02 -0.13847532E-02 -0.12837735E-02 -0.12188052E-02 -0.11837666E-02 -0.11716117E-02 -0.11750557E-02 -0.11872322E-02 -0.12022106E-02 -0.12153561E-02 -0.12235288E-02 -0.12251343E-02 -0.12200789E-02 -0.12096639E-02 -0.11964665E-02 -0.11842325E-02 -0.11777746E-02 -0.11828266E-02 -0.12057455E-02 -0.12528811E-02 -0.13293670E-02 -0.14370096E-02 -0.15709194E-02 -0.17145428E-02 -0.18328804E-02 -0.18639878E-02 -0.17094975E-02 -0.12261106E-02 -0.22262328E-03 0.15276284E-02 0.42396299E-02 0.80064609E-02 0.12611409E-01 0.17336314E-01
-0.37564633E-02 -0.38072765E-02 -0.37944213E-02 -0.37186329E-02 -0.35842263E-02 -0.33987715E-02 -0.31725261E-02 -0.29176748E-02 -0.26474309E-02 -0.23750908E-02 -0.21130987E-02 -0.18722145E-02 -0.16608523E-02 -0.14846394E-02 -0.13462459E-02 -0.12454706E-02 -0.11795780E-02 -0.11438299E-02 -0.11321433E-02 -0.11377915E-02 -0.11540770E-02 -0.11749022E-02 -0.11952016E-02 -0.12112079E-02 -0.12205701E-02 -0.12223463E-02 -0.12169186E-02 -0.12058806E-02 -0.11919412E-02 -0.11788677E-02 -0.11714574E-02 -0.11754747E-02 -0.11974232E-02 -0.12439470E-02 -0.13205581E-02 -0.14293113E-02 -0.15649807E-02 -0.17092974E-02 -0.18229280E-02 -0.18352058E-02 -0.16323949E-02 -0.10466896E-02 0.14840364E-03 0.22238747E-02 0.54377321E-02 0.98991106E-02 0.15341025E-01 0.20913708E-01
-0.31902626E-02 -0.32329449E-02 -0.32221439E-02 -0.31585057E-02 -0.30458208E-02 -0.28907326E-02 -0.27022270E-02 -0.24909445E-02 -0.22683723E-02 -0.20459850E-02 -0.18344030E-02 -0.16426581E-02 -0.14776119E-02 -0.13435970E-02 -0.12423008E-02 -0.11728959E-02 -0.11323898E-02 -0.11161429E-02 -0.11184856E-02 -0.11333552E-02 -0.11548867E-02 -0.11778955E-02 -0.11982178E-02 -0.12128990E-02 -0.12202454E-02 -0.12197750E-02 -0.12121161E-02 -0.11989084E-02 -0.11827503E-02 -0.11672152E-02 -0.11569224E-02 -0.11575863E-02 -0.11759012E-02 -0.12190178E-02 -0.12932664E-02 -0.14016765E-02 -0.15397579E-02 -0.16889865E-02 -0.18075405E-02 -0.18182280E-02 -0.15942164E-02 -0.94519651E-03 0.38976223E-03 0.27278843E-02 0.63779934E-02 0.11484468E-01 0.17768070E-01 0.24307846E-01
-0.27611521E-02 -0.27961737E-02 -0.27873097E-02 -0.27351058E-02 -0.26427631E-02 -0.25158904E-02 -0.23620683E-02 -0.21902597E-02 -0.20101151E-02 -0.18312289E-02 -0.16624172E-02 -0.15110802E-02 -0.13827139E-02 -0.12806151E-02 -0.12058061E-02 -0.11571766E-02 -0.11318198E-02 -0.11255042E-02 -0.11332240E-02 -0.11497592E-02 -0.11701728E-02 -0.11902035E-02 -0.12065236E-02 -0.12168585E-02 -0.12199887E-02 -0.12156745E-02 -0.12045558E-02 -0.11880831E-02 -0.11685270E-02 -0.11490893E-02 -0.11340993E-02 -0.11292145E-02 -0.11414624E-02 -0.11788538E-02 -0.12491734E-02 -0.13574255E-02 -0.15013039E-02 -0.16640004E-02 -0.18037708E-02 -0.18399807E-02 -0.16362568E-02 -0.98328228E-03 0.41185795E-03 0.29136415E-02 0.68913612E-02 0.12552163E-01 0.19660343E-01 0.27301715E-01
-0.24775182E-02 -0.25060110E-02 -0.24987991E-02 -0.24563298E-02 -0.23812279E-02 -0.22780942E-02 -0.21531498E-02 -0.20137529E-02 -0.18678224E-02 -0.17232204E-02 -0.15871458E-02 -0.14656024E-02 -0.13629878E-02 -0.12818538E-02 -0.12228537E-02 -0.11848773E-02 -0.11653488E-02 -0.11606426E-02 -0.11665515E-02 -0.11787611E-02 -0.11932560E-02 -0.12066274E-02 -0.12162574E-02 -0.12203822E-02 -0.12180577E-02 -0.12090718E-02 -0.11938589E-02 -0.11734745E-02 -0.11496844E-02 -0.11251930E-02 -0.11039947E-02 -0.10917667E-02 -0.10961234E-02 -0.11264339E-02 -0.11927594E-02 -0.13033153E-02 -0.14597241E-02 -0.16492397E-02 -0.18332055E-02 -0.19312709E-02 -0.18018002E-02 -0.12209386E-02 0.13272801E-03 0.26712756E-02 0.68350377E-02 0.12926343E-01 0.20819955E-01 0.29699212E-01
-0.23257180E-02 -0.23490616E-02 -0.23431539E-02 -0.23083531E-02 -0.22467628E-02 -0.21620760E-02 -0.20592973E-02 -0.19443615E-02 -0.18236744E-02 -0.17036136E-02 -0.15900336E-02 -0.14878258E-02 -0.14005798E-02 -0.13303809E-02 -0.12777677E-02 -0.12418459E-02 -0.12205388E-02 -0.12109315E-02 -0.12096650E-02 -0.12133163E-02 -0.12187225E-02 -0.12232120E-02 -0.12247256E-02 -0.12218345E-02 -0.12136809E-02 -0.11998893E-02 -0.11805050E-02 -0.11560276E-02 -0.11275945E-02 -0.10973492E-02 -0.10689831E-02 -0.10483640E-02 -0.10440603E-02 -0.10674303E-02 -0.11317828E-02 -0.12499351E-02 -0.14293236E-02 -0.16637348E-02 -0.19206984E-02 -0.21238727E-02 -0.21306548E-02 -0.17070902E-02 -0.50675089E-03 0.19303205E-02 0.61259772E-02 0.12510389E-01 0.21138270E-01 0.31391576E-01
-0.22814148E-02 -0.23009934E-02 -0.22960410E-02 -0.22668398E-02 -0.22150539E-02 -0.21436018E-02 -0.20564600E-02 -0.19583726E-02 -0.18544972E-02 -0.17500128E-02 -0.16497231E-02 -0.15576974E-02 -0.14769876E-02 -0.14094538E-02 -0.13557196E-02 -0.13152565E-02 -0.12865828E-02 -0.12675358E-02 -0.12555890E-02 -0.12481494E-02 -0.12428057E-02 -0.12374924E-02 -0.12305582E-02 -0.12207489E-02 -0.12071322E-02 -0.11890151E-02 -0.11659177E-02 -0.11376754E-02 -0.11047347E-02 -0.10686877E-02 -0.10330376E-02 -0.10041095E-02 -0.99189845E-03 -0.10104886E-02 -0.10774925E-02 -0.12117469E-02 -0.14283347E-02 -0.17298061E-02 -0.20925216E-02 -0.24471889E-02 -0.26534875E-02 -0.24704614E-02 -0.15286355E-02 0.68130993E-03 0.47728900E-02 0.11333221E-01 0.20659895E-01 0.32437798E-01
-0.23169951E-02 -0.23340462E-02 -0.23297351E-02 -0.23042821E-02 -0.22589853E-02 -0.21961418E-02 -0.21189027E-02 -0.20310655E-02 -0.19368109E-02 -0.18404020E-02 -0.17458713E-02 -0.16567243E-02 -0.15757108E-02 -0.15046520E-02 -0.14443984E-02 -0.13948776E-02 -0.13552414E-02 -0.13240693E-02 -0.12996152E-02 -0.12800306E-02 -0.12635452E-02 -0.12485740E-02 -0.12337424E-02 -0.12178408E-02 -0.11997402E-02 -0.11783235E-02 -0.11525018E-02 -0.11213967E-02 -0.10847680E-02 -0.10437394E-02 -0.10018253E-02 -0.96616583E-03 -0.94874249E-03 -0.96716433E-03 -0.10444026E-02 -0.12066163E-02 -0.14780275E-02 -0.18715831E-02 -0.23740987E-02 -0.29248095E-02 -0.33867522E-02 -0.35121927E-02 -0.29071788E-02 -0.10083230E-02 0.29007189E-02 0.95881313E-02 0.19643677E-01 0.33147823E-01
-0.24059679E-02 -0.24215200E-02 -0.24175908E-02 -0.23943527E-02 -0.23528248E-02 -0.22948234E-02 -0.22228680E-02 -0.21400390E-02 -0.20497904E-02 -0.19557225E-02 -0.18613369E-02 -0.17697951E-02 -0.16837120E-02 -0.16050104E-02 -0.15348511E-02 -0.14736659E-02 -0.14212279E-02 -0.13768215E-02 -0.13394097E-02 -0.13077977E-02 -0.12807550E-02 -0.12570731E-02 -0.12355537E-02 -0.12149414E-02 -0.11938346E-02 -0.11706353E-02 -0.11436149E-02 -0.11111909E-02 -0.10725040E-02 -0.10283645E-02 -0.98257433E-03 -0.94352223E-03 -0.92579486E-03 -0.95133312E-03 -0.10494209E-02 -0.12545682E-02 -0.16010607E-02 -0.21128448E-02 -0.27872409E-02 -0.35711209E-02 -0.43286225E-02 -0.48010320E-02 -0.45629706E-02 -0.29864462E-02 0.76279336E-03 0.76552424E-02 0.18605928E-01 0.34154917E-01
