examples/topond/topo_ureaCrys.SURFELFB
DSAA
 161 161
-0.75589045E+01  0.75589045E+01  0.94486307E-01
-0.75589045E+01  0.75589045E+01  0.94486307E-01
 0.00000000E+00  0.00000000E+00
[rows 132 to 153 of 161, columns 96 to 143 of 161]
0.66657666E+00 0.60723095E+00 0.53717530E+00 0.45796659E+00 0.37362333E+00 0.29043510E+00 0.21526467E+00 0.15313008E+00 0.10575847E+00 0.71931152E-01 0.48887603E-01 0.33641413E-01 0.23688340E-01 0.17189966E-01 0.12892086E-01 0.99685779E-02 0.78807518E-02 0.62815502E-02 0.49661044E-02 0.38493311E-02 0.29336972E-02 0.22499671E-02 0.18069084E-02 0.15879124E-02 0.15805782E-02 0.18097527E-02 0.23683792E-02 0.34538496E-02 0.54053885E-02 0.87070182E-02 0.13896714E-01 0.21369207E-01 0.31190950E-01 0.43099905E-01 0.56702054E-01 0.71692769E-01 0.87957598E-01 0.10554797E+00 0.12459875E+00 0.14524047E+00 0.16752589E+00 0.19137360E+00 0.21652733E+00 0.24253687E+00 0.26876852E+00 0.29445305E+00 0.31876955E+00 0.34094453E+00
0.57247043E+00 0.50007929E+00 0.42039321E+00 0.33831032E+00 0.26018063E+00 0.19187459E+00 0.13686642E+00 0.95613426E-01 0.66345236E-01 0.46363525E-01 0.33031600E-01 0.24228467E-01 0.18420821E-01 0.14562703E-01 0.11955492E-01 0.10124719E-01 0.87307114E-02 0.75203156E-02 0.63273015E-02 0.51081481E-02 0.39492759E-02 0.29880271E-02 0.23078485E-02 0.19126572E-02 0.17747600E-02 0.18896669E-02 0.23139635E-02 0.31984593E-02 0.48236419E-02 0.76153981E-02 0.12088308E-01 0.18682963E-01 0.27572462E-01 0.38604905E-01 0.51449037E-01 0.65813695E-01 0.81578233E-01 0.98795009E-01 0.11761783E+00 0.13821329E+00 0.16068129E+00 0.18499036E+00 0.21092961E+00 0.23808192E+00 0.26582815E+00 0.29339033E+00 0.31991354E+00 0.34457029E+00
0.45247858E+00 0.37386486E+00 0.29613798E+00 0.22516659E+00 0.16536020E+00 0.11851924E+00 0.83981078E-01 0.59632184E-01 0.42971624E-01 0.31768223E-01 0.24299241E-01 0.19340308E-01 0.16059531E-01 0.13898679E-01 0.12471325E-01 0.11482333E-01 0.10669272E-01 0.97794778E-02 0.86131429E-02 0.71326216E-02 0.55264507E-02 0.40907728E-02 0.30231743E-02 0.23546427E-02 0.20296706E-02 0.20003272E-02 0.22782328E-02 0.29644561E-02 0.42793470E-02 0.65843097E-02 0.10353039E-01 0.16046984E-01 0.23928784E-01 0.33957474E-01 0.45874751E-01 0.59407880E-01 0.74424928E-01 0.90968055E-01 0.10919886E+00 0.12931348E+00 0.15145990E+00 0.17566715E+00 0.20178923E+00 0.22946916E+00 0.25813319E+00 0.28702373E+00 0.31527404E+00 0.34201176E+00
0.32143933E+00 0.25064547E+00 0.18881892E+00 0.13861737E+00 0.10032474E+00 0.72506957E-01 0.52986223E-01 0.39590538E-01 0.30522648E-01 0.24444271E-01 0.20419593E-01 0.17816579E-01 0.16211716E-01 0.15310414E-01 0.14879897E-01 0.14688147E-01 0.14452273E-01 0.13828919E-01 0.12513441E-01 0.10461405E-01 0.80304731E-02 0.57764530E-02 0.40717503E-02 0.29758384E-02 0.23784691E-02 0.21620252E-02 0.22774006E-02 0.27697375E-02 0.37981169E-02 0.56562543E-02 0.87634931E-02 0.13577303E-01 0.20426953E-01 0.29376326E-01 0.40248168E-01 0.52795315E-01 0.66871478E-01 0.82496723E-01 0.99825135E-01 0.11906847E+00 0.14041399E+00 0.16395050E+00 0.18960651E+00 0.21710576E+00 0.24594944E+00 0.27543563E+00 0.30472078E+00 0.33291497E+00
0.20560420E+00 0.15422373E+00 0.11391523E+00 0.83865756E-01 0.62295038E-01 0.47208308E-01 0.36840784E-01 0.29817474E-01 0.25146318E-01 0.22145251E-01 0.20358739E-01 0.19484811E-01 0.19314729E-01 0.19678778E-01 0.20388694E-01 0.21171006E-01 0.21606298E-01 0.21141264E-01 0.19292217E-01 0.16046534E-01 0.12089383E-01 0.84132457E-02 0.56511341E-02 0.38772614E-02 0.28729112E-02 0.24031294E-02 0.23295253E-02 0.26287918E-02 0.33957173E-02 0.48549509E-02 0.73622258E-02 0.11348905E-01 0.17184731E-01 0.25025753E-01 0.34780894E-01 0.46238000E-01 0.59237290E-01 0.73766971E-01 0.89957412E-01 0.10801798E+00 0.12815906E+00 0.15051814E+00 0.17509557E+00 0.20170422E+00 0.22994137E+00 0.25919328E+00 0.28867931E+00 0.31753266E+00
0.12358970E+00 0.92632152E-01 0.69994552E-01 0.53916646E-01 0.42740058E-01 0.35120059E-01 0.30060060E-01 0.26863919E-01 0.25065784E-01 0.24364212E-01 0.24567363E-01 0.25546293E-01 0.27188795E-01 0.29343847E-01 0.31747289E-01 0.33930502E-01 0.35153975E-01 0.34490168E-01 0.31230720E-01 0.25551970E-01 0.18778710E-01 0.12623940E-01 0.80917008E-02 0.52246764E-02 0.35947550E-02 0.27649797E-02 0.24568717E-02 0.25546560E-02 0.30809218E-02 0.41897388E-02 0.61676915E-02 0.94020140E-02 0.14276114E-01 0.21019815E-01 0.29628895E-01 0.39937196E-01 0.51777226E-01 0.65099962E-01 0.79998043E-01 0.96659979E-01 0.11529952E+00 0.13608466E+00 0.15907406E+00 0.18416464E+00 0.21105663E+00 0.23924534E+00 0.26804745E+00 0.29666292E+00
0.75274007E-01 0.58951069E-01 0.47539593E-01 0.39772155E-01 0.34690460E-01 0.31620753E-01 0.30117069E-01 0.29902688E-01 0.30819614E-01 0.32785418E-01 0.35751976E-01 0.39658486E-01 0.44369798E-01 0.49591650E-01 0.54761224E-01 0.58937921E-01 0.60785939E-01 0.58842378E-01 0.52261921E-01 0.41786130E-01 0.29901681E-01 0.19452211E-01 0.11945240E-01 0.72914342E-02 0.46750677E-02 0.33103687E-02 0.26899741E-02 0.25617236E-02 0.28588119E-02 0.36604312E-02 0.51806958E-02 0.77494984E-02 0.11738898E-01 0.17429469E-01 0.24899052E-01 0.34038133E-01 0.44682049E-01 0.56745036E-01 0.70272436E-01 0.85415970E-01 0.10237337E+00 0.12132220E+00 0.14235929E+00 0.16544946E+00 0.19038788E+00 0.21678331E+00 0.24406943E+00 0.27154748E+00
0.50573607E-01 0.43090463E-01 0.38362597E-01 0.35770766E-01 0.34921260E-01 0.35596187E-01 0.37707802E-01 0.41257279E-01 0.46292888E-01 0.52860601E-01 0.60940263E-01 0.70362173E-01 0.80702750E-01 0.91165541E-01 0.10047033E+00 0.10681069E+00 0.10801458E+00 0.10212487E+00 0.88527801E-01 0.69151753E-01 0.48339655E-01 0.30599754E-01 0.18121829E-01 0.10527648E-01 0.63261487E-02 0.41376443E-02 0.30741066E-02 0.26694725E-02 0.27342130E-02 0.32618426E-02 0.43906425E-02 0.63842986E-02 0.95822076E-02 0.14290341E-01 0.20657229E-01 0.28637969E-01 0.38084944E-01 0.48882281E-01 0.61024284E-01 0.74614507E-01 0.89818496E-01 0.10680390E+00 0.12568399E+00 0.14646948E+00 0.16903160E+00 0.19308138E+00 0.21817073E+00 0.24371912E+00
0.40387973E-01 0.38526291E-01 0.38607299E-01 0.40512031E-01 0.44274373E-01 0.50043932E-01 0.58041779E-01 0.68499513E-01 0.81573644E-01 0.97233875E-01 0.11513470E+00 0.13449136E+00 0.15398761E+00 0.17173991E+00 0.18533803E+00 0.19199991E+00 0.18894364E+00 0.17418049E+00 0.14785868E+00 0.11362186E+00 0.78287120E-01 0.48690716E-01 0.28077357E-01 0.15664942E-01 0.88922545E-02 0.54034808E-02 0.36794113E-02 0.29075199E-02 0.27152815E-02 0.29878105E-02 0.37809595E-02 0.52861837E-02 0.77937056E-02 0.11609629E-01 0.16935755E-01 0.23794551E-01 0.32070690E-01 0.41630735E-01 0.52420407E-01 0.64489239E-01 0.77959238E-01 0.92972742E-01 0.10964039E+00 0.12799663E+00 0.14796541E+00 0.16933883E+00 0.19177286E+00 0.21480293E+00
0.40281891E-01 0.43509729E-01 0.49119180E-01 0.57488791E-01 0.69120676E-01 0.84563833E-01 0.10428647E+00 0.12849411E+00 0.15691936E+00 0.18864418E+00 0.22202929E+00 0.25479350E+00 0.28421411E+00 0.30735937E+00 0.32126569E+00 0.32305911E+00 0.31017601E+00 0.28101325E+00 0.23635362E+00 0.18118193E+00 0.12485486E+00 0.77374676E-01 0.44007726E-01 0.23855940E-01 0.12924842E-01 0.73582261E-02 0.46166032E-02 0.33228216E-02 0.28175616E-02 0.28347768E-02 0.33336649E-02 0.44276994E-02 0.63461256E-02 0.93724943E-02 0.13740002E-01 0.19534167E-01 0.26685401E-01 0.35059158E-01 0.44561376E-01 0.55187261E-01 0.67009159E-01 0.80133845E-01 0.94655223E-01 0.11061331E+00 0.12796281E+00 0.14655312E+00 0.16612189E+00 0.18630428E+00
0.50837637E-01 0.61627087E-01 0.76918375E-01 0.97725770E-01 0.12499188E+00 0.15928905E+00 0.20045203E+00 0.24726843E+00 0.29740741E+00 0.34769891E+00 0.39467919E+00 0.43514207E+00 0.46644062E+00 0.48645464E+00 0.49331997E+00 0.48510782E+00 0.45970120E+00 0.41526384E+00 0.35180293E+00 0.27385866E+00 0.19224034E+00 0.12083152E+00 0.68891722E-01 0.36812080E-01 0.19280292E-01 0.10397168E-01 0.60606754E-02 0.39902645E-02 0.30691150E-02 0.28052133E-02 0.30331275E-02 0.37792288E-02 0.52032626E-02 0.75478220E-02 0.11053860E-01 0.15858139E-01 0.21945151E-01 0.29197343E-01 0.37494710E-01 0.46783488E-01 0.57084951E-01 0.68464999E-01 0.80992101E-01 0.94699308E-01 0.10955530E+00 0.12544600E+00 0.14216790E+00 0.15943389E+00
0.78935536E-01 0.10432802E+00 0.13869051E+00 0.18308155E+00 0.23740290E+00 0.29990197E+00 0.36712549E+00 0.43451889E+00 0.49748304E+00 0.55236336E+00 0.59690137E+00 0.63006824E+00 0.65153206E+00 0.66105478E+00 0.65798292E+00 0.64087924E+00 0.60735830E+00 0.55439789E+00 0.47975758E+00 0.38519188E+00 0.28033058E+00 0.18212914E+00 0.10605120E+00 0.56821874E-01 0.29213114E-01 0.15125601E-01 0.82845426E-02 0.50281892E-02 0.35175937E-02 0.29113773E-02 0.28692409E-02 0.33131365E-02 0.43253429E-02 0.60937358E-02 0.88445897E-02 0.12747964E-01 0.17843233E-01 0.24046192E-01 0.31228453E-01 0.39297341E-01 0.48226144E-01 0.58038469E-01 0.68773207E-01 0.80449304E-01 0.93038594E-01 0.10644866E+00 0.12051627E+00 0.13501150E+00
0.14091636E+00 0.19363498E+00 0.25984351E+00 0.33695602E+00 0.41983571E+00 0.50204404E+00 0.57762253E+00 0.64247591E+00 0.69479818E+00 0.73463024E+00 0.76302680E+00 0.78127118E+00 0.79032731E+00 0.79050931E+00 0.78126520E+00 0.76098040E+00 0.72679325E+00 0.67460679E+00 0.59991527E+00 0.50057703E+00 0.38197028E+00 0.26057275E+00 0.15785566E+00 0.86416432E-01 0.44383565E-01 0.22419262E-01 0.11701017E-01 0.66200618E-02 0.42403086E-02 0.31800613E-02 0.28403905E-02 0.30070721E-02 0.36736353E-02 0.49628878E-02 0.70674756E-02 0.10169488E-01 0.14355605E-01 0.19586177E-01 0.25743155E-01 0.32709169E-01 0.40416223E-01 0.48847471E-01 0.58011174E-01 0.67909048E-01 0.78510276E-01 0.89734986E-01 0.10144762E+00 0.11345983E+00
0.26111088E+00 0.35093774E+00 0.44838020E+00 0.54423754E+00 0.63069842E+00 0.70319605E+00 0.76041685E+00 0.80332661E+00 0.83403569E+00 0.85489697E+00 0.86794489E+00 0.87462269E+00 0.87567956E+00 0.87112596E+00 0.86016439E+00 0.84104040E+00 0.81079252E+00 0.76500452E+00 0.69799323E+00 0.60453432E+00 0.48460408E+00 0.34990155E+00 0.22373146E+00 0.12743137E+00 0.66625586E-01 0.33427880E-01 0.16901479E-01 0.90413804E-02 0.53581768E-02 0.36591319E-02 0.29567552E-02 0.28466741E-02 0.32141827E-02 0.41073613E-02 0.56705512E-02 0.80766354E-02 0.11444852E-01 0.15783548E-01 0.21001768E-01 0.26974347E-01 0.33602172E-01 0.40832127E-01 0.48642947E-01 0.57018295E-01 0.65922167E-01 0.75282396E-01 0.84983516E-01 0.94868443E-01
0.44605245E+00 0.55657030E+00 0.65536116E+00 0.73657374E+00 0.79938321E+00 0.84569770E+00 0.87841173E+00 0.90051191E+00 0.91463730E+00 0.92287429E+00 0.92670583E+00 0.92703295E+00 0.92419422E+00 0.91794797E+00 0.90740362E+00 0.89087187E+00 0.86559839E+00 0.82740259E+00 0.77046982E+00 0.68811613E+00 0.57616468E+00 0.43981925E+00 0.29881020E+00 0.17957198E+00 0.97311073E-01 0.49425277E-01 0.24659465E-01 0.12685099E-01 0.70532683E-02 0.44266058E-02 0.32446052E-02 0.28280957E-02 0.29206913E-02 0.34829041E-02 0.45993492E-02 0.64151804E-02 0.90632119E-02 0.12594520E-01 0.16956778E-01 0.22034485E-01 0.27710451E-01 0.33901812E-01 0.40560101E-01 0.47651346E-01 0.55133384E-01 0.62939330E-01 0.70969514E-01 0.79091743E-01
0.64743233E+00 0.74162550E+00 0.81314648E+00 0.86517065E+00 0.90183463E+00 0.92676375E+00 0.94292624E+00 0.95270120E+00 0.95788548E+00 0.95973752E+00 0.95908416E+00 0.95641166E+00 0.95186891E+00 0.94518488E+00 0.93554516E+00 0.92143603E+00 0.90040366E+00 0.86869148E+00 0.82087658E+00 0.75005438E+00 0.64992259E+00 0.52041214E+00 0.37493994E+00 0.23935659E+00 0.13636591E+00 0.71402662E-01 0.35841320E-01 0.18067320E-01 0.95864983E-02 0.56024415E-02 0.37522954E-02 0.29609423E-02 0.27768420E-02 0.30522956E-02 0.38013948E-02 0.51268118E-02 0.71552793E-02 0.99678946E-02 0.13554769E-01 0.17825271E-01 0.22659042E-01 0.27952272E-01 0.33632874E-01 0.39650062E-01 0.45955108E-01 0.52484912E-01 0.59152924E-01 0.65847748E-01
0.80036119E+00 0.86233084E+00 0.90546009E+00 0.93507733E+00 0.95487600E+00 0.96748969E+00 0.97496733E+00 0.97885213E+00 0.98016759E+00 0.97950425E+00 0.97718460E+00 0.97340619E+00 0.96825788E+00 0.96157574E+00 0.95272779E+00 0.94041861E+00 0.92247949E+00 0.89555679E+00 0.85473469E+00 0.79346622E+00 0.70483578E+00 0.58574445E+00 0.44384879E+00 0.30062933E+00 0.18147185E+00 0.99427483E-01 0.51160423E-01 0.25779826E-01 0.13305612E-01 0.73615902E-02 0.45584129E-02 0.32722863E-02 0.27785134E-02 0.27878834E-02 0.32300702E-02 0.41533853E-02 0.56609797E-02 0.78468320E-02 0.10738841E-01 0.14281233E-01 0.18365437E-01 0.22877635E-01 0.27727167E-01 0.32847720E-01 0.38183516E-01 0.43673881E-01 0.49243205E-01 0.54797804E-01
0.89007325E+00 0.92722084E+00 0.95234890E+00 0.96910383E+00 0.97975837E+00 0.98606612E+00 0.98944781E+00 0.99088726E+00 0.99091190E+00 0.98969321E+00 0.98720322E+00 0.98338792E+00 0.97825973E+00 0.97177122E+00 0.96350866E+00 0.95240554E+00 0.93653296E+00 0.91284880E+00 0.87687064E+00 0.82254649E+00 0.74312010E+00 0.63428944E+00 0.49999367E+00 0.35669504E+00 0.22824741E+00 0.13207505E+00 0.70778796E-01 0.36350766E-01 0.18624723E-01 0.99433922E-02 0.57817624E-02 0.38123892E-02 0.29365599E-02 0.26736174E-02 0.28476319E-02 0.34409952E-02 0.45190176E-02 0.61705686E-02 0.84496339E-02 0.11337920E-01 0.14751145E-01 0.18577753E-01 0.22715380E-01 0.27084264E-01 0.31621086E-01 0.36266025E-01 0.40952153E-01 0.45600702E-01
0.93639856E+00 0.95931701E+00 0.97470920E+00 0.98464823E+00 0.99058908E+00 0.99383186E+00 0.99540557E+00 0.99593710E+00 0.99568217E+00 0.99461340E+00 0.99251594E+00 0.98913587E+00 0.98435283E+00 0.97815776E+00 0.97031634E+00 0.95996638E+00 0.94536384E+00 0.92367674E+00 0.89072758E+00 0.84090091E+00 0.76788632E+00 0.66727742E+00 0.54127272E+00 0.40255934E+00 0.27159889E+00 0.16643540E+00 0.93921673E-01 0.50007441E-01 0.25951674E-01 0.13647144E-01 0.75910556E-02 0.46624169E-02 0.32808540E-02 0.27071508E-02 0.26274549E-02 0.29434539E-02 0.36706496E-02 0.48766596E-02 0.66258637E-02 0.89322961E-02 0.11743395E-01 0.14961846E-01 0.18482237E-01 0.22214770E-01 0.26088487E-01 0.30042643E-01 0.34016580E-01 0.37943593E-01
0.95931237E+00 0.97476032E+00 0.98506799E+00 0.99147717E+00 0.99507471E+00 0.99689981E+00 0.99771495E+00 0.99793060E+00 0.99767276E+00 0.99684634E+00 0.99517019E+00 0.99227223E+00 0.98789595E+00 0.98199646E+00 0.97443941E+00 0.96450449E+00 0.95056377E+00 0.92989804E+00 0.89850720E+00 0.85110130E+00 0.78188300E+00 0.68692125E+00 0.56806195E+00 0.43585067E+00 0.30739408E+00 0.19891116E+00 0.11880673E+00 0.66422511E-01 0.35552831E-01 0.18799213E-01 0.10209056E-01 0.59435316E-02 0.38661934E-02 0.29027373E-02 0.25559199E-02 0.26249683E-02 0.30633374E-02 0.39039262E-02 0.52052047E-02 0.70022532E-02 0.92748736E-02 0.11949378E-01 0.14926974E-01 0.18112980E-01 0.21429635E-01 0.24813703E-01 0.28208238E-01 0.31555700E-01
0.97039526E+00 0.98200126E+00 0.98970663E+00 0.99436218E+00 0.99686220E+00 0.99807008E+00 0.99858018E+00 0.99868662E+00 0.99845889E+00 0.99778469E+00 0.99636903E+00 0.99378766E+00 0.98969395E+00 0.98398906E+00 0.97656710E+00 0.96676534E+00 0.95298879E+00 0.93253844E+00 0.90148329E+00 0.85476231E+00 0.78710420E+00 0.69537452E+00 0.58192129E+00 0.45642634E+00 0.33341619E+00 0.22638371E+00 0.14307400E+00 0.84614688E-01 0.47389105E-01 0.25680600E-01 0.13902321E-01 0.78249373E-02 0.47802609E-02 0.32956799E-02 0.26346126E-02 0.24621689E-02 0.26538382E-02 0.31958260E-02 0.41260504E-02 0.54862167E-02 0.72823836E-02 0.94690354E-02 0.11963056E-01 0.14671622E-01 0.17512484E-01 0.20419038E-01 0.23335650E-01 0.26211078E-01
0.97529604E+00 0.98500978E+00 0.99149156E+00 0.99538774E+00 0.99745520E+00 0.99843882E+00 0.99884387E+00 0.99891261E+00 0.99869140E+00 0.99806053E+00 0.99671972E+00 0.99422704E+00 0.99020314E+00 0.98451954E+00 0.97705106E+00 0.96710457E+00 0.95302941E+00 0.93206271E+00 0.90026245E+00 0.85274644E+00 0.78481426E+00 0.69435906E+00 0.58472858E+00 0.46550006E+00 0.34934583E+00 0.24703959E+00 0.16453374E+00 0.10314441E+00 0.61013626E-01 0.34423964E-01 0.18946836E-01 0.10525793E-01 0.61528340E-02 0.39489423E-02 0.28836483E-02 0.24460035E-02 0.24105748E-02 0.27037157E-02 0.33301505E-02 0.43236046E-02 0.57053874E-02 0.74566710E-02 0.95163312E-02 0.11800800E-01 0.14227343E-01 0.16726313E-01 0.19241550E-01 0.21725421E-01
