examples/topond/topo_urea.SURFELFB
DSAA
 101 101
-0.75589045E+01  0.75589045E+01  0.15117809E+00
-0.75589045E+01  0.75589045E+01  0.15117809E+00
 0.00000000E+00  0.00000000E+00
[rows 0 to 21 of 101, columns 48 to 95 of 101]
0.94146864E+00 0.99982114E+00 0.99999937E+00 0.99982114E+00 0.94146864E+00 0.19118270E+00 0.82623671E-01 0.28023604E+00 0.60219070E+00 0.75037633E+00 0.78140094E+00 0.76503331E+00 0.71902357E+00 0.65260271E+00 0.58307229E+00 0.53121221E+00 0.51192045E+00 0.53222873E+00 0.59272638E+00 0.68476066E+00 0.78671925E+00 0.87246482E+00 0.92923524E+00 0.96140597E+00 0.97896407E+00 0.98874301E+00 0.99370503E+00 0.99538417E+00 0.99417189E+00 0.98625212E+00 0.95169965E+00 0.82790122E+00 0.55092527E+00 0.25588197E+00 0.10778736E+00 0.62722399E-01 0.64484067E-01 0.11145552E+00 0.23861375E+00 0.44327543E+00 0.62867772E+00 0.74258238E+00 0.80307071E+00 0.83358442E+00 0.84820646E+00 0.85368634E+00 0.85157632E+00 0.84057137E+00
0.89130127E+00 0.99910817E+00 0.99995479E+00 0.99910817E+00 0.89130127E+00 0.15569116E+00 0.74679844E-01 0.22413710E+00 0.47693902E+00 0.62011820E+00 0.65708366E+00 0.64365467E+00 0.60068525E+00 0.54059913E+00 0.48121160E+00 0.44049586E+00 0.43007461E+00 0.45604208E+00 0.52113447E+00 0.62100618E+00 0.73667147E+00 0.83872104E+00 0.90854694E+00 0.94835795E+00 0.96948455E+00 0.98087024E+00 0.98671323E+00 0.98821653E+00 0.98404852E+00 0.96558652E+00 0.90087385E+00 0.71846020E+00 0.41375861E+00 0.17777771E+00 0.82010077E-01 0.58640947E-01 0.74636317E-01 0.14565910E+00 0.30734177E+00 0.51946984E+00 0.68168793E+00 0.77383146E+00 0.82117436E+00 0.84435268E+00 0.85462968E+00 0.85582542E+00 0.84640327E+00 0.81888323E+00
0.41833170E+00 0.92196282E+00 0.97826173E+00 0.92196282E+00 0.41833170E+00 0.77847178E-01 0.87519502E-01 0.22720544E+00 0.40353254E+00 0.49795383E+00 0.51654631E+00 0.49599428E+00 0.45354984E+00 0.40179039E+00 0.35582421E+00 0.32852700E+00 0.32768341E+00 0.35860101E+00 0.42636512E+00 0.53188171E+00 0.66130590E+00 0.78375215E+00 0.87287076E+00 0.92568529E+00 0.95364597E+00 0.96779646E+00 0.97399928E+00 0.97350721E+00 0.96246077E+00 0.92499015E+00 0.81552814E+00 0.57316386E+00 0.28401191E+00 0.12005628E+00 0.64326422E-01 0.57767946E-01 0.89395312E-01 0.18857562E+00 0.37793938E+00 0.58152107E+00 0.71839447E+00 0.79293408E+00 0.83076649E+00 0.84899584E+00 0.85588872E+00 0.85230753E+00 0.83213453E+00 0.76977426E+00
0.85636959E-01 0.19671964E+00 0.29294883E+00 0.19671964E+00 0.85636959E-01 0.75283323E-01 0.15096210E+00 0.28406003E+00 0.38624905E+00 0.41890224E+00 0.40450361E+00 0.36752919E+00 0.32057560E+00 0.27412863E+00 0.23842411E+00 0.22050482E+00 0.22443935E+00 0.25450373E+00 0.31733366E+00 0.41911253E+00 0.55458094E+00 0.69675543E+00 0.81140326E+00 0.88502383E+00 0.92561018E+00 0.94560948E+00 0.95268872E+00 0.94811158E+00 0.92435622E+00 0.85513993E+00 0.68482837E+00 0.40658039E+00 0.17963898E+00 0.80993041E-01 0.53055253E-01 0.60205692E-01 0.10967102E+00 0.23842753E+00 0.44268266E+00 0.62680591E+00 0.74071097E+00 0.80208856E+00 0.83345340E+00 0.84841442E+00 0.85248192E+00 0.84376714E+00 0.80874098E+00 0.68669762E+00
0.12018930E+00 0.92279473E-01 0.88117657E-01 0.92279473E-01 0.12018930E+00 0.19862838E+00 0.31070123E+00 0.39327864E+00 0.41579982E+00 0.39097770E+00 0.34304918E+00 0.28733280E+00 0.23279581E+00 0.18691201E+00 0.15501252E+00 0.13935530E+00 0.14092424E+00 0.16236859E+00 0.21008595E+00 0.29355079E+00 0.41769472E+00 0.56799096E+00 0.70899214E+00 0.81198074E+00 0.87379756E+00 0.90501669E+00 0.91450760E+00 0.90273987E+00 0.85591604E+00 0.73599476E+00 0.50591583E+00 0.25244167E+00 0.10830588E+00 0.56438202E-01 0.46752920E-01 0.66175450E-01 0.13575902E+00 0.29077749E+00 0.49503573E+00 0.65530143E+00 0.75059295E+00 0.80274159E+00 0.83001522E+00 0.84294281E+00 0.84480582E+00 0.83140610E+00 0.78084298E+00 0.59652026E+00
0.42852295E+00 0.36319827E+00 0.33784242E+00 0.36319827E+00 0.42852295E+00 0.49829245E+00 0.53452942E+00 0.52435414E+00 0.47572544E+00 0.40561419E+00 0.32890443E+00 0.25516494E+00 0.19123954E+00 0.14190757E+00 0.10881906E+00 0.90910894E-01 0.86626373E-01 0.96317220E-01 0.12404303E+00 0.17852507E+00 0.27079101E+00 0.40320111E+00 0.55448858E+00 0.68741198E+00 0.77882148E+00 0.82818847E+00 0.84157137E+00 0.81633022E+00 0.73113239E+00 0.55319418E+00 0.31550961E+00 0.14168966E+00 0.65467011E-01 0.41904960E-01 0.44357151E-01 0.75869596E-01 0.16656608E+00 0.33923411E+00 0.53113762E+00 0.66819972E+00 0.74947029E+00 0.79559077E+00 0.82064584E+00 0.83262723E+00 0.83325132E+00 0.81696559E+00 0.75822644E+00 0.54969849E+00
0.75311322E+00 0.75560730E+00 0.75460473E+00 0.75560730E+00 0.75311322E+00 0.73603230E+00 0.69591263E+00 0.63060086E+00 0.54497814E+00 0.44849915E+00 0.35116605E+00 0.26159337E+00 0.18644495E+00 0.12951191E+00 0.90984923E-01 0.68204380E-01 0.57783753E-01 0.57735535E-01 0.68904032E-01 0.96111889E-01 0.14881815E+00 0.23801411E+00 0.36407948E+00 0.50349525E+00 0.61992942E+00 0.69040272E+00 0.70743056E+00 0.66175221E+00 0.53587401E+00 0.34277949E+00 0.16967272E+00 0.76837896E-01 0.41637804E-01 0.33851566E-01 0.45150599E-01 0.89084689E-01 0.19894729E+00 0.37728462E+00 0.54970738E+00 0.66690601E+00 0.73817123E+00 0.78079786E+00 0.80523859E+00 0.81745359E+00 0.81827437E+00 0.80208650E+00 0.74742768E+00 0.56699860E+00
0.85475132E+00 0.87320918E+00 0.87901617E+00 0.87320918E+00 0.85475132E+00 0.82095022E+00 0.76869163E+00 0.69641432E+00 0.60613869E+00 0.50406386E+00 0.39897799E+00 0.29967286E+00 0.21323888E+00 0.14447420E+00 0.95227029E-01 0.63881295E-01 0.46497395E-01 0.39190541E-01 0.39958958E-01 0.49613884E-01 0.72573730E-01 0.11726831E+00 0.19283433E+00 0.29756820E+00 0.40739216E+00 0.48547805E+00 0.50291028E+00 0.44413658E+00 0.31716854E+00 0.17737135E+00 0.85007836E-01 0.43017480E-01 0.28844697E-01 0.29939406E-01 0.48566759E-01 0.10466040E+00 0.22783935E+00 0.40011598E+00 0.55116012E+00 0.65270707E+00 0.71722327E+00 0.75839484E+00 0.78377777E+00 0.79768907E+00 0.80063384E+00 0.78796262E+00 0.74611868E+00 0.62501175E+00
0.86448215E+00 0.88103127E+00 0.88638183E+00 0.88103127E+00 0.86448215E+00 0.83526002E+00 0.79117351E+00 0.73027572E+00 0.65259811E+00 0.56155452E+00 0.46336720E+00 0.36474527E+00 0.27142053E+00 0.18888152E+00 0.12278051E+00 0.76413429E-01 0.48225732E-01 0.33397515E-01 0.27368124E-01 0.27787349E-01 0.34976710E-01 0.52201249E-01 0.85524089E-01 0.14019294E+00 0.21018672E+00 0.26939824E+00 0.28331840E+00 0.23695593E+00 0.15493684E+00 0.83459867E-01 0.43096408E-01 0.26083564E-01 0.22130404E-01 0.28722502E-01 0.53858867E-01 0.12002568E+00 0.24758000E+00 0.40545763E+00 0.53688090E+00 0.62699418E+00 0.68745682E+00 0.72893306E+00 0.75692645E+00 0.77441350E+00 0.78184679E+00 0.77602849E+00 0.74979980E+00 0.68419751E+00
0.83812176E+00 0.84939293E+00 0.85305656E+00 0.84939293E+00 0.83812176E+00 0.81823865E+00 0.78789126E+00 0.74490530E+00 0.68802628E+00 0.61810321E+00 0.53801028E+00 0.45107309E+00 0.35983229E+00 0.26749341E+00 0.18120527E+00 0.11135513E+00 0.64236431E-01 0.37492939E-01 0.24346257E-01 0.19135999E-01 0.19062138E-01 0.23882892E-01 0.35509855E-01 0.57083796E-01 0.88829541E-01 0.11993859E+00 0.12897352E+00 0.10608224E+00 0.68673939E-01 0.39203399E-01 0.23456728E-01 0.17582120E-01 0.18767099E-01 0.29216712E-01 0.59758019E-01 0.13147067E+00 0.25389994E+00 0.39352370E+00 0.50898867E+00 0.59173785E+00 0.65072092E+00 0.69427920E+00 0.72672955E+00 0.75005925E+00 0.76459949E+00 0.76853216E+00 0.75838551E+00 0.72921746E+00
0.78478922E+00 0.78397092E+00 0.78318865E+00 0.78397092E+00 0.78478922E+00 0.78218702E+00 0.77242404E+00 0.75226159E+00 0.71963542E+00 0.67419513E+00 0.61692128E+00 0.54872747E+00 0.46922453E+00 0.37753765E+00 0.27672299E+00 0.17910328E+00 0.10211168E+00 0.53869169E-01 0.28884040E-01 0.17541559E-01 0.13193928E-01 0.12821435E-01 0.15787809E-01 0.22816573E-01 0.34409407E-01 0.47194956E-01 0.52136014E-01 0.44123047E-01 0.30339671E-01 0.19610219E-01 0.14167457E-01 0.13246613E-01 0.17279729E-01 0.30560909E-01 0.64456608E-01 0.13554938E+00 0.24553421E+00 0.36665626E+00 0.47036386E+00 0.54973816E+00 0.61016734E+00 0.65797673E+00 0.69689301E+00 0.72836251E+00 0.75240154E+00 0.76796089E+00 0.77350877E+00 0.76809109E+00
0.69508816E+00 0.65703916E+00 0.63997021E+00 0.65703916E+00 0.69508816E+00 0.73115734E+00 0.75358776E+00 0.76036697E+00 0.75167672E+00 0.72849586E+00 0.69236990E+00 0.64388960E+00 0.58138102E+00 0.50122066E+00 0.40054874E+00 0.28441633E+00 0.17285841E+00 0.90319346E-01 0.43420738E-01 0.21472317E-01 0.12286601E-01 0.88998486E-02 0.84404463E-02 0.10094103E-01 0.13719156E-01 0.18269281E-01 0.20620045E-01 0.18535052E-01 0.14208154E-01 0.10829627E-01 0.96075450E-02 0.11035244E-01 0.16821725E-01 0.31911575E-01 0.66269955E-01 0.13099561E+00 0.22474399E+00 0.32895114E+00 0.42452053E+00 0.50416024E+00 0.56937145E+00 0.62416625E+00 0.67161643E+00 0.71289859E+00 0.74769011E+00 0.77502265E+00 0.79411071E+00 0.80499503E+00
0.51168543E+00 0.37550122E+00 0.32218343E+00 0.37550122E+00 0.51168543E+00 0.64981083E+00 0.73321489E+00 0.77180396E+00 0.78388121E+00 0.77759743E+00 0.75718428E+00 0.72458020E+00 0.67837499E+00 0.61429105E+00 0.52667484E+00 0.41191557E+00 0.27886729E+00 0.15686435E+00 0.74590070E-01 0.32783431E-01 0.15114277E-01 0.82612130E-02 0.58280519E-02 0.54016639E-02 0.61625879E-02 0.75574834E-02 0.85560862E-02 0.82968139E-02 0.73076186E-02 0.67129790E-02 0.72957152E-02 0.99772990E-02 0.16889620E-01 0.32655934E-01 0.64702536E-01 0.11965134E+00 0.19658330E+00 0.28570198E+00 0.37514389E+00 0.45738573E+00 0.53026585E+00 0.59477038E+00 0.65247641E+00 0.70400310E+00 0.74878815E+00 0.78581551E+00 0.81451210E+00 0.83519799E+00
0.23279084E+00 0.10225795E+00 0.77746916E-01 0.10225795E+00 0.23279084E+00 0.49954480E+00 0.70179742E+00 0.78499137E+00 0.81390665E+00 0.81851658E+00 0.80793083E+00 0.78587870E+00 0.75192485E+00 0.70218822E+00 0.63113683E+00 0.53197786E+00 0.40124058E+00 0.25429558E+00 0.13030442E+00 0.56097816E-01 0.22693684E-01 0.98948518E-02 0.52528124E-02 0.36527012E-02 0.33038615E-02 0.35361870E-02 0.39062432E-02 0.40971982E-02 0.42133654E-02 0.46954083E-02 0.61482815E-02 0.96286514E-02 0.17260426E-01 0.32748691E-01 0.60884644E-01 0.10548846E+00 0.16712999E+00 0.24249513E+00 0.32561847E+00 0.41014413E+00 0.49133210E+00 0.56665037E+00 0.63500881E+00 0.69570053E+00 0.74794319E+00 0.79110045E+00 0.82508363E+00 0.85047733E+00
0.10013499E+00 0.16496468E+00 0.34143519E+00 0.16496468E+00 0.10013499E+00 0.31509046E+00 0.65143265E+00 0.79679967E+00 0.83975979E+00 0.85023472E+00 0.84498182E+00 0.82912753E+00 0.80312054E+00 0.76366584E+00 0.70619630E+00 0.62472860E+00 0.51108117E+00 0.36420864E+00 0.21062709E+00 0.96439058E-01 0.37427547E-01 0.14054781E-01 0.58896291E-02 0.30943178E-02 0.21556479E-02 0.19321203E-02 0.20253393E-02 0.22855597E-02 0.27557115E-02 0.37036324E-02 0.56982955E-02 0.98346288E-02 0.17991472E-01 0.32754631E-01 0.56840389E-01 0.92536015E-01 0.14147065E+00 0.20413667E+00 0.27901446E+00 0.36221114E+00 0.44830073E+00 0.53184362E+00 0.60857238E+00 0.67584759E+00 0.73256433E+00 0.77869114E+00 0.81457491E+00 0.84043548E+00
0.17347348E+00 0.92986859E+00 0.99744281E+00 0.92986859E+00 0.17347348E+00 0.20651640E+00 0.60488149E+00 0.80786789E+00 0.86067504E+00 0.87340824E+00 0.87061864E+00 0.85815960E+00 0.83689996E+00 0.80397095E+00 0.75564202E+00 0.68766432E+00 0.59230760E+00 0.46073202E+00 0.30035236E+00 0.15302536E+00 0.61285470E-01 0.21389437E-01 0.75452635E-02 0.31127049E-02 0.16800501E-02 0.12410291E-02 0.12132365E-02 0.14609099E-02 0.20532636E-02 0.32770924E-02 0.57609662E-02 0.10613131E-01 0.19351785E-01 0.33510169E-01 0.54389126E-01 0.83416570E-01 0.12254184E+00 0.17385025E+00 0.23836235E+00 0.31466160E+00 0.39833012E+00 0.48290371E+00 0.56201024E+00 0.63135625E+00 0.68922833E+00 0.73502037E+00 0.76668064E+00 0.77976992E+00
0.28978963E+00 0.99470699E+00 0.99999907E+00 0.99470699E+00 0.28978963E+00 0.18803705E+00 0.60387928E+00 0.82352513E+00 0.87699911E+00 0.88939870E+00 0.88740041E+00 0.87670269E+00 0.85810430E+00 0.82891597E+00 0.78600245E+00 0.72651985E+00 0.64445938E+00 0.52957297E+00 0.37761353E+00 0.21427004E+00 0.92167821E-01 0.31744731E-01 0.10047403E-01 0.34426547E-02 0.14944716E-02 0.92373142E-03 0.84211650E-03 0.10734604E-02 0.17331414E-02 0.32117731E-02 0.62789117E-02 0.12065306E-01 0.21679633E-01 0.35747176E-01 0.54629226E-01 0.79202456E-01 0.11125049E+00 0.15307304E+00 0.20646696E+00 0.27135512E+00 0.34471617E+00 0.42084627E+00 0.49332753E+00 0.55736955E+00 0.60993340E+00 0.64562338E+00 0.65070969E+00 0.60508962E+00
0.15640256E+00 0.87893216E+00 0.99365312E+00 0.87893216E+00 0.15640256E+00 0.24581711E+00 0.66511815E+00 0.84539352E+00 0.88924729E+00 0.89954504E+00 0.89740695E+00 0.88751272E+00 0.87018919E+00 0.84271887E+00 0.80243590E+00 0.74739783E+00 0.67288981E+00 0.56931973E+00 0.42820403E+00 0.26266062E+00 0.12147736E+00 0.42703671E-01 0.12800182E-01 0.38820158E-02 0.14396983E-02 0.77692313E-03 0.67130277E-03 0.89861053E-03 0.16282809E-02 0.34059602E-02 0.72237997E-02 0.14265282E-01 0.25205511E-01 0.39874536E-01 0.57965603E-01 0.79950725E-01 0.10726152E+00 0.14181212E+00 0.18515596E+00 0.23740664E+00 0.29632580E+00 0.35740614E+00 0.41535922E+00 0.46562432E+00 0.50205961E+00 0.50752508E+00 0.44905576E+00 0.31390723E+00
0.13066821E+00 0.12910854E+00 0.22462873E+00 0.12910854E+00 0.13066821E+00 0.43096557E+00 0.75564796E+00 0.86724130E+00 0.89740998E+00 0.90483087E+00 0.90206096E+00 0.89232899E+00 0.87518289E+00 0.84779002E+00 0.80793204E+00 0.75410585E+00 0.68203742E+00 0.58275422E+00 0.44735916E+00 0.28447399E+00 0.13752478E+00 0.49700804E-01 0.14727593E-01 0.42276167E-02 0.14425136E-02 0.72073403E-03 0.60485027E-03 0.84037016E-03 0.16547487E-02 0.37784176E-02 0.84976856E-02 0.17096736E-01 0.29819663E-01 0.45780494E-01 0.64147273E-01 0.85065813E-01 0.10960161E+00 0.13916544E+00 0.17477544E+00 0.21623594E+00 0.26151780E+00 0.30692187E+00 0.34816449E+00 0.38052587E+00 0.39292480E+00 0.35602144E+00 0.24382717E+00 0.11379007E+00
0.37763517E+00 0.17593120E+00 0.12760216E+00 0.17593120E+00 0.37763517E+00 0.66480196E+00 0.82554705E+00 0.88228654E+00 0.90125285E+00 0.90581965E+00 0.90216660E+00 0.89198431E+00 0.87386044E+00 0.84493322E+00 0.80340899E+00 0.74769330E+00 0.67304238E+00 0.57063740E+00 0.43351400E+00 0.27346548E+00 0.13284256E+00 0.49059101E-01 0.14926119E-01 0.43469857E-02 0.14763645E-02 0.72605614E-03 0.60484482E-03 0.85559415E-03 0.17579260E-02 0.42187418E-02 0.98427451E-02 0.20078683E-01 0.34822621E-01 0.52581744E-01 0.72094019E-01 0.93227209E-01 0.11672304E+00 0.14355740E+00 0.17427547E+00 0.20834406E+00 0.24374620E+00 0.27723477E+00 0.30510671E+00 0.32206738E+00 0.31270769E+00 0.24538057E+00 0.12760557E+00 0.48657696E-01
0.68139892E+00 0.54948790E+00 0.49163887E+00 0.54948790E+00 0.68139892E+00 0.79740517E+00 0.86052492E+00 0.88898056E+00 0.90062754E+00 0.90269204E+00 0.89790899E+00 0.88635593E+00 0.86571559E+00 0.83331020E+00 0.78754202E+00 0.72597068E+00 0.64260553E+00 0.52917812E+00 0.38455062E+00 0.23070603E+00 0.10911646E+00 0.41254325E-01 0.13440951E-01 0.42581902E-02 0.15495855E-02 0.78954723E-03 0.65969073E-03 0.92326539E-03 0.18897629E-02 0.45788317E-02 0.10849296E-01 0.22378673E-01 0.38928902E-01 0.58606615E-01 0.79825702E-01 0.10222270E+00 0.12626720E+00 0.15258704E+00 0.18136734E+00 0.21181999E+00 0.24190827E+00 0.26865282E+00 0.28870091E+00 0.29636663E+00 0.27409066E+00 0.19355694E+00 0.85096212E-01 0.33912463E-01
0.80497569E+00 0.76326219E+00 0.74454121E+00 0.76326219E+00 0.80497569E+00 0.84505823E+00 0.87264485E+00 0.88847021E+00 0.89532754E+00 0.89518052E+00 0.88857249E+00 0.87397488E+00 0.84852300E+00 0.80979552E+00 0.75569597E+00 0.68203177E+00 0.58177875E+00 0.45085521E+00 0.30141109E+00 0.16688986E+00 0.76588506E-01 0.30435350E-01 0.11172488E-01 0.41078084E-02 0.16997515E-02 0.92707164E-03 0.77280535E-03 0.10317952E-02 0.20060743E-02 0.47204127E-02 0.11135858E-01 0.23181546E-01 0.40792041E-01 0.61981458E-01 0.84980714E-01 0.10926773E+00 0.13511799E+00 0.16289413E+00 0.19249129E+00 0.22289911E+00 0.25201746E+00 0.27700036E+00 0.29475780E+00 0.29979060E+00 0.27445464E+00 0.19105585E+00 0.82563690E-01 0.33230364E-01
