examples/topond/topo_urea.SURFLAPP
DSAA
 101 101
-0.75589045E+01  0.75589045E+01  0.15117809E+00
-0.75589045E+01  0.75589045E+01  0.15117809E+00
 0.00000000E+00  0.00000000E+00
[rows 21 to 41 of 101, columns 0 to 47 of 101]
-0.68110990E+03 -0.95268201E+04 0.18839845E+03 0.16554168E+03 0.39088549E+02 0.78751733E+01 0.13657823E+01 0.32580022E+00 0.16459717E+00 0.15093440E+00 0.15402809E+00 0.14927277E+00 0.13344319E+00 0.11033633E+00 0.85626780E-01 0.63484914E-01 0.45747865E-01 0.32546936E-01 0.23176798E-01 0.16707157E-01 0.12293819E-01 0.92889676E-02 0.72487809E-02 0.59008700E-02 0.51046981E-02 0.48204072E-02 0.50905871E-02 0.60318903E-02 0.78275375E-02 0.10706722E-01 0.14894792E-01 0.20523057E-01 0.27508525E-01 0.35463204E-01 0.43773912E-01 0.52075939E-01 0.61324876E-01 0.75390247E-01 0.10249364E+00 0.15512691E+00 0.24652260E+00 0.38078738E+00 0.53308862E+00 0.62391330E+00 0.51951569E+00 0.11476850E+00 -0.52366014E+00 -0.11459824E+01
0.27081534E+03 0.24872462E+03 0.24976445E+03 0.93262492E+02 0.25427532E+02 0.52315402E+01 0.96690543E+00 0.24983970E+00 0.14074090E+00 0.13876114E+00 0.14629087E+00 0.14393403E+00 0.12963156E+00 0.10771046E+00 0.83982577E-01 0.62600373E-01 0.45390810E-01 0.32515883E-01 0.23321878E-01 0.16929586E-01 0.12535299E-01 0.95194541E-02 0.74559147E-02 0.60812665E-02 0.52563430E-02 0.49352786E-02 0.51470145E-02 0.59869583E-02 0.76112873E-02 0.10221918E-01 0.14027905E-01 0.19171964E-01 0.25625937E-01 0.33095557E-01 0.41037397E-01 0.48960482E-01 0.57192771E-01 0.68118206E-01 0.87464416E-01 0.12470286E+00 0.19133025E+00 0.29568382E+00 0.43283781E+00 0.57044666E+00 0.64147433E+00 0.56757799E+00 0.32122176E+00 -0.27100553E-01
0.99109500E+02 0.11973848E+03 0.79918344E+02 0.34765444E+02 0.10532831E+02 0.23119490E+01 0.49626650E+00 0.15758119E+00 0.11536718E+00 0.12824429E+00 0.14052427E+00 0.13992895E+00 0.12641705E+00 0.10522056E+00 0.82291826E-01 0.61646273E-01 0.45000316E-01 0.32493660E-01 0.23505494E-01 0.17206168E-01 0.12837341E-01 0.98137545E-02 0.77320358E-02 0.63413340E-02 0.55060567E-02 0.51754262E-02 0.53648206E-02 0.61473169E-02 0.76492216E-02 0.10039899E-01 0.13503752E-01 0.18183614E-01 0.24094676E-01 0.31033521E-01 0.38552405E-01 0.46124046E-01 0.53643720E-01 0.62320064E-01 0.75727416E-01 0.10041018E+00 0.14521373E+00 0.21864581E+00 0.32388328E+00 0.45184032E+00 0.57572464E+00 0.65540066E+00 0.65812157E+00 0.58494294E+00
0.22590504E+02 0.26013883E+02 0.19070311E+02 0.89938109E+01 0.28833693E+01 0.75053227E+00 0.20765713E+00 0.10041881E+00 0.10404996E+00 0.12607986E+00 0.13965722E+00 0.13826632E+00 0.12399145E+00 0.10277883E+00 0.80395569E-01 0.60463968E-01 0.44440532E-01 0.32372213E-01 0.23645762E-01 0.17477489E-01 0.13159430E-01 0.10147738E-01 0.80683281E-02 0.66880619E-02 0.58787613E-02 0.55875197E-02 0.58179374E-02 0.66211638E-02 0.80919529E-02 0.10362211E-01 0.13582332E-01 0.17880675E-01 0.23297248E-01 0.29704462E-01 0.36759227E-01 0.43972021E-01 0.51003296E-01 0.58253863E-01 0.67649125E-01 0.83252884E-01 0.11115614E+00 0.15818205E+00 0.22932168E+00 0.32430439E+00 0.43454025E+00 0.54305075E+00 0.63014266E+00 0.68346502E+00
0.37691975E+01 0.43010048E+01 0.32215182E+01 0.16470546E+01 0.64176505E+00 0.22729071E+00 0.10246243E+00 0.90372640E-01 0.11215789E+00 0.13424369E+00 0.14385157E+00 0.13848111E+00 0.12186923E+00 0.10003430E+00 0.78060397E-01 0.58894845E-01 0.43598131E-01 0.32067704E-01 0.23680412E-01 0.17698902E-01 0.13472729E-01 0.10508044E-01 0.84678582E-02 0.71432226E-02 0.64186887E-02 0.62435587E-02 0.66128347E-02 0.75571693E-02 0.91384673E-02 0.11445961E-01 0.14585548E-01 0.18654074E-01 0.23692808E-01 0.29624723E-01 0.36201417E-01 0.43014770E-01 0.49650608E-01 0.56046022E-01 0.63021226E-01 0.72790588E-01 0.89102655E-01 0.11667114E+00 0.15981234E+00 0.22057694E+00 0.29700018E+00 0.38238381E+00 0.46654330E+00 0.53903531E+00
0.61467928E+00 0.67461067E+00 0.55113158E+00 0.35163806E+00 0.19654782E+00 0.11924180E+00 0.10166917E+00 0.11487235E+00 0.13552293E+00 0.14948000E+00 0.15047891E+00 0.13886741E+00 0.11911681E+00 0.96527334E-01 0.75067923E-01 0.56828365E-01 0.42407099E-01 0.31533163E-01 0.23573438E-01 0.17844323E-01 0.13762658E-01 0.10894206E-01 0.89475982E-02 0.77455171E-02 0.71918127E-02 0.72436074E-02 0.78913560E-02 0.91466568E-02 0.11036306E-01 0.13600004E-01 0.16886980E-01 0.20944176E-01 0.25788611E-01 0.31362991E-01 0.37488470E-01 0.43848954E-01 0.50058206E-01 0.55856450E-01 0.61437894E-01 0.67816519E-01 0.77031148E-01 0.91958186E-01 0.11561934E+00 0.15011294E+00 0.19552315E+00 0.24925515E+00 0.30617246E+00 0.35963032E+00
0.23966449E+00 0.24972079E+00 0.22860178E+00 0.19076850E+00 0.15805133E+00 0.14300763E+00 0.14490928E+00 0.15527257E+00 0.16437681E+00 0.16524172E+00 0.15556296E+00 0.13736889E+00 0.11481595E+00 0.91905542E-01 0.71306982E-01 0.54238090E-01 0.40861315E-01 0.30762302E-01 0.23316172E-01 0.17906837E-01 0.14029638E-01 0.11319522E-01 0.95392764E-02 0.85512169E-02 0.82860352E-02 0.87150976E-02 0.98281994E-02 0.11617583E-01 0.14069366E-01 0.17163085E-01 0.20876670E-01 0.25189130E-01 0.30070640E-01 0.35454731E-01 0.41200457E-01 0.47068539E-01 0.52745428E-01 0.57944591E-01 0.62590022E-01 0.67041958E-01 0.72267387E-01 0.79821828E-01 0.91542686E-01 0.10897519E+00 0.13270258E+00 0.16183795E+00 0.19390338E+00 0.22518746E+00
0.23753422E+00 0.24086541E+00 0.23380801E+00 0.22046357E+00 0.20759972E+00 0.19965397E+00 0.19639464E+00 0.19398819E+00 0.18778406E+00 0.17498120E+00 0.15575951E+00 0.13255556E+00 0.10848406E+00 0.86083590E-01 0.66823887E-01 0.51190754E-01 0.39011044E-01 0.29784109E-01 0.22923296E-01 0.17896456E-01 0.14287958E-01 0.11810234E-01 0.10288118E-01 0.96317562E-02 0.98067944E-02 0.10805130E-01 0.12617697E-01 0.15212164E-01 0.18521112E-01 0.22445972E-01 0.26875402E-01 0.31706906E-01 0.36854121E-01 0.42228244E-01 0.47700779E-01 0.53076223E-01 0.58106901E-01 0.62559302E-01 0.66313484E-01 0.69470337E-01 0.72440991E-01 0.75972582E-01 0.81047254E-01 0.88624084E-01 0.99276546E-01 0.11285610E+00 0.12832944E+00 0.14388021E+00
0.28968056E+00 0.29199918E+00 0.28700139E+00 0.27636412E+00 0.26297099E+00 0.24889665E+00 0.23428839E+00 0.21782084E+00 0.19812731E+00 0.17501790E+00 0.14970076E+00 0.12414382E+00 0.10023918E+00 0.79274357E-01 0.61810710E-01 0.47826007E-01 0.36945510E-01 0.28650883E-01 0.22425575E-01 0.17835905E-01 0.14562940E-01 0.12402601E-01 0.11248528E-01 0.11066731E-01 0.11865674E-01 0.13662131E-01 0.16444323E-01 0.20139545E-01 0.24599537E-01 0.29616373E-01 0.34968990E-01 0.40479904E-01 0.46043314E-01 0.51588752E-01 0.56990695E-01 0.62009808E-01 0.66356433E-01 0.69840734E-01 0.72462583E-01 0.74373379E-01 0.75805377E-01 0.77070454E-01 0.78592700E-01 0.80869695E-01 0.84324426E-01 0.89106634E-01 0.94944444E-01 0.10112896E+00
0.32777635E+00 0.33032450E+00 0.32476737E+00 0.31205087E+00 0.29395186E+00 0.27216787E+00 0.24778041E+00 0.22139063E+00 0.19361761E+00 0.16543697E+00 0.13811778E+00 0.11289948E+00 0.90683657E-01 0.71899715E-01 0.56544673E-01 0.44317402E-01 0.34768866E-01 0.27424036E-01 0.21861694E-01 0.17755552E-01 0.14886667E-01 0.13137587E-01 0.12476072E-01 0.12931258E-01 0.14560651E-01 0.17405128E-01 0.21434720E-01 0.26500313E-01 0.32318909E-01 0.38521367E-01 0.44771666E-01 0.50918495E-01 0.57059486E-01 0.63357738E-01 0.69639580E-01 0.75182577E-01 0.79099636E-01 0.81054483E-01 0.81535216E-01 0.81379676E-01 0.81117926E-01 0.80807976E-01 0.80348214E-01 0.79787319E-01 0.79363301E-01 0.79351309E-01 0.79888838E-01 0.80882429E-01
0.33148555E+00 0.33433624E+00 0.32809794E+00 0.31354314E+00 0.29228683E+00 0.26627935E+00 0.23740028E+00 0.20730355E+00 0.17742827E+00 0.14901191E+00 0.12303633E+00 0.10014962E+00 0.80633892E-01 0.64446046E-01 0.51311190E-01 0.40830973E-01 0.32577767E-01 0.26161916E-01 0.21271255E-01 0.17688340E-01 0.15292583E-01 0.14053285E-01 0.14015902E-01 0.15278336E-01 0.17949593E-01 0.22084341E-01 0.27598812E-01 0.34197196E-01 0.41365332E-01 0.48506533E-01 0.55276896E-01 0.62032648E-01 0.69925712E-01 0.79981823E-01 0.91448310E-01 0.10125849E+00 0.10590913E+00 0.10426365E+00 0.98509308E-01 0.92313157E-01 0.88026553E-01 0.85629017E-01 0.83870397E-01 0.81776172E-01 0.79158838E-01 0.76346447E-01 0.73778328E-01 0.71760249E-01
0.30369382E+00 0.30650492E+00 0.30035000E+00 0.28595317E+00 0.26489871E+00 0.23924624E+00 0.21113331E+00 0.18248683E+00 0.15486450E+00 0.12939106E+00 0.10675472E+00 0.87249526E-01 0.70854662E-01 0.57334920E-01 0.46341330E-01 0.37495008E-01 0.30446686E-01 0.24912323E-01 0.20690072E-01 0.17665284E-01 0.15809456E-01 0.15175906E-01 0.15889382E-01 0.18119617E-01 0.22023782E-01 0.27646218E-01 0.34784919E-01 0.42878297E-01 0.51033540E-01 0.58408049E-01 0.65169918E-01 0.73727575E-01 0.88464599E-01 0.11198780E+00 0.14027116E+00 0.16315788E+00 0.17109291E+00 0.16127743E+00 0.13923999E+00 0.11564989E+00 0.99109106E-01 0.91022506E-01 0.87570402E-01 0.84787382E-01 0.81007560E-01 0.76364993E-01 0.71626574E-01 0.67499050E-01
0.25860703E+00 0.26105692E+00 0.25569290E+00 0.24314972E+00 0.22483421E+00 0.20260801E+00 0.17842774E+00 0.15404738E+00 0.13083446E+00 0.10970122E+00 0.91125810E-01 0.75231691E-01 0.61894253E-01 0.50848585E-01 0.41779751E-01 0.34387196E-01 0.28423094E-01 0.23710328E-01 0.20147966E-01 0.17711885E-01 0.16455630E-01 0.16511365E-01 0.18082724E-01 0.21411663E-01 0.26694308E-01 0.33926343E-01 0.42691913E-01 0.51991778E-01 0.60374742E-01 0.66934056E-01 0.73765276E-01 0.88536372E-01 0.12150004E+00 0.17348037E+00 0.22775568E+00 0.26339782E+00 0.27352483E+00 0.25841888E+00 0.21796076E+00 0.16478122E+00 0.12128778E+00 0.98458854E-01 0.90650509E-01 0.87612753E-01 0.83655524E-01 0.77894018E-01 0.71424650E-01 0.65494319E-01
0.21026853E+00 0.21222284E+00 0.20794373E+00 0.19793628E+00 0.18332515E+00 0.16560816E+00 0.14636662E+00 0.12701532E+00 0.10864237E+00 0.91949940E-01 0.77278364E-01 0.64683517E-01 0.54035718E-01 0.45114532E-01 0.37683391E-01 0.31538060E-01 0.26531206E-01 0.22580395E-01 0.19668680E-01 0.17845955E-01 0.17235235E-01 0.18040700E-01 0.20543438E-01 0.25057388E-01 0.31807331E-01 0.40696698E-01 0.50982828E-01 0.61024437E-01 0.68644993E-01 0.73375761E-01 0.81591139E-01 0.10962352E+00 0.16995520E+00 0.23928940E+00 0.25895055E+00 0.21685157E+00 0.19654314E+00 0.24119321E+00 0.27038189E+00 0.22871299E+00 0.15811450E+00 0.11046008E+00 0.93273540E-01 0.89705805E-01 0.86604047E-01 0.80499360E-01 0.72661633E-01 0.65068096E-01
0.16729643E+00 0.16877503E+00 0.16553704E+00 0.15795752E+00 0.14687440E+00 0.13340944E+00 0.11875327E+00 0.10397481E+00 0.89895499E-01 0.77041093E-01 0.65660717E-01 0.55789934E-01 0.47331634E-01 0.40132612E-01 0.34041796E-01 0.28945272E-01 0.24780984E-01 0.21541060E-01 0.19271538E-01 0.18077796E-01 0.18138730E-01 0.19723597E-01 0.23191045E-01 0.28931782E-01 0.37199581E-01 0.47779092E-01 0.59507177E-01 0.69910575E-01 0.75946684E-01 0.78167327E-01 0.89189944E-01 0.13302021E+00 0.20234862E+00 0.18202129E+00 -0.10981967E+00 -0.59450238E+00 -0.77499677E+00 -0.41692839E+00 0.44337471E-01 0.22611877E+00 0.19264286E+00 0.12575299E+00 0.96008868E-01 0.91394511E-01 0.90018398E-01 0.84281922E-01 0.75394979E-01 0.66242998E-01
0.13300615E+00 0.13410070E+00 0.13170316E+00 0.12608242E+00 0.11784114E+00 0.10779060E+00 0.96797642E-01 0.85645836E-01 0.74941128E-01 0.65074058E-01 0.56233212E-01 0.48453586E-01 0.41679326E-01 0.35822695E-01 0.30807388E-01 0.26592269E-01 0.23178842E-01 0.20610696E-01 0.18974997E-01 0.18414256E-01 0.19150651E-01 0.21514003E-01 0.25946782E-01 0.32935234E-01 0.42790617E-01 0.55201657E-01 0.68563727E-01 0.79453306E-01 0.83767389E-01 0.83023629E-01 0.95569426E-01 0.14535320E+00 0.16745316E+00 -0.14958613E+00 -0.12416411E+01 -0.28035581E+01 -0.33708856E+01 -0.22602087E+01 -0.73570422E+00 0.50889722E-01 0.19092232E+00 0.13654417E+00 0.98962216E-01 0.94134772E-01 0.94993567E-01 0.89843891E-01 0.79924489E-01 0.69185028E-01
0.10740027E+00 0.10821487E+00 0.10642997E+00 0.10223720E+00 0.96067579E-01 0.88504715E-01 0.80177110E-01 0.71658262E-01 0.63397075E-01 0.55688892E-01 0.48684938E-01 0.42428629E-01 0.36903058E-01 0.32074991E-01 0.27925701E-01 0.24465756E-01 0.21737523E-01 0.19813801E-01 0.18802869E-01 0.18868505E-01 0.20266960E-01 0.23390117E-01 0.28782405E-01 0.37067916E-01 0.48688266E-01 0.63337015E-01 0.79066288E-01 0.91500849E-01 0.95120433E-01 0.91069111E-01 0.99877729E-01 0.13816365E+00 0.70924698E-01 -0.62812803E+00 -0.26588408E+01 -0.54436226E+01 -0.64458771E+01 -0.44894072E+01 -0.17481454E+01 -0.23545018E+00 0.14612788E+00 0.13592431E+00 0.10263637E+00 0.10074078E+00 0.10375690E+00 0.98414956E-01 0.86812016E-01 0.74116450E-01
0.88998397E-01 0.89622100E-01 0.88254979E-01 0.85036062E-01 0.80279247E-01 0.74412489E-01 0.67901190E-01 0.61175787E-01 0.54580085E-01 0.48348948E-01 0.42614718E-01 0.37434131E-01 0.32823657E-01 0.28791597E-01 0.25359207E-01 0.22568991E-01 0.20484197E-01 0.19188179E-01 0.18794443E-01 0.19476835E-01 0.21522725E-01 0.25397340E-01 0.31781787E-01 0.41508694E-01 0.55271531E-01 0.72951651E-01 0.92483622E-01 0.10867296E+00 0.11408780E+00 0.10700385E+00 0.10492153E+00 0.11886131E+00 -0.75762709E-02 -0.84530475E+00 -0.31080045E+01 -0.61205704E+01 -0.71921079E+01 -0.50938697E+01 -0.21049236E+01 -0.38963589E+00 0.95663151E-01 0.12646371E+00 0.11023353E+00 0.11545017E+00 0.11945925E+00 0.11180185E+00 0.96951065E-01 0.81422906E-01
0.75983240E-01 0.76482801E-01 0.75387345E-01 0.72801442E-01 0.68962327E-01 0.64196318E-01 0.58863086E-01 0.53301877E-01 0.47792056E-01 0.42535121E-01 0.37658375E-01 0.33234393E-01 0.29306946E-01 0.25914092E-01 0.23102278E-01 0.20930268E-01 0.19467209E-01 0.18793856E-01 0.19018930E-01 0.20321986E-01 0.23027458E-01 0.27697701E-01 0.35202652E-01 0.46677788E-01 0.63222614E-01 0.85138342E-01 0.11054435E+00 0.13366075E+00 0.14469512E+00 0.13629994E+00 0.11727100E+00 0.97872328E-01 -0.32891255E-01 -0.68541480E+00 -0.23316212E+01 -0.44432936E+01 -0.51787747E+01 -0.37216009E+01 -0.16012521E+01 -0.33121448E+00 0.62421766E-01 0.11673453E+00 0.12809900E+00 0.14317968E+00 0.14541666E+00 0.13204200E+00 0.11152629E+00 0.91765481E-01
0.66773443E-01 0.67195226E-01 0.66269949E-01 0.64080247E-01 0.60814750E-01 0.56735921E-01 0.52138179E-01 0.47306456E-01 0.42484639E-01 0.37859885E-01 0.33563609E-01 0.29685009E-01 0.26289857E-01 0.23437083E-01 0.21188036E-01 0.19607700E-01 0.18762381E-01 0.18723710E-01 0.19592811E-01 0.21559067E-01 0.25000526E-01 0.30613235E-01 0.39520983E-01 0.53264804E-01 0.73502843E-01 0.10117325E+00 0.13485595E+00 0.16840796E+00 0.18938886E+00 0.18278803E+00 0.14350593E+00 0.77722188E-01 -0.60509354E-01 -0.46845022E+00 -0.13565343E+01 -0.24245758E+01 -0.27816118E+01 -0.20504157E+01 -0.95328311E+00 -0.24431389E+00 0.26319285E-01 0.11458486E+00 0.16278238E+00 0.18759546E+00 0.18401210E+00 0.16091120E+00 0.13187772E+00 0.10613116E+00
0.60245627E-01 0.60620220E-01 0.59798175E-01 0.57848520E-01 0.54929946E-01 0.51266195E-01 0.47113352E-01 0.42726432E-01 0.38332750E-01 0.34117213E-01 0.30220820E-01 0.26749540E-01 0.23787841E-01 0.21410678E-01 0.19689484E-01 0.18691716E-01 0.18478833E-01 0.19113848E-01 0.20695243E-01 0.23435393E-01 0.27793028E-01 0.34644492E-01 0.45436391E-01 0.62205803E-01 0.87280389E-01 0.12236446E+00 0.16661846E+00 0.21354133E+00 0.24771663E+00 0.24541546E+00 0.18457682E+00 0.58071213E-01 -0.14010991E+00 -0.45681113E+00 -0.93426670E+00 -0.14207564E+01 -0.15671588E+01 -0.12363111E+01 -0.70544181E+00 -0.28487392E+00 -0.30830076E-01 0.12433177E+00 0.21585481E+00 0.24867653E+00 0.23573426E+00 0.19953570E+00 0.15936329E+00 0.12582773E+00
