examples/topond/topo_ureaPATO.SURFRHOO
DSAA
 161 161
-0.75589045E+01  0.75589045E+01  0.94486307E-01
-0.75589045E+01  0.75589045E+01  0.94486307E-01
 0.00000000E+00  0.00000000E+00
[rows 44 to 65 of 161, columns 96 to 143 of 161]
0.24285954E-01 0.23337593E-01 0.22534839E-01 0.21837378E-01 0.21202716E-01 0.20589432E-01 0.19960352E-01 0.19285298E-01 0.18543075E-01 0.17722471E-01 0.16822207E-01 0.15849889E-01 0.14820212E-01 0.13752706E-01 0.12669367E-01 0.11592488E-01 0.10542894E-01 0.95387304E-02 0.85948132E-02 0.77225018E-02 0.69299740E-02 0.62227823E-02 0.56045589E-02 0.50777646E-02 0.46444029E-02 0.43066528E-02 0.40673994E-02 0.39306648E-02 0.39019549E-02 0.39885487E-02 0.41997596E-02 0.45472027E-02 0.50450982E-02 0.57106400E-02 0.65644520E-02 0.76311491E-02 0.89400063E-02 0.10525726E-01 0.12429270E-01 0.14698685E-01 0.17389819E-01 0.20566738E-01 0.24301607E-01 0.28673677E-01 0.33766989E-01 0.39666331E-01 0.46451112E-01 0.54186978E-01
0.24805024E-01 0.24466990E-01 0.24215269E-01 0.24000572E-01 0.23772028E-01 0.23481450E-01 0.23087440E-01 0.22558844E-01 0.21877115E-01 0.21037283E-01 0.20047462E-01 0.18927052E-01 0.17703964E-01 0.16411331E-01 0.15084177E-01 0.13756449E-01 0.12458714E-01 0.11216658E-01 0.10050407E-01 0.89745549E-02 0.79987385E-02 0.71285553E-02 0.63666446E-02 0.57137817E-02 0.51698830E-02 0.47348635E-02 0.44093256E-02 0.41950892E-02 0.40955856E-02 0.41161536E-02 0.42642735E-02 0.45497796E-02 0.49850831E-02 0.55854365E-02 0.63692610E-02 0.73585510E-02 0.85793585E-02 0.10062348E-01 0.11843391E-01 0.13964145E-01 0.16472522E-01 0.19422920E-01 0.22876000E-01 0.26897774E-01 0.31557666E-01 0.36925221E-01 0.43065174E-01 0.50030728E-01
0.26163622E-01 0.26449533E-01 0.26766767E-01 0.27052742E-01 0.27244118E-01 0.27282324E-01 0.27118877E-01 0.26719801E-01 0.26068524E-01 0.25166831E-01 0.24033811E-01 0.22703029E-01 0.21218458E-01 0.19629827E-01 0.17988023E-01 0.16341114E-01 0.14731346E-01 0.13193302E-01 0.11753186E-01 0.10429086E-01 0.92319400E-02 0.81669364E-02 0.72350809E-02 0.64347331E-02 0.57629756E-02 0.52167478E-02 0.47937241E-02 0.44929576E-02 0.43153262E-02 0.42638323E-02 0.43438045E-02 0.45630484E-02 0.49319863E-02 0.54638157E-02 0.61747111E-02 0.70840808E-02 0.82148808E-02 0.95939769E-02 0.11252527E-01 0.13226341E-01 0.15556135E-01 0.18287591E-01 0.21471046E-01 0.25160640E-01 0.29412664E-01 0.34282874E-01 0.39822529E-01 0.46073050E-01
0.28402469E-01 0.29343288E-01 0.30263288E-01 0.31082087E-01 0.31719311E-01 0.32101757E-01 0.32170378E-01 0.31886125E-01 0.31233688E-01 0.30222498E-01 0.28884877E-01 0.27271767E-01 0.25446887E-01 0.23480268E-01 0.21442080E-01 0.19397406E-01 0.17402414E-01 0.15502112E-01 0.13729633E-01 0.12106796E-01 0.10645602E-01 0.93502505E-02 0.82193287E-02 0.72479048E-02 0.64293483E-02 0.57567965E-02 0.52242566E-02 0.48273770E-02 0.45639476E-02 0.44341972E-02 0.44409547E-02 0.45897306E-02 0.48887658E-02 0.53490839E-02 0.59845694E-02 0.68120847E-02 0.78516284E-02 0.91265243E-02 0.10663618E-01 0.12493445E-01 0.14650305E-01 0.17172167E-01 0.20100290E-01 0.23478401E-01 0.27351282E-01 0.31762549E-01 0.36751480E-01 0.42348790E-01
0.31552077E-01 0.33195609E-01 0.34768764E-01 0.36168474E-01 0.37291909E-01 0.38045740E-01 0.38355586E-01 0.38174177E-01 0.37486627E-01 0.36311616E-01 0.34698252E-01 0.32719505E-01 0.30463717E-01 0.28025757E-01 0.25498948E-01 0.22968501E-01 0.20506838E-01 0.18170950E-01 0.16001708E-01 0.14024837E-01 0.12253049E-01 0.10688839E-01 0.93274506E-02 0.81596485E-02 0.71740891E-02 0.63591824E-02 0.57044513E-02 0.52014430E-02 0.48442828E-02 0.46299597E-02 0.45584355E-02 0.46326450E-02 0.48584478E-02 0.52445693E-02 0.58025573E-02 0.65467680E-02 0.74943805E-02 0.86654333E-02 0.10082860E-01 0.11772493E-01 0.13762986E-01 0.16085599E-01 0.18773745E-01 0.21862211E-01 0.25385912E-01 0.29378054E-01 0.33867579E-01 0.38875834E-01
0.35626598E-01 0.38037856E-01 0.40333724E-01 0.42383079E-01 0.44053554E-01 0.45223487E-01 0.45795343E-01 0.45708295E-01 0.44946697E-01 0.43541740E-01 0.41565819E-01 0.39121623E-01 0.36329212E-01 0.33313856E-01 0.30196019E-01 0.27083793E-01 0.24067720E-01 0.21217944E-01 0.18583630E-01 0.16194379E-01 0.14063114E-01 0.12189777E-01 0.10565215E-01 0.91747743E-02 0.80013099E-02 0.70275127E-02 0.62375568E-02 0.56181617E-02 0.51591921E-02 0.48539211E-02 0.46990701E-02 0.46947161E-02 0.48441356E-02 0.51536292E-02 0.56323588E-02 0.62922070E-02 0.71476629E-02 0.82157222E-02 0.95157856E-02 0.11069525E-01 0.12900684E-01 0.15034757E-01 0.17498491E-01 0.20319128E-01 0.23523307E-01 0.27135516E-01 0.31176033E-01 0.35658293E-01
0.40619525E-01 0.43884105E-01 0.46999429E-01 0.49800391E-01 0.52114567E-01 0.53777518E-01 0.54653501E-01 0.54657485E-01 0.53770975E-01 0.52044922E-01 0.49588466E-01 0.46548663E-01 0.43089006E-01 0.39372361E-01 0.35549661E-01 0.31752950E-01 0.28091049E-01 0.24647156E-01 0.21478491E-01 0.18618075E-01 0.16078299E-01 0.13855568E-01 0.11935203E-01 0.10295957E-01 0.89137656E-02 0.77645970E-02 0.68264123E-02 0.60803855E-02 0.55115400E-02 0.51089724E-02 0.48658065E-02 0.47789917E-02 0.48490278E-02 0.50796687E-02 0.54776389E-02 0.60523739E-02 0.68157868E-02 0.77820502E-02 0.89673771E-02 0.10389775E-01 0.12068744E-01 0.14024880E-01 0.16279337E-01 0.18853097E-01 0.21765982E-01 0.25035344E-01 0.28674392E-01 0.32690099E-01
0.46503476E-01 0.50737311E-01 0.54814838E-01 0.58530414E-01 0.61653991E-01 0.63950436E-01 0.65214700E-01 0.65314955E-01 0.64225722E-01 0.62033848E-01 0.58914115E-01 0.55087709E-01 0.50782902E-01 0.46210157E-01 0.41552035E-01 0.36961332E-01 0.32561171E-01 0.28444720E-01 0.24675240E-01 0.21287812E-01 0.18293163E-01 0.15683036E-01 0.13436061E-01 0.11523250E-01 0.99125558E-02 0.85722753E-02 0.74733580E-02 0.65907771E-02 0.59041911E-02 0.53981092E-02 0.50617406E-02 0.48886683E-02 0.48764438E-02 0.50261647E-02 0.53420701E-02 0.58311681E-02 0.65028937E-02 0.73687876E-02 0.84421781E-02 0.97378439E-02 0.11271633E-01 0.13060006E-01 0.15119475E-01 0.17465893E-01 0.20113565E-01 0.23074123E-01 0.26355148E-01 0.29958513E-01
0.53234551E-01 0.58602785E-01 0.63865363E-01 0.68769120E-01 0.72995872E-01 0.76185820E-01 0.78001665E-01 0.78218119E-01 0.76794386E-01 0.73887288E-01 0.69796915E-01 0.64877836E-01 0.59462515E-01 0.53823570E-01 0.48171427E-01 0.42667781E-01 0.37437968E-01 0.32576275E-01 0.28146648E-01 0.24183229E-01 0.20693300E-01 0.17662639E-01 0.15062067E-01 0.12853833E-01 0.10996984E-01 0.94513522E-02 0.81802169E-02 0.71518192E-02 0.63400354E-02 0.57244633E-02 0.52901493E-02 0.50271233E-02 0.49298534E-02 0.49966932E-02 0.52293587E-02 0.56324472E-02 0.62129978E-02 0.69800806E-02 0.79443969E-02 0.91178690E-02 0.10513198E-01 0.12143363E-01 0.14021049E-01 0.16157954E-01 0.18563979E-01 0.21246259E-01 0.24208009E-01 0.27447205E-01
0.60756848E-01 0.67499264E-01 0.74295833E-01 0.80839881E-01 0.86674579E-01 0.91217929E-01 0.93881951E-01 0.94258220E-01 0.92274702E-01 0.88224435E-01 0.82646656E-01 0.76138694E-01 0.69205543E-01 0.62202270E-01 0.55353949E-01 0.48804583E-01 0.42656303E-01 0.36986429E-01 0.31848939E-01 0.27271524E-01 0.23255271E-01 0.19778496E-01 0.16803207E-01 0.14282100E-01 0.12164651E-01 0.10401687E-01 0.89483745E-02 0.77658839E-02 0.68220474E-02 0.60913529E-02 0.55545334E-02 0.51979508E-02 0.50129063E-02 0.49949557E-02 0.51432700E-02 0.54600543E-02 0.59500211E-02 0.66199035E-02 0.74779883E-02 0.85336499E-02 0.97968623E-02 0.11277671E-01 0.12985608E-01 0.14929031E-01 0.17114373E-01 0.19545290E-01 0.22221696E-01 0.25138690E-01
0.68996230E-01 0.77445101E-01 0.86287622E-01 0.95162993E-01 0.10340139E+00 0.11004046E+00 0.11404048E+00 0.11465366E+00 0.11174889E+00 0.10587177E+00 0.97996519E-01 0.89144401E-01 0.80098546E-01 0.71320342E-01 0.63020460E-01 0.55277636E-01 0.48127602E-01 0.41600700E-01 0.35723637E-01 0.30509022E-01 0.25947874E-01 0.22009372E-01 0.18645919E-01 0.15800210E-01 0.13411859E-01 0.11422476E-01 0.97789798E-02 0.84353730E-02 0.73533846E-02 0.65023527E-02 0.58586671E-02 0.54049982E-02 0.51294607E-02 0.50248006E-02 0.50876462E-02 0.53178361E-02 0.57178167E-02 0.62920926E-02 0.70467079E-02 0.79887375E-02 0.91257685E-02 0.10465354E-01 0.12014427E-01 0.13778663E-01 0.15761787E-01 0.17964812E-01 0.20385216E-01 0.23016064E-01
0.77830820E-01 0.88393061E-01 0.99940362E-01 0.11207062E+00 0.12380932E+00 0.13359202E+00 0.13962877E+00 0.14059345E+00 0.13625282E+00 0.12758445E+00 0.11629235E+00 0.10408230E+00 0.92154535E-01 0.81095843E-01 0.71051516E-01 0.61964355E-01 0.53743073E-01 0.46330164E-01 0.39701969E-01 0.33844817E-01 0.28734964E-01 0.24330776E-01 0.20574610E-01 0.17399164E-01 0.14734347E-01 0.12512758E-01 0.10673276E-01 0.91629323E-02 0.79375240E-02 0.69613792E-02 0.62066524E-02 0.56524002E-02 0.52836041E-02 0.50902375E-02 0.50664171E-02 0.52096522E-02 0.55201793E-02 0.60003630E-02 0.66541399E-02 0.74864809E-02 0.85028531E-02 0.97086663E-02 0.11108692E-01 0.12706448E-01 0.14503554E-01 0.16499043E-01 0.18688647E-01 0.21064068E-01
0.87037921E-01 0.10010926E+00 0.11504195E+00 0.13142615E+00 0.14789627E+00 0.16203308E+00 0.17093181E+00 0.17238569E+00 0.16600434E+00 0.15342579E+00 0.13744976E+00 0.12077299E+00 0.10515777E+00 0.91317634E-01 0.79260896E-01 0.68709967E-01 0.59379047E-01 0.51079087E-01 0.43712031E-01 0.37226612E-01 0.31579896E-01 0.26718216E-01 0.22573970E-01 0.19070402E-01 0.16128374E-01 0.13672120E-01 0.11633053E-01 0.99517330E-02 0.85784304E-02 0.74727878E-02 0.66029717E-02 0.59446057E-02 0.54796662E-02 0.51954416E-02 0.50835999E-02 0.51393730E-02 0.53608427E-02 0.57483074E-02 0.63037011E-02 0.70300397E-02 0.79308750E-02 0.90097413E-02 0.10269585E-01 0.11712173E-01 0.13337485E-01 0.15143088E-01 0.17123506E-01 0.19269592E-01
0.96245197E-01 0.11204683E+00 0.13080607E+00 0.15215482E+00 0.17429129E+00 0.19374424E+00 0.20617962E+00 0.20823748E+00 0.19931982E+00 0.18193286E+00 0.16029403E+00 0.13834157E+00 0.11849635E+00 0.10157462E+00 0.87375317E-01 0.75329839E-01 0.64907209E-01 0.55756307E-01 0.47688738E-01 0.40608588E-01 0.34451423E-01 0.29151461E-01 0.24631968E-01 0.20807858E-01 0.17592090E-01 0.14901583E-01 0.12661204E-01 0.10805803E-01 0.92807449E-02 0.80414726E-02 0.70525348E-02 0.62863953E-02 0.57222200E-02 0.53447475E-02 0.51432898E-02 0.51108682E-02 0.52434677E-02 0.55393831E-02 0.59986263E-02 0.66223694E-02 0.74124005E-02 0.83705777E-02 0.94982738E-02 0.10795809E-01 0.12261877E-01 0.13892966E-01 0.15682791E-01 0.17621750E-01
0.10494158E+00 0.12332652E+00 0.14578154E+00 0.17201963E+00 0.19983314E+00 0.22468475E+00 0.24074385E+00 0.24342333E+00 0.23190268E+00 0.20961458E+00 0.18227125E+00 0.15508726E+00 0.13112388E+00 0.11125998E+00 0.95053663E-01 0.81631228E-01 0.70214179E-01 0.60291308E-01 0.51586366E-01 0.43960860E-01 0.37330631E-01 0.31619500E-01 0.26743310E-01 0.22610302E-01 0.19127074E-01 0.16204588E-01 0.13762325E-01 0.11730379E-01 0.10049977E-01 0.86729602E-02 0.75607154E-02 0.66828863E-02 0.60160723E-02 0.55426330E-02 0.52496412E-02 0.51279883E-02 0.51716228E-02 0.53768904E-02 0.57419434E-02 0.62661906E-02 0.69497645E-02 0.77929904E-02 0.87958495E-02 0.99574364E-02 0.11275414E-01 0.12745473E-01 0.14360817E-01 0.16111671E-01
0.11259714E+00 0.13293715E+00 0.15816641E+00 0.18807358E+00 0.22016360E+00 0.24910225E+00 0.26791736E+00 0.27107601E+00 0.25758521E+00 0.23159221E+00 0.19995387E+00 0.16884686E+00 0.14179865E+00 0.11971772E+00 0.10197315E+00 0.87464074E-01 0.75232842E-01 0.64654840E-01 0.55392876E-01 0.47279685E-01 0.40218235E-01 0.34125688E-01 0.28912991E-01 0.24483740E-01 0.20739907E-01 0.17587988E-01 0.14943318E-01 0.12732253E-01 0.10892686E-01 0.93734904E-02 0.81333760E-02 0.71395281E-02 0.63662453E-02 0.57936967E-02 0.54068458E-02 0.51945431E-02 0.51487626E-02 0.52639499E-02 0.55364456E-02 0.59639524E-02 0.65450216E-02 0.72785433E-02 0.81632329E-02 0.91971121E-02 0.10376992E-01 0.11697965E-01 0.13152925E-01 0.14732116E-01
0.11887923E+00 0.14014758E+00 0.16654672E+00 0.19788006E+00 0.23155151E+00 0.26196155E+00 0.28176094E+00 0.28510450E+00 0.27094134E+00 0.24365275E+00 0.21047154E+00 0.17789179E+00 0.14959861E+00 0.12651881E+00 0.10797128E+00 0.92793542E-01 0.79980997E-01 0.68881336E-01 0.59144181E-01 0.50597168E-01 0.43141352E-01 0.36692476E-01 0.31159546E-01 0.26443587E-01 0.22443586E-01 0.19062931E-01 0.16213920E-01 0.13820061E-01 0.11816628E-01 0.10150079E-01 0.87768810E-02 0.76620917E-02 0.67779565E-02 0.61026355E-02 0.56191119E-02 0.53142836E-02 0.51782112E-02 0.52034844E-02 0.53846694E-02 0.57178019E-02 0.61999006E-02 0.68284837E-02 0.76010811E-02 0.85147419E-02 0.95655417E-02 0.10748104E-01 0.12055141E-01 0.13477044E-01
0.12386568E+00 0.14493115E+00 0.17069126E+00 0.20088027E+00 0.23300775E+00 0.26183097E+00 0.28053345E+00 0.28371730E+00 0.27041144E+00 0.24465408E+00 0.21313589E+00 0.18190796E+00 0.15446027E+00 0.13173807E+00 0.11318229E+00 0.97766722E-01 0.84595271E-01 0.73087695E-01 0.62935686E-01 0.53988911E-01 0.46158765E-01 0.39365042E-01 0.33517527E-01 0.28516313E-01 0.24258586E-01 0.20645523E-01 0.17587092E-01 0.15004510E-01 0.12830867E-01 0.11010564E-01 0.94981092E-02 0.82566643E-02 0.72566075E-02 0.64742339E-02 0.58906553E-02 0.54908959E-02 0.52631580E-02 0.51982143E-02 0.52888858E-02 0.55295678E-02 0.59157757E-02 0.64436927E-02 0.71097105E-02 0.79099630E-02 0.88398591E-02 0.98936252E-02 0.11063871E-01 0.12341195E-01
0.12812670E+00 0.14812673E+00 0.17185323E+00 0.19891545E+00 0.22709886E+00 0.25199971E+00 0.26802429E+00 0.27079194E+00 0.25951405E+00 0.23745281E+00 0.21006310E+00 0.18236888E+00 0.15738364E+00 0.13606054E+00 0.11809114E+00 0.10274062E+00 0.89346533E-01 0.77482543E-01 0.66928291E-01 0.57578097E-01 0.49363738E-01 0.42213216E-01 0.36038780E-01 0.30740288E-01 0.26213395E-01 0.22357160E-01 0.19079223E-01 0.16298486E-01 0.13945842E-01 0.11963644E-01 0.10304476E-01 0.89296661E-02 0.78077981E-02 0.69133780E-02 0.62257149E-02 0.57280175E-02 0.54066742E-02 0.52506729E-02 0.52511127E-02 0.54007664E-02 0.56936621E-02 0.61246659E-02 0.66890531E-02 0.73820691E-02 0.81984865E-02 0.91321673E-02 0.10175646E-01 0.11319748E-01
0.13262236E+00 0.15122219E+00 0.17234891E+00 0.19548276E+00 0.21877590E+00 0.23886156E+00 0.25162176E+00 0.25388923E+00 0.24509159E+00 0.22756640E+00 0.20528387E+00 0.18201142E+00 0.16015398E+00 0.14064627E+00 0.12347290E+00 0.10825697E+00 0.94630171E-01 0.82362678E-01 0.71347065E-01 0.61534875E-01 0.52883609E-01 0.45331157E-01 0.38792199E-01 0.33165581E-01 0.28344382E-01 0.24224448E-01 0.20710095E-01 0.17717065E-01 0.15173398E-01 0.13018921E-01 0.11203987E-01 0.96879077E-02 0.84373853E-02 0.74251125E-02 0.66286072E-02 0.60292886E-02 0.56117605E-02 0.53632512E-02 0.52731561E-02 0.53326374E-02 0.55342441E-02 0.58715297E-02 0.63386571E-02 0.69299868E-02 0.76396574E-02 0.84611663E-02 0.93869664E-02 0.10408093E-01
0.13848308E+00 0.15591445E+00 0.17473316E+00 0.19432004E+00 0.21319216E+00 0.22894428E+00 0.23878822E+00 0.24063331E+00 0.23409626E+00 0.22069353E+00 0.20306321E+00 0.18381966E+00 0.16478275E+00 0.14684492E+00 0.13025464E+00 0.11497720E+00 0.10093507E+00 0.88097151E-01 0.76472051E-01 0.66070404E-01 0.56875664E-01 0.48834425E-01 0.41861659E-01 0.35852565E-01 0.30694890E-01 0.26278667E-01 0.22502604E-01 0.19277405E-01 0.16526788E-01 0.14186979E-01 0.12205352E-01 0.10538716E-01 0.91516094E-02 0.80147611E-02 0.71038360E-02 0.63984515E-02 0.58814371E-02 0.55382788E-02 0.53566837E-02 0.53262128E-02 0.54379385E-02 0.56840988E-02 0.60577354E-02 0.65523110E-02 0.71613121E-02 0.78778470E-02 0.86942538E-02 0.96017336E-02
0.14679544E+00 0.16371372E+00 0.18110841E+00 0.19828937E+00 0.21406357E+00 0.22675347E+00 0.23454981E+00 0.23614069E+00 0.23127613E+00 0.22087530E+00 0.20659736E+00 0.19018977E+00 0.17301513E+00 0.15592299E+00 0.13936988E+00 0.12360491E+00 0.10880047E+00 0.95101388E-01 0.82621432E-01 0.71425265E-01 0.61518947E-01 0.52854200E-01 0.45342015E-01 0.38869231E-01 0.33313527E-01 0.28554756E-01 0.24482237E-01 0.20998549E-01 0.18020693E-01 0.15479521E-01 0.13318179E-01 0.11490156E-01 0.99573124E-02 0.86881283E-02 0.76562738E-02 0.68395095E-02 0.62188828E-02 0.57781479E-02 0.55033379E-02 0.53824218E-02 0.54049961E-02 0.55619753E-02 0.58452633E-02 0.62474000E-02 0.67611867E-02 0.73793006E-02 0.80939121E-02 0.88963219E-02
