examples/topond/topo_urea.SURFLAPP
DSAA
 101 101
-0.75589045E+01  0.75589045E+01  0.15117809E+00
-0.75589045E+01  0.75589045E+01  0.15117809E+00
 0.00000000E+00  0.00000000E+00
[rows 0 to 20 of 101, columns 0 to 47 of 101]
-0.17697476E+01 -0.17787406E+01 -0.17482694E+01 -0.15534707E+01 -0.10809336E+01 -0.40385763E+00 0.22446626E+00 0.57578902E+00 0.62886221E+00 0.51214262E+00 0.35583836E+00 0.22785625E+00 0.14518210E+00 0.10098988E+00 0.82225723E-01 0.77491515E-01 0.79483947E-01 0.85139358E-01 0.96973100E-01 0.12778320E+00 0.19699567E+00 0.28314487E+00 0.22962149E+00 -0.20959724E+00 -0.93451525E+00 -0.12961009E+01 -0.95948642E+00 -0.39573036E+00 -0.75262432E-01 0.81643998E-02 0.42776967E-01 0.12270801E+00 0.23494238E+00 0.34175415E+00 0.42263630E+00 0.47269610E+00 0.49228505E+00 0.48091178E+00 0.43521559E+00 0.35017216E+00 0.22425537E+00 0.67907016E-01 -0.92615568E-01 -0.21934756E+00 -0.20343293E+00 0.80330653E+00 0.90845612E+01 0.49706201E+02
0.80888474E-01 0.81701665E+00 -0.56617541E+00 -0.17869991E+01 -0.19063272E+01 -0.13209766E+01 -0.42732044E+00 0.29604037E+00 0.59854086E+00 0.57471297E+00 0.42403628E+00 0.27476657E+00 0.17091116E+00 0.11253869E+00 0.85962338E-01 0.77415729E-01 0.77523280E-01 0.81670562E-01 0.89797437E-01 0.10833484E+00 0.15072241E+00 0.22103509E+00 0.27678493E+00 0.23292270E+00 0.82678979E-01 -0.28641467E-01 -0.34301172E-02 0.69107889E-01 0.95173846E-01 0.99272101E-01 0.13839864E+00 0.22031091E+00 0.31614796E+00 0.39984877E+00 0.46144832E+00 0.50116374E+00 0.52140600E+00 0.52199923E+00 0.49861661E+00 0.44427919E+00 0.35441243E+00 0.23518073E+00 0.10934028E+00 0.17661423E-01 0.76031529E-01 0.10408454E+01 0.83097497E+01 0.43232292E+02
0.42629126E+02 0.57828140E+02 0.29249994E+02 0.41244713E+01 -0.17203224E+01 -0.19645129E+01 -0.11299133E+01 -0.12090481E+00 0.47474299E+00 0.59493398E+00 0.47667168E+00 0.31671939E+00 0.19540017E+00 0.12399402E+00 0.89796214E-01 0.77290406E-01 0.75264392E-01 0.77755941E-01 0.82940384E-01 0.92733542E-01 0.11321567E+00 0.15048233E+00 0.19782290E+00 0.22968046E+00 0.22559145E+00 0.19664299E+00 0.16398771E+00 0.13288248E+00 0.11139753E+00 0.11938790E+00 0.16473362E+00 0.23275364E+00 0.30200303E+00 0.35952129E+00 0.40247961E+00 0.43317871E+00 0.45424175E+00 0.46563515E+00 0.46348656E+00 0.44084059E+00 0.39118296E+00 0.31544571E+00 0.22904536E+00 0.16593633E+00 0.21414321E+00 0.80839330E+00 0.47759254E+01 0.23489288E+02
0.38708544E+03 0.55118397E+03 0.26138551E+03 0.51929340E+02 0.20213242E+01 -0.20645096E+01 -0.16273175E+01 -0.52705457E+00 0.30861839E+00 0.58052698E+00 0.50945036E+00 0.34872152E+00 0.21545549E+00 0.13379860E+00 0.93173928E-01 0.77056713E-01 0.72858406E-01 0.73626313E-01 0.76632816E-01 0.81670545E-01 0.90300731E-01 0.10483197E+00 0.12476594E+00 0.14311862E+00 0.14972500E+00 0.14034492E+00 0.12054709E+00 0.10251595E+00 0.99952869E-01 0.12048020E+00 0.16000058E+00 0.20664735E+00 0.24984646E+00 0.28509753E+00 0.31305425E+00 0.33655293E+00 0.35797048E+00 0.37742345E+00 0.39180263E+00 0.39481828E+00 0.37891147E+00 0.34024310E+00 0.28527646E+00 0.23496214E+00 0.23872846E+00 0.46776977E+00 0.18145526E+01 0.79879312E+01
0.12667329E+04 0.27509615E+03 0.10880741E+04 0.17687943E+03 0.12593085E+02 -0.16206468E+01 -0.18154674E+01 -0.78064532E+00 0.17864925E+00 0.55615593E+00 0.52489944E+00 0.36814445E+00 0.22865204E+00 0.14059961E+00 0.95545945E-01 0.76600163E-01 0.70390406E-01 0.69396709E-01 0.70556754E-01 0.73084522E-01 0.76989547E-01 0.82395759E-01 0.88835099E-01 0.94390204E-01 0.96217234E-01 0.93183410E-01 0.88207552E-01 0.87439888E-01 0.96387213E-01 0.11598582E+00 0.14215610E+00 0.16911294E+00 0.19300849E+00 0.21320050E+00 0.23141878E+00 0.25021945E+00 0.27155151E+00 0.29564612E+00 0.32021263E+00 0.34002788E+00 0.34753989E+00 0.33567721E+00 0.30279122E+00 0.25640013E+00 0.21600334E+00 0.22981211E+00 0.46778214E+00 0.15904569E+01
0.28346237E+03 -0.87354475E+05 0.12556602E+04 0.23754711E+03 0.18469732E+02 -0.11112148E+01 -0.17454176E+01 -0.81668143E+00 0.14503697E+00 0.54689995E+00 0.52866124E+00 0.37467132E+00 0.23385915E+00 0.14365278E+00 0.96590118E-01 0.75855162E-01 0.67930792E-01 0.65183965E-01 0.64542818E-01 0.65248167E-01 0.67159989E-01 0.69986122E-01 0.73133545E-01 0.75819890E-01 0.77445108E-01 0.78266624E-01 0.79816372E-01 0.84274074E-01 0.92974507E-01 0.10535192E+00 0.11936150E+00 0.13295090E+00 0.14530076E+00 0.15711427E+00 0.17013228E+00 0.18634804E+00 0.20723677E+00 0.23309312E+00 0.26242819E+00 0.29139983E+00 0.31357229E+00 0.32083554E+00 0.30611125E+00 0.26635595E+00 0.20302503E+00 0.12134924E+00 0.35264683E-01 0.20480419E-03
0.10605849E+04 0.12442691E+04 0.70515760E+03 0.12731503E+03 0.10316386E+02 -0.10533578E+01 -0.15160848E+01 -0.64723153E+00 0.21893022E+00 0.56094745E+00 0.52397345E+00 0.36923452E+00 0.23128459E+00 0.14300313E+00 0.96336851E-01 0.74870506E-01 0.65565797E-01 0.61126572E-01 0.58687613E-01 0.57652122E-01 0.58044819E-01 0.59721435E-01 0.62234800E-01 0.65035414E-01 0.67766702E-01 0.70492858E-01 0.73692960E-01 0.77932450E-01 0.83405866E-01 0.89755713E-01 0.96368481E-01 0.10291475E+00 0.10972933E+00 0.11782860E+00 0.12863169E+00 0.14356300E+00 0.16367672E+00 0.18934458E+00 0.21993708E+00 0.25336168E+00 0.28541006E+00 0.30920977E+00 0.31543779E+00 0.29352479E+00 0.23273947E+00 0.12225635E+00 -0.47378193E-01 -0.27495977E+00
0.18540051E+03 0.24688560E+03 0.13263855E+03 0.29733570E+02 0.22170065E+01 -0.12013287E+01 -0.11766892E+01 -0.33415214E+00 0.36082522E+00 0.58487345E+00 0.50929127E+00 0.35315787E+00 0.22220690E+00 0.13940761E+00 0.95147450E-01 0.73803094E-01 0.63392441E-01 0.57353595E-01 0.53190301E-01 0.50467205E-01 0.49325389E-01 0.49763158E-01 0.51480796E-01 0.54010120E-01 0.56916244E-01 0.59938592E-01 0.63005825E-01 0.66138823E-01 0.69340356E-01 0.72588848E-01 0.75963009E-01 0.79803619E-01 0.84786501E-01 0.91851856E-01 0.10203079E+00 0.11626347E+00 0.13530092E+00 0.15972513E+00 0.18999954E+00 0.22627928E+00 0.26756801E+00 0.30992783E+00 0.34405235E+00 0.35345188E+00 0.31509592E+00 0.20415998E+00 0.40641058E-02 -0.27782372E+00
0.19195568E+02 0.25071857E+02 0.13913397E+02 0.31023950E+01 -0.54844188E+00 -0.12021712E+01 -0.73773628E+00 0.25781097E-01 0.50273086E+00 0.59417291E+00 0.48086225E+00 0.32819592E+00 0.20861788E+00 0.13406705E+00 0.93567567E-01 0.72848714E-01 0.61485917E-01 0.53949331E-01 0.48214313E-01 0.43978160E-01 0.41403855E-01 0.40526958E-01 0.41119264E-01 0.42771255E-01 0.45032270E-01 0.47523340E-01 0.49992040E-01 0.52319974E-01 0.54518513E-01 0.56743784E-01 0.59328252E-01 0.62793486E-01 0.67807697E-01 0.75086067E-01 0.85281080E-01 0.98951658E-01 0.11671320E+00 0.13961570E+00 0.16961422E+00 0.20966509E+00 0.26262765E+00 0.32810698E+00 0.39711052E+00 0.44634401E+00 0.43691479E+00 0.32389987E+00 0.79398471E-01 -0.27920691E+00
0.39471983E+00 0.77262978E+00 0.28164055E-01 -0.88459215E+00 -0.12266653E+01 -0.93019465E+00 -0.26796707E+00 0.32021157E+00 0.58330613E+00 0.57010190E+00 0.43734171E+00 0.29700146E+00 0.19285087E+00 0.12828081E+00 0.92129813E-01 0.72152252E-01 0.59863639E-01 0.50932503E-01 0.43834159E-01 0.38355684E-01 0.34608303E-01 0.32585573E-01 0.32070538E-01 0.32699366E-01 0.34064531E-01 0.35804627E-01 0.37665519E-01 0.39536339E-01 0.41469642E-01 0.43689542E-01 0.46579733E-01 0.50636751E-01 0.56382815E-01 0.64261113E-01 0.74581251E-01 0.87632442E-01 0.10410162E+00 0.12584511E+00 0.15676952E+00 0.20307213E+00 0.27156788E+00 0.36466564E+00 0.47136772E+00 0.55673487E+00 0.55862786E+00 0.40576176E+00 0.61750138E-01 -0.43013455E+00
-0.16591213E+01 -0.16625242E+01 -0.16465450E+01 -0.15034235E+01 -0.11103223E+01 -0.50531573E+00 0.93434993E-01 0.46941697E+00 0.57699506E+00 0.50997083E+00 0.38215288E+00 0.26313990E+00 0.17718314E+00 0.12313565E+00 0.91190983E-01 0.71746081E-01 0.58471602E-01 0.48258559E-01 0.40037049E-01 0.33627252E-01 0.29036413E-01 0.26169878E-01 0.24786016E-01 0.24551576E-01 0.25118373E-01 0.26190124E-01 0.27572357E-01 0.29206266E-01 0.31186588E-01 0.33758346E-01 0.37282506E-01 0.42162209E-01 0.48736100E-01 0.57179767E-01 0.67513299E-01 0.79877732E-01 0.95256159E-01 0.11665553E+00 0.15031775E+00 0.20584089E+00 0.29341072E+00 0.41594230E+00 0.55469741E+00 0.65236715E+00 0.61150017E+00 0.33703416E+00 -0.17872868E+00 -0.80913912E+00
-0.17151225E+01 -0.17862459E+01 -0.16296555E+01 -0.12566533E+01 -0.72695274E+00 -0.17355722E+00 0.25032071E+00 0.46560145E+00 0.49742674E+00 0.42514773E+00 0.32218758E+00 0.23041474E+00 0.16345540E+00 0.11931048E+00 0.90860624E-01 0.71544614E-01 0.57203573E-01 0.45845238E-01 0.36753338E-01 0.29717984E-01 0.24607530E-01 0.21216443E-01 0.19260009E-01 0.18421700E-01 0.18406965E-01 0.18988235E-01 0.20039164E-01 0.21558027E-01 0.23676779E-01 0.26646843E-01 0.30790048E-01 0.36408029E-01 0.43664064E-01 0.52497132E-01 0.62703233E-01 0.74398274E-01 0.89066561E-01 0.11113365E+00 0.14937022E+00 0.21655663E+00 0.32490285E+00 0.47368256E+00 0.62632183E+00 0.68580954E+00 0.50870150E+00 0.13442039E-01 -0.66975969E+00 -0.12387971E+01
-0.13008418E+01 -0.13719731E+01 -0.12177641E+01 -0.88075470E+00 -0.45580329E+00 -0.58768920E-01 0.22179215E+00 0.35822381E+00 0.37812540E+00 0.33221936E+00 0.26488830E+00 0.20200619E+00 0.15282037E+00 0.11702813E+00 0.91028304E-01 0.71390134E-01 0.55943405E-01 0.43609790E-01 0.33896888E-01 0.26506774E-01 0.21150588E-01 0.17506221E-01 0.15239641E-01 0.14041311E-01 0.13658769E-01 0.13922158E-01 0.14763930E-01 0.16231843E-01 0.18489440E-01 0.21792537E-01 0.26428325E-01 0.32610984E-01 0.40354805E-01 0.49405107E-01 0.59402081E-01 0.70542237E-01 0.84953106E-01 0.10860248E+00 0.15273293E+00 0.23271579E+00 0.36076368E+00 0.52664576E+00 0.66214030E+00 0.61096206E+00 0.19178613E+00 -0.56134517E+00 -0.12182064E+01 -0.12527290E+01
-0.99738954E+00 -0.10512621E+01 -0.93506384E+00 -0.68807096E+00 -0.38671247E+00 -0.10872996E+00 0.95330222E-01 0.21120380E+00 0.25271557E+00 0.24607402E+00 0.21620824E+00 0.17995611E+00 0.14568395E+00 0.11612947E+00 0.91453792E-01 0.71120491E-01 0.54608967E-01 0.41501092E-01 0.31398501E-01 0.23873068E-01 0.18476742E-01 0.14777822E-01 0.12395326E-01 0.11021726E-01 0.10436194E-01 0.10513687E-01 0.11232901E-01 0.12681149E-01 0.15048241E-01 0.18595618E-01 0.23585526E-01 0.30164664E-01 0.38230404E-01 0.47380392E-01 0.57159271E-01 0.67910856E-01 0.82447313E-01 0.10821751E+00 0.15863127E+00 0.25082135E+00 0.39479081E+00 0.56476662E+00 0.64781280E+00 0.41691606E+00 -0.30753607E+00 -0.12417430E+01 -0.15734587E+01 -0.23357695E+00
-0.88846933E+00 -0.93012636E+00 -0.84051416E+00 -0.65263875E+00 -0.42583572E+00 -0.21250357E+00 -0.41892785E-01 0.77026816E-01 0.14724840E+00 0.17776589E+00 0.18000772E+00 0.16507257E+00 0.14180423E+00 0.11620972E+00 0.91868542E-01 0.70625024E-01 0.53178402E-01 0.39514532E-01 0.29222363E-01 0.21723200E-01 0.16422450E-01 0.12794658E-01 0.10419796E-01 0.89911370E-02 0.83117517E-02 0.82904277E-02 0.89407289E-02 0.10380181E-01 0.12819641E-01 0.16527129E-01 0.21749297E-01 0.28585508E-01 0.36848909E-01 0.46033115E-01 0.55630505E-01 0.66143942E-01 0.80990336E-01 0.10884593E+00 0.16478727E+00 0.26688879E+00 0.42149015E+00 0.58421490E+00 0.59263843E+00 0.15383357E+00 -0.86228940E+00 -0.18713810E+01 -0.17439482E+01 0.45076895E+01
-0.67844374E+00 -0.69099573E+00 -0.66139137E+00 -0.57237700E+00 -0.43083767E+00 -0.27356627E+00 -0.12871662E+00 -0.91864812E-02 0.79175600E-01 0.13421263E+00 0.15795974E+00 0.15702528E+00 0.14046297E+00 0.11675770E+00 0.92049653E-01 0.69869168E-01 0.51691112E-01 0.37687382E-01 0.27364704E-01 0.19996249E-01 0.14864697E-01 0.11371745E-01 0.90689270E-02 0.76512893E-02 0.69402800E-02 0.68696512E-02 0.74781868E-02 0.89051159E-02 0.11376815E-01 0.15167475E-01 0.20515661E-01 0.27492018E-01 0.35856800E-01 0.45038080E-01 0.54498437E-01 0.64853273E-01 0.79926388E-01 0.10919792E+00 0.16878540E+00 0.27713758E+00 0.43719320E+00 0.58898370E+00 0.53002307E+00 -0.80222981E-01 -0.13153079E+01 -0.23885723E+01 -0.19041341E+01 0.18215409E+02
0.15779653E+01 0.18999232E+01 0.12525289E+01 0.37219469E+00 -0.87508371E-01 -0.17829818E+00 -0.12242808E+00 -0.30279578E-01 0.55315714E-01 0.11701113E+00 0.14925456E+00 0.15446449E+00 0.14064764E+00 0.11726632E+00 0.91854732E-01 0.68888057E-01 0.50228508E-01 0.36080472E-01 0.25840663E-01 0.18656163E-01 0.13717600E-01 0.10376320E-01 0.81664134E-02 0.67863557E-02 0.60717004E-02 0.59737854E-02 0.65481776E-02 0.79477903E-02 0.10408448E-01 0.14208550E-01 0.19583966E-01 0.26593134E-01 0.34972432E-01 0.44117215E-01 0.53464803E-01 0.63650770E-01 0.78619499E-01 0.10811001E+00 0.16858477E+00 0.27860934E+00 0.43984483E+00 0.58621711E+00 0.49854404E+00 -0.18708128E+00 -0.15367720E+01 -0.27308551E+01 -0.23079793E+01 0.27181058E+02
0.16704408E+02 0.19332949E+02 0.14002693E+02 0.63346434E+01 0.18154828E+01 0.33332914E+00 0.23408015E-01 0.15239033E-01 0.70037289E-01 0.12122849E+00 0.15040483E+00 0.15521303E+00 0.14123491E+00 0.11731247E+00 0.91227468E-01 0.67762089E-01 0.48885551E-01 0.34755052E-01 0.24667038E-01 0.17678341E-01 0.12920616E-01 0.97161995E-02 0.75915220E-02 0.62498799E-02 0.55371835E-02 0.54159355E-02 0.59508517E-02 0.73007873E-02 0.97043886E-02 0.13440862E-01 0.18746591E-01 0.25681713E-01 0.33984741E-01 0.43046739E-01 0.52275178E-01 0.62213535E-01 0.76603472E-01 0.10484501E+00 0.16300906E+00 0.26962794E+00 0.42800877E+00 0.57848602E+00 0.51558633E+00 -0.11853923E+00 -0.14471954E+01 -0.27696226E+01 -0.29430824E+01 0.14182291E+02
0.79537783E+02 0.95138677E+02 0.64897452E+02 0.28858516E+02 0.86312946E+01 0.18322369E+01 0.36331549E+00 0.11537450E+00 0.10752996E+00 0.13655330E+00 0.15593550E+00 0.15669925E+00 0.14120236E+00 0.11661949E+00 0.90189522E-01 0.66588259E-01 0.47743444E-01 0.33752175E-01 0.23847093E-01 0.17036911E-01 0.12425829E-01 0.93255308E-02 0.72625653E-02 0.59457868E-02 0.52280457E-02 0.50773155E-02 0.55605518E-02 0.68351470E-02 0.91356174E-02 0.12737357E-01 0.17878215E-01 0.24630670E-01 0.32757667E-01 0.41671872E-01 0.50748520E-01 0.60338979E-01 0.73684654E-01 0.99279343E-01 0.15205778E+00 0.25017154E+00 0.40064220E+00 0.56024439E+00 0.56393561E+00 0.96010400E-01 -0.10468334E+01 -0.24097126E+01 -0.30953039E+01 0.56246161E+00
0.26260113E+03 0.26861972E+03 0.22565365E+03 0.82205842E+02 0.22929829E+02 0.47202613E+01 0.88062798E+00 0.23762628E+00 0.14697862E+00 0.15120358E+00 0.16020825E+00 0.15668711E+00 0.13987431E+00 0.11510766E+00 0.88826445E-01 0.65454496E-01 0.46848813E-01 0.33078640E-01 0.23360685E-01 0.16696069E-01 0.12188342E-01 0.91530205E-02 0.71225035E-02 0.58114460E-02 0.50766739E-02 0.48867850E-02 0.53049604E-02 0.64803404E-02 0.86364168E-02 0.12039244E-01 0.16926777E-01 0.23390519E-01 0.31235457E-01 0.39920270E-01 0.48796965E-01 0.57965173E-01 0.69952738E-01 0.91897932E-01 0.13691739E+00 0.22209906E+00 0.35832581E+00 0.52234253E+00 0.60280867E+00 0.35905036E+00 -0.44951652E+00 -0.16637887E+01 -0.26138341E+01 -0.25515956E+01
-0.27742047E+03 -0.50387569E+04 0.21459824E+03 0.15808753E+03 0.37785186E+02 0.76298809E+01 0.13335052E+01 0.32459888E+00 0.16904402E+00 0.15665708E+00 0.15963317E+00 0.15406940E+00 0.13713109E+00 0.11291280E+00 0.87263950E-01 0.64417710E-01 0.46201010E-01 0.32700890E-01 0.23160870E-01 0.16606583E-01 0.12161087E-01 0.91543906E-02 0.71289761E-02 0.58055371E-02 0.50427071E-02 0.48059959E-02 0.51499714E-02 0.62097367E-02 0.81913723E-02 0.11345558E-01 0.15906743E-01 0.21987630E-01 0.29446948E-01 0.37811490E-01 0.46433619E-01 0.55156825E-01 0.65704202E-01 0.83598423E-01 0.11962772E+00 0.18895001E+00 0.30473215E+00 0.46063115E+00 0.59572672E+00 0.55668479E+00 0.13648090E+00 -0.71164396E+00 -0.16609099E+01 -0.22295027E+01
