examples/topond/topo_ureaCrys.SURFLAPP
DSAA
 161 161
-0.75589045E+01  0.75589045E+01  0.94486307E-01
-0.75589045E+01  0.75589045E+01  0.94486307E-01
 0.00000000E+00  0.00000000E+00
[rows 63 to 83 of 161, columns 0 to 47 of 161]
0.72154890E-01 0.72621152E-01 0.72503431E-01 0.71806093E-01 0.70554769E-01 0.68794467E-01 0.66586319E-01 0.64003289E-01 0.61125295E-01 0.58034224E-01 0.54809321E-01 0.51523365E-01 0.48239936E-01 0.45011924E-01 0.41881271E-01 0.38879817E-01 0.36030972E-01 0.33351884E-01 0.30855747E-01 0.28553928E-01 0.26457656E-01 0.24579121E-01 0.22931962E-01 0.21531238E-01 0.20393119E-01 0.19534634E-01 0.18973915E-01 0.18731465E-01 0.18832917E-01 0.19313787E-01 0.20226434E-01 0.21649129E-01 0.23696575E-01 0.26530421E-01 0.30367280E-01 0.35480489E-01 0.42190345E-01 0.50835864E-01 0.61719389E-01 0.75014539E-01 0.90629413E-01 0.10802470E+00 0.12600785E+00 0.14257272E+00 0.15494183E+00 0.16007605E+00 0.15590063E+00 0.14300779E+00
0.66773443E-01 0.67195540E-01 0.67088987E-01 0.66457569E-01 0.65323539E-01 0.63726059E-01 0.61718511E-01 0.59364931E-01 0.56735921E-01 0.53904424E-01 0.50941774E-01 0.47914366E-01 0.44881218E-01 0.41892573E-01 0.38989555E-01 0.36204763E-01 0.33563609E-01 0.31086068E-01 0.28788581E-01 0.26685801E-01 0.24791944E-01 0.23121629E-01 0.21690182E-01 0.20513498E-01 0.19607700E-01 0.18988958E-01 0.18673954E-01 0.18681502E-01 0.19035996E-01 0.19773149E-01 0.20948365E-01 0.22647679E-01 0.25000526E-01 0.28192770E-01 0.32477254E-01 0.38177800E-01 0.45681010E-01 0.55408318E-01 0.67758702E-01 0.83010788E-01 0.10117325E+00 0.12177856E+00 0.14363411E+00 0.16458895E+00 0.18145618E+00 0.19033629E+00 0.18761302E+00 0.17156337E+00
0.62429759E-01 0.62819554E-01 0.62721169E-01 0.62137960E-01 0.61089669E-01 0.59611134E-01 0.57750026E-01 0.55563845E-01 0.53116443E-01 0.50474385E-01 0.47703499E-01 0.44865924E-01 0.42017876E-01 0.39208303E-01 0.36478443E-01 0.33862196E-01 0.31387162E-01 0.29076065E-01 0.26948304E-01 0.25021399E-01 0.23312069E-01 0.21836880E-01 0.20612399E-01 0.19654985E-01 0.18980440E-01 0.18603928E-01 0.18540645E-01 0.18807919E-01 0.19429383E-01 0.20441869E-01 0.21905399E-01 0.23916215E-01 0.26622044E-01 0.30237816E-01 0.35058826E-01 0.41466960E-01 0.49923975E-01 0.60943819E-01 0.75033479E-01 0.92589229E-01 0.11373369E+00 0.13808321E+00 0.16445144E+00 0.19053626E+00 0.21271213E+00 0.22615498E+00 0.22558309E+00 0.20671049E+00
0.58948180E-01 0.59314628E-01 0.59222147E-01 0.58673778E-01 0.57687413E-01 0.56294706E-01 0.54539151E-01 0.52473510E-01 0.50156803E-01 0.47651126E-01 0.45018587E-01 0.42318630E-01 0.39605959E-01 0.36929208E-01 0.34330401E-01 0.31845139E-01 0.29503378E-01 0.27330570E-01 0.25348951E-01 0.23578713E-01 0.22038895E-01 0.20747865E-01 0.19723354E-01 0.18982196E-01 0.18539998E-01 0.18411143E-01 0.18609744E-01 0.19152243E-01 0.20062438E-01 0.21379684E-01 0.23170706E-01 0.25544943E-01 0.28672469E-01 0.32802457E-01 0.38278835E-01 0.45548440E-01 0.55155336E-01 0.67712920E-01 0.83842438E-01 0.10406255E+00 0.12861135E+00 0.15718373E+00 0.18858186E+00 0.22031541E+00 0.24826267E+00 0.26660633E+00 0.26833838E+00 0.24654368E+00
0.56221522E-01 0.56571286E-01 0.56483026E-01 0.55959545E-01 0.55017361E-01 0.53685774E-01 0.52005204E-01 0.50024962E-01 0.47800607E-01 0.45391125E-01 0.42856165E-01 0.40253581E-01 0.37637473E-01 0.35056862E-01 0.32555062E-01 0.30169707E-01 0.27933310E-01 0.25874173E-01 0.24017442E-01 0.22386078E-01 0.21001569E-01 0.19884281E-01 0.19053407E-01 0.18526655E-01 0.18319920E-01 0.18447421E-01 0.18922944E-01 0.19763014E-01 0.20992886E-01 0.22656226E-01 0.24828948E-01 0.27637049E-01 0.31277297E-01 0.36038351E-01 0.42318599E-01 0.50635608E-01 0.61620674E-01 0.75989719E-01 0.94478173E-01 0.11772191E+00 0.14606058E+00 0.17923906E+00 0.21599627E+00 0.25357249E+00 0.28724317E+00 0.31009609E+00 0.31336377E+00 0.28759877E+00
0.54198429E-01 0.54536382E-01 0.54451111E-01 0.53945237E-01 0.53034224E-01 0.51745564E-01 0.50117339E-01 0.48196258E-01 0.46035320E-01 0.43691286E-01 0.41222171E-01 0.38684964E-01 0.36133774E-01 0.33618510E-01 0.31184184E-01 0.28870799E-01 0.26713725E-01 0.24744413E-01 0.22991250E-01 0.21480350E-01 0.20236127E-01 0.19281508E-01 0.18637803E-01 0.18324342E-01 0.18358153E-01 0.18754223E-01 0.19527060E-01 0.20694496E-01 0.22284776E-01 0.24347874E-01 0.26971546E-01 0.30301832E-01 0.34566541E-01 0.40098835E-01 0.47356702E-01 0.56932820E-01 0.69548044E-01 0.86019447E-01 0.10718918E+00 0.13379309E+00 0.16623916E+00 0.20426367E+00 0.24644771E+00 0.28962486E+00 0.32830037E+00 0.35432258E+00 0.35715315E+00 0.32507909E+00
0.52866479E-01 0.53196061E-01 0.53112911E-01 0.52619499E-01 0.51730413E-01 0.50471647E-01 0.48879350E-01 0.46998093E-01 0.44878803E-01 0.42576497E-01 0.40147999E-01 0.37649846E-01 0.35136527E-01 0.32659195E-01 0.30264916E-01 0.27996444E-01 0.25892446E-01 0.23988033E-01 0.22315438E-01 0.20904642E-01 0.19783792E-01 0.18979308E-01 0.18515629E-01 0.18414782E-01 0.18696062E-01 0.19376397E-01 0.20472241E-01 0.22004060E-01 0.24004626E-01 0.26532131E-01 0.29688659E-01 0.33643509E-01 0.38659472E-01 0.45118612E-01 0.53542648E-01 0.64602025E-01 0.79106559E-01 0.97968007E-01 0.12211914E+00 0.15236386E+00 0.18912152E+00 0.23202524E+00 0.27935335E+00 0.32733555E+00 0.36948528E+00 0.39625185E+00 0.39539641E+00 0.35346837E+00
0.52232547E-01 0.52555992E-01 0.52474400E-01 0.51990099E-01 0.51116860E-01 0.49879279E-01 0.48311696E-01 0.46456677E-01 0.44363202E-01 0.42084655E-01 0.39676786E-01 0.37195798E-01 0.34696721E-01 0.32232172E-01 0.29851591E-01 0.27600923E-01 0.25522704E-01 0.23656438E-01 0.22039088E-01 0.20705529E-01 0.19688819E-01 0.19020117E-01 0.18728338E-01 0.18839581E-01 0.19376761E-01 0.20360037E-01 0.21809022E-01 0.23747992E-01 0.26215441E-01 0.29279178E-01 0.33057413E-01 0.37745068E-01 0.43642879E-01 0.51185021E-01 0.60959588E-01 0.73715300E-01 0.90346853E-01 0.11184830E+00 0.13921654E+00 0.17327424E+00 0.21436743E+00 0.26189091E+00 0.31362416E+00 0.36494523E+00 0.40813342E+00 0.43214212E+00 0.42332279E+00 0.36746651E+00
0.52302987E-01 0.52621476E-01 0.52541145E-01 0.52064177E-01 0.51203498E-01 0.49982249E-01 0.48432857E-01 0.46595750E-01 0.44517782E-01 0.42250511E-01 0.39848408E-01 0.37367196E-01 0.34862371E-01 0.32388082E-01 0.29996379E-01 0.27736846E-01 0.25656571E-01 0.23800356E-01 0.22211023E-01 0.20929679E-01 0.19995754E-01 0.19446755E-01 0.19317693E-01 0.19640330E-01 0.20442661E-01 0.21749330E-01 0.23584071E-01 0.25975600E-01 0.28968526E-01 0.32640528E-01 0.37126297E-01 0.42647071E-01 0.49542620E-01 0.58300457E-01 0.69575425E-01 0.84192157E-01 0.10312184E+00 0.12742128E+00 0.15811288E+00 0.19596886E+00 0.24114735E+00 0.29263007E+00 0.34745951E+00 0.39989199E+00 0.44077438E+00 0.45765182E+00 0.43616745E+00 0.36299755E+00
0.53067940E-01 0.53381795E-01 0.53302645E-01 0.52832519E-01 0.51983432E-01 0.50776943E-01 0.49243370E-01 0.47420711E-01 0.45353332E-01 0.43090525E-01 0.40685032E-01 0.38191653E-01 0.35666025E-01 0.33163662E-01 0.30739304E-01 0.28446525E-01 0.26337637E-01 0.24463739E-01 0.22874809E-01 0.21619726E-01 0.20746052E-01 0.20299487E-01 0.20322993E-01 0.20855709E-01 0.21932141E-01 0.23582391E-01 0.25834677E-01 0.28721805E-01 0.32293374E-01 0.36635215E-01 0.41896382E-01 0.48322262E-01 0.56289679E-01 0.66337464E-01 0.79184203E-01 0.95724113E-01 0.11699107E+00 0.14407661E+00 0.17797652E+00 0.21932293E+00 0.26794357E+00 0.32220168E+00 0.37814555E+00 0.42866573E+00 0.46310985E+00 0.46802379E+00 0.42961361E+00 0.33783192E+00
0.54496294E-01 0.54805455E-01 0.54727502E-01 0.54264308E-01 0.53426982E-01 0.52235481E-01 0.50717925E-01 0.48909682E-01 0.46852288E-01 0.44592283E-01 0.42180073E-01 0.39668876E-01 0.37113844E-01 0.34571370E-01 0.32098627E-01 0.29753282E-01 0.27593364E-01 0.25677158E-01 0.24063102E-01 0.22809501E-01 0.21973940E-01 0.21612333E-01 0.21777551E-01 0.22517829E-01 0.23875391E-01 0.25886212E-01 0.28582343E-01 0.31998706E-01 0.36186479E-01 0.41234806E-01 0.47301204E-01 0.54648654E-01 0.63684292E-01 0.74991432E-01 0.89344488E-01 0.10769568E+00 0.13112126E+00 0.16071027E+00 0.19736649E+00 0.24147448E+00 0.29236970E+00 0.34757966E+00 0.40191860E+00 0.44675427E+00 0.47008700E+00 0.45828447E+00 0.39997558E+00 0.29133986E+00
0.56550336E-01 0.56855491E-01 0.56778556E-01 0.56321296E-01 0.55494167E-01 0.54315912E-01 0.52812875E-01 0.51018123E-01 0.48970475E-01 0.46713550E-01 0.44294936E-01 0.41765535E-01 0.39179111E-01 0.36592041E-01 0.34063191E-01 0.31653891E-01 0.29427882E-01 0.27451174E-01 0.25791717E-01 0.24518734E-01 0.23701685E-01 0.23408702E-01 0.23704496E-01 0.24647922E-01 0.26289676E-01 0.28671153E-01 0.31826085E-01 0.35787232E-01 0.40600651E-01 0.46349643E-01 0.53188861E-01 0.61386126E-01 0.71365515E-01 0.83741282E-01 0.99329348E-01 0.11912200E+00 0.14421057E+00 0.17563593E+00 0.21413386E+00 0.25972344E+00 0.31108177E+00 0.36469970E+00 0.41397917E+00 0.44875230E+00 0.45609197E+00 0.42340006E+00 0.34396997E+00 0.22324604E+00
0.59231052E-01 0.59535917E-01 0.59459051E-01 0.59002252E-01 0.58176115E-01 0.56999484E-01 0.55498524E-01 0.53705605E-01 0.51658156E-01 0.49397717E-01 0.46969263E-01 0.44420933E-01 0.41804119E-01 0.39173828E-01 0.36589185E-01 0.34113910E-01 0.31816606E-01 0.29770714E-01 0.28054039E-01 0.26747720E-01 0.25934566E-01 0.25696649E-01 0.26112162E-01 0.27251703E-01 0.29174491E-01 0.31925666E-01 0.35536530E-01 0.40030422E-01 0.45437345E-01 0.51819968E-01 0.59311834E-01 0.68164910E-01 0.78798534E-01 0.91836407E-01 0.10811447E+00 0.12864079E+00 0.15448843E+00 0.18659819E+00 0.22545675E+00 0.27060008E+00 0.31989725E+00 0.36865029E+00 0.40877400E+00 0.42872995E+00 0.41532860E+00 0.35843798E+00 0.25821616E+00 0.13188098E+00
0.62664795E-01 0.62980122E-01 0.62900591E-01 0.62428335E-01 0.61575871E-01 0.60365129E-01 0.58825884E-01 0.56993855E-01 0.54908858E-01 0.52613339E-01 0.50151534E-01 0.47569423E-01 0.44915382E-01 0.42241411E-01 0.39604615E-01 0.37068621E-01 0.34704627E-01 0.32591797E-01 0.30816857E-01 0.29472735E-01 0.28656165E-01 0.28464195E-01 0.28989522E-01 0.30314919E-01 0.32507226E-01 0.35612161E-01 0.39652166E-01 0.44630434E-01 0.50545052E-01 0.57416805E-01 0.65332073E-01 0.74497769E-01 0.85298553E-01 0.98339168E-01 0.11444893E+00 0.13462358E+00 0.15988085E+00 0.19100563E+00 0.22815324E+00 0.27026891E+00 0.31429917E+00 0.35428331E+00 0.38070712E+00 0.38100143E+00 0.34252180E+00 0.25895995E+00 0.13897147E+00 0.12923587E-01
0.67237789E-01 0.67587605E-01 0.67499307E-01 0.66975940E-01 0.66035276E-01 0.64708031E-01 0.63034938E-01 0.61063203E-01 0.58842983E-01 0.56424518E-01 0.53856428E-01 0.51185429E-01 0.48457483E-01 0.45720098E-01 0.43025269E-01 0.40432508E-01 0.38011319E-01 0.35842672E-01 0.34019111E-01 0.32643294E-01 0.31824848E-01 0.31675483E-01 0.32302339E-01 0.33799787E-01 0.36240191E-01 0.39665087E-01 0.44079221E-01 0.49451393E-01 0.55727083E-01 0.62857870E-01 0.70850289E-01 0.79831177E-01 0.90117307E-01 0.10226628E+00 0.11707717E+00 0.13550782E+00 0.15848151E+00 0.18656348E+00 0.21948686E+00 0.25550423E+00 0.29056641E+00 0.31747094E+00 0.32547797E+00 0.30146884E+00 0.23414704E+00 0.12199364E+00 -0.17223095E-01 -0.14023215E+00
0.73774863E-01 0.74205136E-01 0.74096412E-01 0.73453608E-01 0.72305337E-01 0.70700704E-01 0.68704006E-01 0.66388187E-01 0.63828161E-01 0.61095080E-01 0.58252501E-01 0.55355023E-01 0.52449521E-01 0.49578629E-01 0.46785736E-01 0.44120492E-01 0.41643800E-01 0.39431383E-01 0.37575256E-01 0.36182696E-01 0.35372526E-01 0.35268651E-01 0.35990852E-01 0.37643077E-01 0.40299825E-01 0.43992155E-01 0.48696300E-01 0.54329729E-01 0.60761324E-01 0.67843065E-01 0.75468072E-01 0.83652274E-01 0.92623196E-01 0.10288240E+00 0.11519601E+00 0.13046991E+00 0.14948484E+00 0.17248984E+00 0.19866155E+00 0.22543113E+00 0.24770406E+00 0.25715154E+00 0.24215659E+00 0.18963540E+00 0.90314441E-01 -0.52168335E-01 -0.21153095E+00 -0.33368691E+00
0.83743499E-01 0.84332879E-01 0.84183798E-01 0.83304505E-01 0.81742963E-01 0.79581436E-01 0.76927393E-01 0.73902113E-01 0.70628699E-01 0.67221318E-01 0.63777270E-01 0.60373013E-01 0.57064585E-01 0.53892118E-01 0.50887404E-01 0.48083033E-01 0.45521368E-01 0.43261792E-01 0.41384958E-01 0.39993232E-01 0.39206968E-01 0.39156483E-01 0.39969825E-01 0.41756608E-01 0.44588656E-01 0.48479200E-01 0.53364218E-01 0.59092302E-01 0.65432470E-01 0.72111272E-01 0.78887726E-01 0.85662700E-01 0.92596229E-01 0.10017839E+00 0.10918472E+00 0.12046498E+00 0.13456356E+00 0.15121971E+00 0.16880472E+00 0.18372025E+00 0.18977741E+00 0.17772953E+00 0.13557462E+00 0.50924516E-01 -0.82974607E-01 -0.25756580E+00 -0.43969312E+00 -0.56807164E+00
0.99445828E-01 0.10031738E+00 0.10009678E+00 0.98797659E-01 0.96499305E-01 0.93338065E-01 0.89492700E-01 0.85165750E-01 0.80563434E-01 0.75876870E-01 0.71267207E-01 0.66856655E-01 0.62726465E-01 0.58921762E-01 0.55462000E-01 0.52354944E-01 0.49611539E-01 0.47259052E-01 0.45350272E-01 0.43967229E-01 0.43218615E-01 0.43230684E-01 0.44131731E-01 0.46030623E-01 0.48990310E-01 0.52998478E-01 0.57940082E-01 0.63580501E-01 0.69573787E-01 0.75513919E-01 0.81042804E-01 0.86006451E-01 0.90608105E-01 0.95461540E-01 0.10144083E+00 0.10928960E+00 0.11906975E+00 0.12960628E+00 0.13804201E+00 0.13948737E+00 0.12669364E+00 0.89865795E-01 0.17246656E-01 -0.10219077E+00 -0.27241177E+00 -0.48065671E+00 -0.68909354E+00 -0.83340363E+00
0.12414232E+00 0.12547406E+00 0.12513691E+00 0.12315249E+00 0.11964696E+00 0.11483808E+00 0.10901317E+00 0.10250046E+00 0.95637485E-01 0.88740475E-01 0.82078722E-01 0.75857206E-01 0.70209493E-01 0.65201385E-01 0.60844050E-01 0.57113913E-01 0.53975571E-01 0.51403703E-01 0.49400276E-01 0.48004302E-01 0.47292512E-01 0.47370353E-01 0.48353445E-01 0.50340233E-01 0.53377154E-01 0.57419316E-01 0.62293366E-01 0.67675918E-01 0.73110163E-01 0.78089706E-01 0.82227858E-01 0.85484828E-01 0.88343962E-01 0.91760453E-01 0.96745072E-01 0.10364083E+00 0.11139385E+00 0.11717181E+00 0.11641270E+00 0.10300411E+00 0.69225788E-01 0.55504526E-02 -0.98831454E-01 -0.25325512E+00 -0.45919418E+00 -0.70091014E+00 -0.93816510E+00 -0.11070267E+01
0.16202216E+00 0.16405183E+00 0.16353801E+00 0.16051335E+00 0.15516859E+00 0.14783486E+00 0.13895273E+00 0.12903114E+00 0.11860059E+00 0.10816614E+00 0.98166039E-01 0.88941183E-01 0.80719047E-01 0.73613515E-01 0.67639617E-01 0.62739942E-01 0.58817743E-01 0.55770931E-01 0.53521236E-01 0.52033920E-01 0.51324987E-01 0.51454546E-01 0.52506349E-01 0.54554546E-01 0.57619790E-01 0.61619183E-01 0.66320282E-01 0.71320462E-01 0.76088136E-01 0.80110179E-01 0.83161847E-01 0.85618910E-01 0.88582291E-01 0.93506947E-01 0.10121221E+00 0.11064049E+00 0.11818317E+00 0.11822655E+00 0.10460098E+00 0.71611083E-01 0.13525362E-01 -0.76977891E-01 -0.20930795E+00 -0.39215839E+00 -0.62648036E+00 -0.89588471E+00 -0.11599772E+01 -0.13570126E+01
0.21786197E+00 0.22087493E+00 0.22011244E+00 0.21562053E+00 0.20766931E+00 0.19673181E+00 0.18344567E+00 0.16855943E+00 0.15286801E+00 0.13714392E+00 0.12207355E+00 0.10820641E+00 0.95924069E-01 0.85431907E-01 0.76773249E-01 0.69862182E-01 0.64528722E-01 0.60568405E-01 0.57788083E-01 0.56040663E-01 0.55243543E-01 0.55378004E-01 0.56469121E-01 0.58547627E-01 0.61597027E-01 0.65493132E-01 0.69952311E-01 0.74522539E-01 0.78674675E-01 0.82055974E-01 0.84899597E-01 0.88390955E-01 0.94536022E-01 0.10503563E+00 0.11920691E+00 0.13208067E+00 0.13459676E+00 0.11699413E+00 0.73687080E-01 0.53443229E-02 -0.84768448E-01 -0.19767033E+00 -0.34229490E+00 -0.53151814E+00 -0.77166878E+00 -0.10504158E+01 -0.13297672E+01 -0.15502538E+01
