examples/topond/topo_ureaCrys.SURFKKIN
DSAA
 161 161
-0.75589045E+01  0.75589045E+01  0.94486307E-01
-0.75589045E+01  0.75589045E+01  0.94486307E-01
 0.00000000E+00  0.00000000E+00
[rows 88 to 109 of 161, columns 0 to 47 of 161]
0.75199390E-01 0.79360606E-01 0.78296854E-01 0.72176957E-01 0.61958577E-01 0.49182341E-01 0.35646713E-01 0.23045958E-01 0.12664520E-01 0.52015201E-02 0.75325663E-03 -0.10706143E-02 -0.95650103E-03 0.31259714E-03 0.20174143E-02 0.36020015E-02 0.47133380E-02 0.51944252E-02 0.50479542E-02 0.43868927E-02 0.33846498E-02 0.22341254E-02 0.11209283E-02 0.21219869E-03 -0.34164077E-03 -0.40046043E-03 0.15918772E-03 0.13953208E-02 0.31817350E-02 0.50575320E-02 0.62880422E-02 0.67220176E-02 0.92525775E-02 0.24198489E-01 0.73961082E-01 0.19256892E+00 0.41155044E+00 0.72913887E+00 0.10810264E+01 0.13501579E+01 0.14307029E+01 0.13007149E+01 0.10353644E+01 0.75102293E+00 0.53691454E+00 0.42561779E+00 0.40385198E+00 0.43791836E+00
0.17428560E+00 0.18251351E+00 0.18041426E+00 0.16828173E+00 0.14779691E+00 0.12171801E+00 0.93364101E-01 0.65995400E-01 0.42238665E-01 0.23707172E-01 0.10901141E-01 0.33725535E-02 0.53642637E-04 -0.37884220E-03 0.79696077E-03 0.25388306E-02 0.41221865E-02 0.51390772E-02 0.54469767E-02 0.50951331E-02 0.42489492E-02 0.31254921E-02 0.19477025E-02 0.91956925E-03 0.21932125E-03 0.98203229E-06 0.38425939E-03 0.14001559E-02 0.28645660E-02 0.42318089E-02 0.47177038E-02 0.43735210E-02 0.70534636E-02 0.25686509E-01 0.87998717E-01 0.23617512E+00 0.50950173E+00 0.90548674E+00 0.13422895E+01 0.16710694E+01 0.17582480E+01 0.15783347E+01 0.12288724E+01 0.85669705E+00 0.57112665E+00 0.40966674E+00 0.35480614E+00 0.36670716E+00
0.34327038E+00 0.35757357E+00 0.35393146E+00 0.33278499E+00 0.29668704E+00 0.24994697E+00 0.19797569E+00 0.14638559E+00 0.10001716E+00 0.62161755E-01 0.34219137E-01 0.15854149E-01 0.55141357E-02 0.10671405E-02 0.35270839E-03 0.15407120E-02 0.32924127E-02 0.47730001E-02 0.55771672E-02 0.56180050E-02 0.50123726E-02 0.39821953E-02 0.27813625E-02 0.16511524E-02 0.80076005E-03 0.40203161E-03 0.57662814E-03 0.13413141E-02 0.24832271E-02 0.34203811E-02 0.33475764E-02 0.23697459E-02 0.45973600E-02 0.23652739E-01 0.88715804E-01 0.24430158E+00 0.53201727E+00 0.94917207E+00 0.14084855E+01 0.17512645E+01 0.18357157E+01 0.16362138E+01 0.12581570E+01 0.85770038E+00 0.54899791E+00 0.36931643E+00 0.29885404E+00 0.29616606E+00
0.59664689E+00 0.61866144E+00 0.61306736E+00 0.58042913E+00 0.52405393E+00 0.44970320E+00 0.36500861E+00 0.27848754E+00 0.19817108E+00 0.13017398E+00 0.77748588E-01 0.41189959E-01 0.18517373E-01 0.65231836E-02 0.17542340E-02 0.11787066E-02 0.25007447E-02 0.42074250E-02 0.54623085E-02 0.59374631E-02 0.56407874E-02 0.47677116E-02 0.35896911E-02 0.23820576E-02 0.13867443E-02 0.79763575E-03 0.74571212E-03 0.12492670E-02 0.20998198E-02 0.27304152E-02 0.23372366E-02 0.89364402E-03 0.19439282E-02 0.17578177E-01 0.73878012E-01 0.21069581E+00 0.46527489E+00 0.83523439E+00 0.12426595E+01 0.15459961E+01 0.16189457E+01 0.14390014E+01 0.11005108E+01 0.74274841E+00 0.46691554E+00 0.30515518E+00 0.23880907E+00 0.23064578E+00
0.93325824E+00 0.96396144E+00 0.95616624E+00 0.91058773E+00 0.83132046E+00 0.72528462E+00 0.60170856E+00 0.47159325E+00 0.34653564E+00 0.23669319E+00 0.14869005E+00 0.84619935E-01 0.42577569E-01 0.18194209E-01 0.63093862E-02 0.21888970E-02 0.21371424E-02 0.36307015E-02 0.51774543E-02 0.60680396E-02 0.61192733E-02 0.54556655E-02 0.43450082E-02 0.30889456E-02 0.19616638E-02 0.11824869E-02 0.89877438E-03 0.11449311E-02 0.17465035E-02 0.21990097E-02 0.17339261E-02 0.86483473E-04 -0.32050522E-03 0.95219678E-02 0.49412565E-01 0.14966559E+00 0.33853805E+00 0.61437659E+00 0.91897330E+00 0.11466447E+01 0.12029356E+01 0.10705171E+01 0.81934588E+00 0.55350954E+00 0.34899953E+00 0.22974883E+00 0.18100244E+00 0.17402783E+00
0.13484746E+01 0.13913642E+01 0.13804245E+01 0.13171225E+01 0.12091294E+01 0.10669230E+01 0.90130636E+00 0.72372824E+00 0.54742858E+00 0.38642992E+00 0.25220017E+00 0.15054245E+00 0.80928918E-01 0.38235379E-01 0.15359787E-01 0.53658342E-02 0.26519984E-02 0.32845821E-02 0.48405775E-02 0.60559715E-02 0.64543877E-02 0.60329205E-02 0.50269366E-02 0.37519446E-02 0.25110565E-02 0.15506585E-02 0.10395402E-02 0.10382380E-02 0.14263308E-02 0.17979565E-02 0.14690021E-02 -0.36525479E-04 -0.15060705E-02 0.26343286E-02 0.25153975E-01 0.85766411E-01 0.20286344E+00 0.37575234E+00 0.56805073E+00 0.71352753E+00 0.75265513E+00 0.67374085E+00 0.51987423E+00 0.35634233E+00 0.23135062E+00 0.15997362E+00 0.13211499E+00 0.12865939E+00
0.18962479E+01 0.19682377E+01 0.19496753E+01 0.18449571E+01 0.16766209E+01 0.14720616E+01 0.12504007E+01 0.10210676E+01 0.79208137E+00 0.57618371E+00 0.38865999E+00 0.24076628E+00 0.13549048E+00 0.68164557E-01 0.29956865E-01 0.11388599E-01 0.44655509E-02 0.34190285E-02 0.45916005E-02 0.59708124E-02 0.66720216E-02 0.65001496E-02 0.56238226E-02 0.43559688E-02 0.30223924E-02 0.18958533E-02 0.11687048E-02 0.93153412E-03 0.11251964E-02 0.14602587E-02 0.13852823E-02 0.33694992E-03 -0.13901156E-02 -0.10211101E-02 0.84205803E-02 0.37994831E-01 0.98191984E-01 0.18921646E+00 0.29213409E+00 0.37199297E+00 0.39700584E+00 0.36025768E+00 0.28384299E+00 0.20212976E+00 0.14073433E+00 0.10731643E+00 0.95614773E-01 0.94606391E-01
0.27555924E+01 0.28886791E+01 0.28545447E+01 0.26600733E+01 0.23496029E+01 0.19960125E+01 0.16577250E+01 0.13500438E+01 0.10633923E+01 0.79373428E+00 0.55171495E+00 0.35286327E+00 0.20575183E+00 0.10818181E+00 0.50470191E-01 0.20604290E-01 0.78517451E-02 0.42314887E-02 0.45616107E-02 0.58906733E-02 0.68110006E-02 0.68696634E-02 0.61325002E-02 0.48911639E-02 0.34855863E-02 0.22119176E-02 0.12853009E-02 0.82469868E-03 0.82749089E-03 0.11172368E-02 0.13005012E-02 0.86326428E-03 -0.38897638E-03 -0.14506525E-02 0.85821108E-03 0.11931660E-01 0.37157133E-01 0.77293479E-01 0.12431202E+00 0.16271119E+00 0.17804527E+00 0.16669639E+00 0.13799607E+00 0.10693999E+00 0.84605364E-01 0.73742643E-01 0.70689705E-01 0.69962969E-01
0.38670785E+01 0.39646619E+01 0.39438165E+01 0.37724296E+01 0.33571860E+01 0.27649992E+01 0.21843160E+01 0.17179267E+01 0.13459070E+01 0.10212585E+01 0.72860644E+00 0.47950309E+00 0.28803191E+00 0.15661959E+00 0.76238552E-01 0.32823790E-01 0.12823846E-01 0.58041989E-02 0.48388651E-02 0.58840352E-02 0.69136966E-02 0.71609422E-02 0.65564539E-02 0.53523762E-02 0.38930447E-02 0.24932209E-02 0.13878204E-02 0.71882130E-03 0.52740795E-03 0.72928877E-03 0.10811065E-02 0.12011745E-02 0.75801401E-03 -0.10087913E-03 -0.22649036E-03 0.26641087E-02 0.11118259E-01 0.26018391E-01 0.44792934E-01 0.61771056E-01 0.71367442E-01 0.71840797E-01 0.66222529E-01 0.59624995E-01 0.55569711E-01 0.54332237E-01 0.53896368E-01 0.52007541E-01
0.36552879E+01 0.32336931E+01 0.33521737E+01 0.38857963E+01 0.41789929E+01 0.37425135E+01 0.28995126E+01 0.21561615E+01 0.16345573E+01 0.12414258E+01 0.90309461E+00 0.60938810E+00 0.37556062E+00 0.20978645E+00 0.10540604E+00 0.47204072E-01 0.19059653E-01 0.80585014E-02 0.54410326E-02 0.59929162E-02 0.70160365E-02 0.73949269E-02 0.69028177E-02 0.57377734E-02 0.42391975E-02 0.27346787E-02 0.14745419E-02 0.61697806E-03 0.23156077E-03 0.29687001E-03 0.68560818E-03 0.11617687E-02 0.14470773E-02 0.14068801E-02 0.13127829E-02 0.19826237E-02 0.45272207E-02 0.96464300E-02 0.16899175E-01 0.24672400E-01 0.31127726E-01 0.35411625E-01 0.38005271E-01 0.39918952E-01 0.41587135E-01 0.42480236E-01 0.41615967E-01 0.38366053E-01
0.17254354E+01 0.13729281E+01 0.14458044E+01 0.20708394E+01 0.34389743E+01 0.42931679E+01 0.37021838E+01 0.26742448E+01 0.19282973E+01 0.14406157E+01 0.10592408E+01 0.72953382E+00 0.45952072E+00 0.26236864E+00 0.13505688E+00 0.62283661E-01 0.25902320E-01 0.10744855E-01 0.63032639E-02 0.62223204E-02 0.71393926E-02 0.75884593E-02 0.71789304E-02 0.60469550E-02 0.45196322E-02 0.29314461E-02 0.15431947E-02 0.52270569E-03 -0.45885782E-04 -0.14937931E-03 0.15767655E-03 0.75162083E-03 0.14590413E-02 0.21272971E-02 0.27439959E-02 0.35359326E-02 0.49342371E-02 0.73544785E-02 0.10909060E-01 0.15289939E-01 0.19945839E-01 0.24385447E-01 0.28300419E-01 0.31419239E-01 0.33322699E-01 0.33485404E-01 0.31543635E-01 0.27554709E-01
0.95358194E+01 0.40939400E+02 0.28099953E+02 0.40502576E+01 0.23700729E+01 0.38031789E+01 0.42454775E+01 0.31918272E+01 0.22075138E+01 0.16058302E+01 0.11837196E+01 0.82784307E+00 0.53072195E+00 0.30833764E+00 0.16166875E+00 0.76196907E-01 0.32454634E-01 0.13479167E-01 0.72881667E-02 0.65395233E-02 0.72865846E-02 0.77501778E-02 0.73892396E-02 0.62790127E-02 0.47300910E-02 0.30784735E-02 0.15904378E-02 0.43784796E-03 -0.29075616E-03 -0.56885295E-03 -0.41588504E-03 0.10988265E-03 0.91850208E-03 0.19114280E-02 0.30280684E-02 0.42973075E-02 0.58510651E-02 0.78666392E-02 0.10456942E-01 0.13578541E-01 0.17015451E-01 0.20426094E-01 0.23395632E-01 0.25471890E-01 0.26223821E-01 0.25353190E-01 0.22818045E-01 0.18883144E-01
0.27853768E+03 0.10329209E+04 0.72478763E+03 0.99292451E+02 0.38872546E+01 0.30958088E+01 0.43212640E+01 0.35605390E+01 0.24211006E+01 0.17200606E+01 0.12662901E+01 0.89498665E+00 0.58130753E+00 0.34210033E+00 0.18178390E+00 0.87030673E-01 0.37754116E-01 0.15821574E-01 0.82171208E-02 0.68837950E-02 0.74428701E-02 0.78787475E-02 0.75332375E-02 0.64310172E-02 0.48656228E-02 0.31701651E-02 0.16115844E-02 0.36118963E-03 -0.49451418E-03 -0.92864628E-03 -0.95060233E-03 -0.59152419E-03 0.10288487E-03 0.10794924E-02 0.22916088E-02 0.37177141E-02 0.53715941E-02 0.72879700E-02 0.94814659E-02 0.11897261E-01 0.14379609E-01 0.16673049E-01 0.18455739E-01 0.19398903E-01 0.19244954E-01 0.17885488E-01 0.15407014E-01 0.12077842E-01
0.11917533E+04 0.21811760E+05 0.72276027E+04 0.42997484E+03 0.10489522E+02 0.28583580E+01 0.41427366E+01 0.36825762E+01 0.25089842E+01 0.17651461E+01 0.13002468E+01 0.92535996E+00 0.60600235E+00 0.35955470E+00 0.19271425E+00 0.93231439E-01 0.40985307E-01 0.17378150E-01 0.89148557E-02 0.71836907E-02 0.75812644E-02 0.79635183E-02 0.76048003E-02 0.64972866E-02 0.49201718E-02 0.32003102E-02 0.16007462E-02 0.28835154E-03 -0.65615907E-03 -0.12118377E-02 -0.13909239E-02 -0.12200202E-02 -0.73040591E-03 0.45510343E-04 0.10760688E-02 0.23327740E-02 0.37909065E-02 0.54231668E-02 0.71839141E-02 0.89888717E-02 0.10701276E-01 0.12135291E-01 0.13081550E-01 0.13351005E-01 0.12825166E-01 0.11494909E-01 0.94712255E-02 0.69617323E-02
0.92915235E+03 0.93977311E+04 0.45092994E+04 0.35105398E+03 0.88237381E+01 0.26533268E+01 0.39737171E+01 0.35554405E+01 0.24422846E+01 0.17327012E+01 0.12839100E+01 0.91738350E+00 0.60272993E+00 0.35879772E+00 0.19308860E+00 0.93947789E-01 0.41668388E-01 0.17895980E-01 0.92539963E-02 0.73764146E-02 0.76702053E-02 0.79872365E-02 0.75929562E-02 0.64696064E-02 0.48867679E-02 0.31624149E-02 0.15513845E-02 0.21264628E-03 -0.78109830E-03 -0.14170445E-02 -0.17148719E-02 -0.17061676E-02 -0.14228930E-02 -0.89359396E-03 -0.14445022E-03 0.79749999E-03 0.19001535E-02 0.31208716E-02 0.43996169E-02 0.56526145E-02 0.67707975E-02 0.76275543E-02 0.80975372E-02 0.80830539E-02 0.75400489E-02 0.64937668E-02 0.50371923E-02 0.33120503E-02
0.14650227E+03 0.53917505E+03 0.39312994E+03 0.50439563E+02 0.28877440E+01 0.25637803E+01 0.38347849E+01 0.32172171E+01 0.22428258E+01 0.16319774E+01 0.12215510E+01 0.87330211E+00 0.57267150E+00 0.34038267E+00 0.18310966E+00 0.89211931E-01 0.39768074E-01 0.17322755E-01 0.91858672E-02 0.74231662E-02 0.76810512E-02 0.79296963E-02 0.74838002E-02 0.63383633E-02 0.47583354E-02 0.30504266E-02 0.14571510E-02 0.12638699E-03 -0.87866537E-03 -0.15535843E-02 -0.19257460E-02 -0.20336033E-02 -0.19144033E-02 -0.15995454E-02 -0.11154290E-02 -0.48738522E-03 0.25524577E-03 0.10742017E-02 0.19185433E-02 0.27232850E-02 0.34119806E-02 0.39044329E-02 0.41292560E-02 0.40384813E-02 0.36198107E-02 0.29018646E-02 0.19499728E-02 0.85348030E-03
0.37644848E+01 0.13088654E+02 0.92401445E+01 0.20680262E+01 0.15028528E+01 0.30318037E+01 0.35253959E+01 0.27346491E+01 0.19706874E+01 0.14852968E+01 0.11218728E+01 0.79853083E+00 0.51992086E+00 0.30714032E+00 0.16447497E+00 0.79914231E-01 0.35692209E-01 0.15813666E-01 0.87486660E-02 0.73161060E-02 0.75933379E-02 0.77714944E-02 0.72631074E-02 0.60943647E-02 0.45290078E-02 0.28597742E-02 0.13128923E-02 0.22241897E-04 -0.95960148E-03 -0.16360916E-02 -0.20408631E-02 -0.22178040E-02 -0.22088969E-02 -0.20490738E-02 -0.17662350E-02 -0.13843571E-02 -0.92781680E-03 -0.42543786E-03 0.86904352E-04 0.56600045E-03 0.96392549E-03 0.12335425E-02 0.13360972E-02 0.12489309E-02 0.97104116E-03 0.52439954E-03 -0.49724508E-04 -0.69857931E-03
0.76979679E+00 0.40894319E+00 0.48184447E+00 0.11342338E+01 0.24877422E+01 0.32929472E+01 0.29335207E+01 0.22240408E+01 0.16898714E+01 0.13150810E+01 0.99505286E+00 0.70082403E+00 0.45085685E+00 0.26363289E+00 0.13999794E+00 0.67586445E-01 0.30185199E-01 0.13686244E-01 0.80521635E-02 0.70758691E-02 0.73968836E-02 0.74971850E-02 0.69191480E-02 0.57310042E-02 0.41957033E-02 0.25885479E-02 0.11156767E-02 -0.10557288E-03 -0.10340683E-02 -0.16804148E-02 -0.20826826E-02 -0.22878648E-02 -0.23404496E-02 -0.22772608E-02 -0.21268670E-02 -0.19117477E-02 -0.16516233E-02 -0.13666516E-02 -0.10795489E-02 -0.81600837E-03 -0.60319464E-03 -0.46658127E-03 -0.42580548E-03 -0.49080704E-03 -0.65939426E-03 -0.91720395E-03 -0.12402255E-02 -0.15993391E-02
0.25512557E+01 0.21963176E+01 0.22966058E+01 0.27448117E+01 0.30237713E+01 0.27916737E+01 0.22717035E+01 0.17939513E+01 0.14352678E+01 0.11349213E+01 0.85108033E+00 0.58956705E+00 0.37327547E+00 0.21533805E+00 0.11303033E+00 0.54062528E-01 0.24153534E-01 0.11340460E-01 0.72459344E-02 0.67418978E-02 0.70911087E-02 0.70974585E-02 0.64452869E-02 0.52463817E-02 0.37596498E-02 0.22385875E-02 0.86566928E-03 -0.26035656E-03 -0.11102777E-02 -0.17010350E-02 -0.20734096E-02 -0.22752725E-02 -0.23512993E-02 -0.23382015E-02 -0.22638906E-02 -0.21489945E-02 -0.20094032E-02 -0.18588276E-02 -0.17106553E-02 -0.15787012E-02 -0.14767403E-02 -0.14170674E-02 -0.14085126E-02 -0.14546856E-02 -0.15530074E-02 -0.16949748E-02 -0.18677051E-02 -0.20563462E-02
0.27166885E+01 0.27616853E+01 0.27528280E+01 0.26686621E+01 0.24438290E+01 0.21083179E+01 0.17657679E+01 0.14708371E+01 0.12080561E+01 0.95121275E+00 0.70019380E+00 0.47504677E+00 0.29528645E+00 0.16770611E+00 0.86832246E-01 0.41115334E-01 0.18477619E-01 0.91703172E-02 0.64824757E-02 0.63599377E-02 0.66828260E-02 0.65705468E-02 0.58420334E-02 0.46450013E-02 0.32275435E-02 0.18162376E-02 0.56670129E-03 -0.44234633E-03 -0.11936743E-02 -0.17096495E-02 -0.20322394E-02 -0.22083496E-02 -0.22809506E-02 -0.22849760E-02 -0.22465346E-02 -0.21840744E-02 -0.21104106E-02 -0.20348344E-02 -0.19647920E-02 -0.19068548E-02 -0.18669326E-02 -0.18498877E-02 -0.18587897E-02 -0.18942663E-02 -0.19542052E-02 -0.20340025E-02 -0.21273701E-02 -0.22274088E-02
0.20566944E+01 0.21271403E+01 0.21091413E+01 0.20056719E+01 0.18366882E+01 0.16357379E+01 0.14281907E+01 0.12173447E+01 0.99694252E+00 0.77013135E+00 0.55352796E+00 0.36730063E+00 0.22408803E+00 0.12529180E+00 0.64044650E-01 0.30163506E-01 0.13860466E-01 0.74917791E-02 0.58863845E-02 0.59710466E-02 0.61838621E-02 0.59228946E-02 0.51183049E-02 0.39387381E-02 0.26120810E-02 0.13325806E-02 0.22638961E-03 -0.64855262E-03 -0.12866115E-02 -0.17145583E-02 -0.19742088E-02 -0.21100542E-02 -0.21619569E-02 -0.21618728E-02 -0.21332957E-02 -0.20922693E-02 -0.20490891E-02 -0.20100929E-02 -0.19791770E-02 -0.19588554E-02 -0.19508206E-02 -0.19561201E-02 -0.19750526E-02 -0.20070543E-02 -0.20506678E-02 -0.21036604E-02 -0.21633068E-02 -0.22266028E-02
0.15994440E+01 0.16406683E+01 0.16301172E+01 0.15695390E+01 0.14676828E+01 0.13343896E+01 0.11754870E+01 0.99433276E+00 0.79816270E+00 0.60142892E+00 0.42210888E+00 0.27456766E+00 0.16491879E+00 0.91171106E-01 0.46379839E-01 0.22108434E-01 0.10743708E-01 0.65018653E-02 0.55363756E-02 0.56050531E-02 0.56095057E-02 0.51692446E-02 0.42917256E-02 0.31468802E-02 0.19317143E-02 0.80304702E-03 -0.14424595E-03 -0.87303640E-03 -0.13884767E-02 -0.17206269E-02 -0.19099787E-02 -0.19975032E-02 -0.20189739E-02 -0.20025788E-02 -0.19686850E-02 -0.19308102E-02 -0.18971056E-02 -0.18719030E-02 -0.18570654E-02 -0.18530150E-02 -0.18594604E-02 -0.18757450E-02 -0.19010958E-02 -0.19346873E-02 -0.19756790E-02 -0.20231600E-02 -0.20760555E-02 -0.21327684E-02
