examples/topond/topo_urea.SURFRHOO
DSAA
 161 161
-0.75589045E+01  0.75589045E+01  0.94486307E-01
-0.75589045E+01  0.75589045E+01  0.94486307E-01
 0.00000000E+00  0.00000000E+00
[rows 110 to 131 of 161, columns 0 to 47 of 161]
0.61938517E+00 0.62800658E+00 0.62583240E+00 0.61291934E+00 0.58963142E+00 0.55673288E+00 0.51550617E+00 0.46781985E+00 0.41607042E+00 0.36295556E+00 0.31111320E+00 0.26274283E+00 0.21934496E+00 0.18165161E+00 0.14972841E+00 0.12317175E+00 0.10132003E+00 0.83426716E-01 0.68775709E-01 0.56742700E-01 0.46816321E-01 0.38594277E-01 0.31766918E-01 0.26096829E-01 0.21399538E-01 0.17527804E-01 0.14360156E-01 0.11793286E-01 0.97374118E-02 0.81136506E-02 0.68525629E-02 0.58932650E-02 0.51827399E-02 0.46751628E-02 0.43311856E-02 0.41172009E-02 0.40046404E-02 0.39693654E-02 0.39911984E-02 0.40536207E-02 0.41436423E-02 0.42518251E-02 0.43724356E-02 0.45036913E-02 0.46480757E-02 0.48127021E-02 0.50097205E-02 0.52567687E-02
0.56516394E+00 0.57348730E+00 0.57138534E+00 0.55894188E+00 0.53667037E+00 0.50555588E+00 0.46708912E+00 0.42323671E+00 0.37630451E+00 0.32869360E+00 0.28260401E+00 0.23977567E+00 0.20134265E+00 0.16782567E+00 0.13923466E+00 0.11522609E+00 0.95262524E-01 0.78741675E-01 0.65082915E-01 0.53774225E-01 0.44389249E-01 0.36585370E-01 0.30092005E-01 0.24695634E-01 0.20225493E-01 0.16541875E-01 0.13527548E-01 0.11082000E-01 0.91178520E-02 0.75587061E-02 0.63378297E-02 0.53972396E-02 0.46869262E-02 0.41640966E-02 0.37924040E-02 0.35411850E-02 0.33847452E-02 0.33017401E-02 0.32746842E-02 0.32896114E-02 0.33358912E-02 0.34061971E-02 0.34966109E-02 0.36068496E-02 0.37405976E-02 0.39059359E-02 0.41158586E-02 0.43888669E-02
0.51582648E+00 0.52371373E+00 0.52171938E+00 0.50994756E+00 0.48901917E+00 0.46006011E+00 0.42465646E+00 0.38475064E+00 0.34246812E+00 0.29989469E+00 0.25885295E+00 0.22073414E+00 0.18642268E+00 0.15631665E+00 0.13041841E+00 0.10845714E+00 0.90009195E-01 0.74595209E-01 0.61746141E-01 0.51040382E-01 0.42118572E-01 0.34683949E-01 0.28494962E-01 0.23355056E-01 0.19102638E-01 0.15602712E-01 0.12740638E-01 0.10417806E-01 0.85487896E-02 0.70594683E-02 0.58857248E-02 0.49724172E-02 0.42724672E-02 0.37459884E-02 0.33594399E-02 0.30848241E-02 0.28989589E-02 0.27828551E-02 0.27212237E-02 0.27021282E-02 0.27167877E-02 0.27595307E-02 0.28278932E-02 0.29228563E-02 0.30492155E-02 0.32160755E-02 0.34374609E-02 0.37330254E-02
0.47243760E+00 0.47977189E+00 0.47791565E+00 0.46698245E+00 0.44763893E+00 0.42105293E+00 0.38879502E+00 0.35269382E+00 0.31465662E+00 0.27648080E+00 0.23969036E+00 0.20542849E+00 0.17442109E+00 0.14700609E+00 0.12320812E+00 0.10283252E+00 0.85556401E-01 0.71002724E-01 0.58792102E-01 0.48573470E-01 0.40038142E-01 0.32922689E-01 0.27005537E-01 0.22100898E-01 0.18052322E-01 0.14727062E-01 0.12011632E-01 0.98085318E-02 0.80338585E-02 0.66155358E-02 0.54919094E-02 0.46105506E-02 0.39271727E-02 0.34046254E-02 0.30119611E-02 0.27235879E-02 0.25185272E-02 0.23797946E-02 0.22939177E-02 0.22506001E-02 0.22425347E-02 0.22653688E-02 0.23178206E-02 0.24019449E-02 0.25235491E-02 0.26927518E-02 0.29246754E-02 0.32402490E-02
0.43613467E+00 0.44290449E+00 0.44118998E+00 0.43110699E+00 0.41332842E+00 0.38900521E+00 0.35963503E+00 0.32689921E+00 0.29249209E+00 0.25796663E+00 0.22461704E+00 0.19341128E+00 0.16497581E+00 0.13962487E+00 0.11741905E+00 0.98236059E-01 0.81839483E-01 0.67935859E-01 0.56216430E-01 0.46383781E-01 0.38166139E-01 0.31322968E-01 0.25645217E-01 0.20952845E-01 0.17091367E-01 0.13928372E-01 0.11350444E-01 0.92605862E-02 0.75760759E-02 0.62266560E-02 0.51529566E-02 0.43050889E-02 0.36413733E-02 0.31271917E-02 0.27339636E-02 0.24382527E-02 0.22210116E-02 0.20669704E-02 0.19641729E-02 0.19036627E-02 0.18793208E-02 0.18878571E-02 0.19289564E-02 0.20055827E-02 0.21244428E-02 0.22966062E-02 0.25382677E-02 0.28716273E-02
0.40745883E+00 0.41376644E+00 0.41216798E+00 0.40278112E+00 0.38628271E+00 0.36380532E+00 0.33677829E+00 0.30675234E+00 0.27524069E+00 0.24359631E+00 0.21293238E+00 0.18408488E+00 0.15761133E+00 0.13381724E+00 0.11280015E+00 0.94501198E-01 0.78755893E-01 0.65337990E-01 0.53993718E-01 0.44465832E-01 0.36508763E-01 0.29896921E-01 0.24428258E-01 0.19924903E-01 0.16232155E-01 0.13216698E-01 0.10764510E-01 0.87787244E-02 0.71775653E-02 0.58924059E-02 0.48659743E-02 0.40507217E-02 0.34073605E-02 0.29035770E-02 0.25129206E-02 0.22138671E-02 0.19890525E-02 0.18246715E-02 0.17100362E-02 0.16372902E-02 0.16012771E-02 0.15995635E-02 0.16326212E-02 0.17041712E-02 0.18216941E-02 0.19971041E-02 0.22475716E-02 0.25964664E-02
0.38637386E+00 0.39242252E+00 0.39088823E+00 0.38189790E+00 0.36617256E+00 0.34488502E+00 0.31945722E+00 0.29136268E+00 0.26197717E+00 0.23248842E+00 0.20385500E+00 0.17679821E+00 0.15181424E+00 0.12919849E+00 0.10907716E+00 0.91442350E-01 0.76187376E-01 0.63139441E-01 0.52087589E-01 0.42804810E-01 0.35064195E-01 0.28649768E-01 0.23362998E-01 0.19026077E-01 0.15482941E-01 0.12598797E-01 0.10258751E-01 0.83659252E-02 0.68393697E-02 0.56119421E-02 0.46282849E-02 0.38429744E-02 0.32188797E-02 0.27257480E-02 0.23390143E-02 0.20388274E-02 0.18092748E-02 0.16377936E-02 0.15147523E-02 0.14331941E-02 0.13887379E-02 0.13796347E-02 0.14069848E-02 0.14751202E-02 0.15921567E-02 0.17707135E-02 0.20287860E-02 0.23907386E-02
0.37271215E+00 0.37882495E+00 0.37727151E+00 0.36820789E+00 0.35250380E+00 0.33151168E+00 0.30676848E+00 0.27975052E+00 0.25173529E+00 0.22375797E+00 0.19662180E+00 0.17092656E+00 0.14709662E+00 0.12540427E+00 0.10598996E+00 0.88882378E-01 0.74019536E-01 0.61270967E-01 0.50459699E-01 0.41382390E-01 0.33826253E-01 0.27582057E-01 0.22453181E-01 0.18261140E-01 0.14848275E-01 0.12078337E-01 0.98356453E-02 0.80233661E-02 0.65613488E-02 0.53838256E-02 0.44371753E-02 0.36778753E-02 0.30707037E-02 0.25872147E-02 0.22044818E-02 0.19040917E-02 0.16713645E-02 0.14947767E-02 0.13655653E-02 0.12774999E-02 0.12268130E-02 0.12122888E-02 0.12355114E-02 0.13012802E-02 0.14181971E-02 0.15994221E-02 0.18635850E-02 0.22358156E-02
0.36715124E+00 0.37392032E+00 0.37219304E+00 0.36220969E+00 0.34526395E+00 0.32321393E+00 0.29794109E+00 0.27101917E+00 0.24362719E+00 0.21660714E+00 0.19056162E+00 0.16593260E+00 0.14304591E+00 0.12213002E+00 0.10332259E+00 0.86674593E-01 0.72157381E-01 0.59674368E-01 0.49076765E-01 0.40181276E-01 0.32787265E-01 0.26691455E-01 0.21699080E-01 0.17631324E-01 0.14329427E-01 0.11656147E-01 0.94953626E-02 0.77504673E-02 0.63421463E-02 0.52059179E-02 0.42897199E-02 0.35517003E-02 0.29582916E-02 0.24825973E-02 0.21030822E-02 0.18025420E-02 0.15673209E-02 0.13867467E-02 0.12527553E-02 0.11596877E-02 0.11042475E-02 0.10856149E-02 0.11057224E-02 0.11696953E-02 0.12864651E-02 0.14695517E-02 0.17380011E-02 0.21174422E-02
0.37403008E+00 0.38298405E+00 0.38067754E+00 0.36763331E+00 0.34651194E+00 0.32064673E+00 0.29275940E+00 0.26455840E+00 0.23695152E+00 0.21039445E+00 0.18514740E+00 0.16140887E+00 0.13935951E+00 0.11915831E+00 0.10092382E+00 0.84717520E-01 0.70535475E-01 0.58309223E-01 0.47914912E-01 0.39187953E-01 0.31939816E-01 0.25973867E-01 0.21098226E-01 0.17134822E-01 0.13924736E-01 0.11330466E-01 0.92359223E-02 0.75449785E-02 0.61792105E-02 0.50753353E-02 0.41826679E-02 0.34607910E-02 0.28775341E-02 0.24072932E-02 0.20296817E-02 0.17284832E-02 0.14908687E-02 0.13068424E-02 0.11688840E-02 0.10717665E-02 0.10125343E-02 0.99063892E-03 0.10082329E-02 0.10706288E-02 0.11869286E-02 0.13708214E-02 0.16415354E-02 0.20249078E-02
0.41101947E+00 0.42739643E+00 0.42310376E+00 0.39978580E+00 0.36529977E+00 0.32794135E+00 0.29251012E+00 0.26039381E+00 0.23132944E+00 0.20469922E+00 0.18003407E+00 0.15710336E+00 0.13586319E+00 0.11637195E+00 0.98716233E-01 0.82960860E-01 0.69121622E-01 0.57155050E-01 0.46960891E-01 0.38393392E-01 0.31277183E-01 0.25423761E-01 0.20645688E-01 0.16767034E-01 0.13629838E-01 0.11097127E-01 0.90533484E-02 0.74030875E-02 0.60688502E-02 0.49884497E-02 0.41123860E-02 0.34014368E-02 0.28245727E-02 0.23572312E-02 0.19799409E-02 0.16772631E-02 0.14370106E-02 0.12497024E-02 0.11082204E-02 0.10076421E-02 0.94523566E-03 0.92060822E-03 0.93601227E-03 0.99681353E-03 0.11121265E-02 0.12956162E-02 0.15664528E-02 0.19503808E-02
0.53929242E+00 0.58235159E+00 0.57084586E+00 0.51109725E+00 0.43176073E+00 0.35881121E+00 0.30212448E+00 0.25983162E+00 0.22689494E+00 0.19938827E+00 0.17508633E+00 0.15293003E+00 0.13251280E+00 0.11375185E+00 0.96692722E-01 0.81401847E-01 0.67913649E-01 0.56208701E-01 0.46210137E-01 0.37791708E-01 0.30792500E-01 0.25033716E-01 0.20333896E-01 0.16520571E-01 0.13437756E-01 0.10949708E-01 0.89418113E-02 0.73195389E-02 0.60063174E-02 0.49409260E-02 0.40748458E-02 0.33698098E-02 0.27956815E-02 0.23287001E-02 0.19500895E-02 0.16449934E-02 0.14016956E-02 0.12110826E-02 0.10663098E-02 0.96264532E-03 0.89747402E-03 0.87045386E-03 0.88382557E-03 0.94288090E-03 0.10565945E-02 0.12384186E-02 0.15072269E-02 0.18883722E-02
0.93961063E+00 0.10776481E+01 0.10400857E+01 0.85306750E+00 0.62745116E+00 0.44803987E+00 0.33361057E+00 0.26628670E+00 0.22447126E+00 0.19465748E+00 0.17038695E+00 0.14896161E+00 0.12937925E+00 0.11135985E+00 0.94900807E-01 0.80072532E-01 0.66929797E-01 0.55477489E-01 0.45662070E-01 0.37377100E-01 0.30476889E-01 0.24793368E-01 0.20152121E-01 0.16385068E-01 0.13338914E-01 0.10879620E-01 0.88937615E-02 0.72877645E-02 0.59859106E-02 0.49277873E-02 0.40656464E-02 0.33619436E-02 0.27872005E-02 0.23182368E-02 0.19367705E-02 0.16283505E-02 0.13815785E-02 0.11875765E-02 0.10396589E-02 0.93318287E-03 0.86555535E-03 0.83639053E-03 0.84781578E-03 0.90493152E-03 0.10164298E-02 0.11953707E-02 0.14601045E-02 0.18353040E-02
0.20918999E+01 0.25803397E+01 0.24436012E+01 0.18051128E+01 0.11263330E+01 0.66020824E+00 0.40703054E+00 0.28508875E+00 0.22541063E+00 0.19096321E+00 0.16619948E+00 0.14539635E+00 0.12661496E+00 0.10930781E+00 0.93416879E-01 0.79019986E-01 0.66194417E-01 0.54969336E-01 0.45313599E-01 0.37139766E-01 0.30317016E-01 0.24688064E-01 0.20085820E-01 0.16346945E-01 0.13321128E-01 0.10876227E-01 0.89000801E-02 0.73000324E-02 0.60011009E-02 0.49435067E-02 0.40800672E-02 0.33737447E-02 0.27955080E-02 0.23225608E-02 0.19369386E-02 0.16244404E-02 0.13738521E-02 0.11764166E-02 0.10255085E-02 0.91648567E-03 0.84669488E-03 0.81562373E-03 0.82519612E-03 0.88021577E-03 0.98896239E-03 0.11639400E-02 0.14227653E-02 0.17891647E-02
0.52522339E+01 0.71426549E+01 0.65890936E+01 0.42530034E+01 0.22096918E+01 0.10664473E+01 0.53871382E+00 0.31969064E+00 0.23057142E+00 0.18874069E+00 0.16285904E+00 0.14248999E+00 0.12440111E+00 0.10771560E+00 0.92314001E-01 0.78282795E-01 0.65721608E-01 0.54681873E-01 0.45152182E-01 0.37061689E-01 0.30292695E-01 0.24697614E-01 0.20116096E-01 0.16389266E-01 0.13369676E-01 0.10927005E-01 0.89502725E-02 0.73476305E-02 0.60446861E-02 0.49821243E-02 0.41131446E-02 0.34010316E-02 0.28170239E-02 0.23385449E-02 0.19478000E-02 0.16307094E-02 0.13761321E-02 0.11753361E-02 0.10216735E-02 0.91042928E-03 0.83882077E-03 0.80613892E-03 0.81402695E-03 0.86690061E-03 0.97251370E-03 0.11426690E-02 0.13940634E-02 0.17492380E-02
0.12887499E+02 0.20629034E+02 0.18106649E+02 0.95998686E+01 0.40743204E+01 0.16494643E+01 0.71075794E+00 0.36389848E+00 0.23856089E+00 0.18796834E+00 0.16060611E+00 0.14045809E+00 0.12288043E+00 0.10666364E+00 0.91628647E-01 0.77868273E-01 0.65500093E-01 0.54592819E-01 0.45149992E-01 0.37113326E-01 0.30375179E-01 0.24795555E-01 0.20219512E-01 0.16491848E-01 0.13467537E-01 0.11017821E-01 0.90327342E-02 0.74210974E-02 0.61089774E-02 0.50373876E-02 0.41597711E-02 0.34395961E-02 0.28482367E-02 0.23632113E-02 0.19667825E-02 0.16448915E-02 0.13863831E-02 0.11824755E-02 0.10264332E-02 0.91340953E-03 0.84043718E-03 0.80655384E-03 0.81305903E-03 0.86390487E-03 0.96622401E-03 0.11309953E-02 0.13738368E-02 0.17159000E-02
0.25547552E+02 0.59319763E+02 0.44762218E+02 0.16963492E+02 0.60220223E+01 0.21617328E+01 0.84848286E+00 0.39821079E+00 0.24509385E+00 0.18795500E+00 0.15944661E+00 0.13937615E+00 0.12209027E+00 0.10614976E+00 0.91333298E-01 0.77735261E-01 0.65482721E-01 0.54653866E-01 0.45260658E-01 0.37252121E-01 0.30526718E-01 0.24949276E-01 0.20368480E-01 0.16631743E-01 0.13595869E-01 0.11133361E-01 0.91351070E-02 0.75105080E-02 0.61860200E-02 0.51029169E-02 0.42148123E-02 0.34852790E-02 0.28857462E-02 0.23937476E-02 0.19915277E-02 0.16649798E-02 0.14028735E-02 0.11963235E-02 0.10384592E-02 0.92425988E-03 0.85053283E-03 0.81602010E-03 0.82162945E-03 0.87079051E-03 0.96993954E-03 0.11291330E-02 0.13627816E-02 0.16904801E-02
0.27578567E+02 0.71514979E+02 0.50615065E+02 0.17995246E+02 0.62509897E+01 0.22172077E+01 0.86258254E+00 0.40147038E+00 0.24550432E+00 0.18771822E+00 0.15912999E+00 0.13911704E+00 0.12191753E+00 0.10606278E+00 0.91322184E-01 0.77786925E-01 0.65583253E-01 0.54789754E-01 0.45419580E-01 0.37423441E-01 0.30701719E-01 0.25121180E-01 0.20532317E-01 0.16784126E-01 0.13734734E-01 0.11257699E-01 0.92447240E-02 0.76058110E-02 0.62678446E-02 0.51723881E-02 0.42732362E-02 0.35340591E-02 0.29263198E-02 0.24275363E-02 0.20198993E-02 0.16892183E-02 0.14241526E-02 0.12156819E-02 0.10567716E-02 0.94220072E-03 0.86852533E-03 0.83416434E-03 0.83960122E-03 0.88770179E-03 0.98415130E-03 0.11380109E-02 0.13623866E-02 0.16751893E-02
0.15072393E+02 0.25402631E+02 0.21916530E+02 0.11000045E+02 0.44909742E+01 0.17646967E+01 0.74160742E+00 0.37052578E+00 0.23866019E+00 0.18665766E+00 0.15923453E+00 0.13935002E+00 0.12209399E+00 0.10618312E+00 0.91415314E-01 0.77876052E-01 0.65681718E-01 0.54903126E-01 0.45548109E-01 0.37564033E-01 0.30849532E-01 0.25270874E-01 0.20678927E-01 0.16923578E-01 0.13864052E-01 0.11375009E-01 0.93491260E-02 0.76972047E-02 0.63467387E-02 0.52397268E-02 0.43302505E-02 0.35821474E-02 0.29669539E-02 0.24621914E-02 0.20500013E-02 0.17161047E-02 0.14490427E-02 0.12396496E-02 0.10807171E-02 0.96681387E-03 0.89423456E-03 0.86106262E-03 0.86734065E-03 0.91534723E-03 0.10099829E-02 0.11592656E-02 0.13749309E-02 0.16731174E-02
0.62831335E+01 0.87471233E+01 0.80168193E+01 0.50149027E+01 0.25046020E+01 0.11631109E+01 0.56482341E+00 0.32293240E+00 0.22760441E+00 0.18475116E+00 0.15925813E+00 0.13959736E+00 0.12223633E+00 0.10621255E+00 0.91381117E-01 0.77822357E-01 0.65637611E-01 0.54884529E-01 0.45561040E-01 0.37607586E-01 0.30918532E-01 0.25358134E-01 0.20776942E-01 0.17025613E-01 0.13964695E-01 0.11470333E-01 0.94366094E-02 0.77755245E-02 0.64155210E-02 0.52993022E-02 0.43814390E-02 0.36260808E-02 0.30049379E-02 0.24956005E-02 0.20802027E-02 0.17444039E-02 0.14766433E-02 0.12676212E-02 0.11099643E-02 0.99803793E-03 0.92788062E-03 0.89724376E-03 0.90572894E-03 0.95502198E-03 0.10492255E-02 0.11952910E-02 0.14035471E-02 0.16883080E-02
0.24683949E+01 0.30991195E+01 0.29212304E+01 0.21044662E+01 0.12643276E+01 0.70744100E+00 0.41468958E+00 0.27905423E+00 0.21621046E+00 0.18211784E+00 0.15866707E+00 0.13932674E+00 0.12191840E+00 0.10582526E+00 0.90972293E-01 0.77438046E-01 0.65308289E-01 0.54625652E-01 0.45376094E-01 0.37491461E-01 0.30860856E-01 0.25346220E-01 0.20798024E-01 0.17068275E-01 0.14019585E-01 0.11530348E-01 0.94967562E-02 0.78326119E-02 0.64677987E-02 0.53461075E-02 0.44228874E-02 0.36628117E-02 0.30379160E-02 0.25259666E-02 0.21091660E-02 0.17731656E-02 0.15063429E-02 0.12992962E-02 0.11445136E-02 0.10361812E-02 0.97010349E-03 0.94371938E-03 0.95620630E-03 0.10086698E-02 0.11044213E-02 0.12493453E-02 0.14523540E-02 0.17259169E-02
0.10474600E+01 0.12215596E+01 0.11739664E+01 0.93947276E+00 0.66280242E+00 0.44955648E+00 0.31939367E+00 0.24751074E+00 0.20618147E+00 0.17860062E+00 0.15695071E+00 0.13805342E+00 0.12075218E+00 0.10472488E+00 0.89965550E-01 0.76555724E-01 0.64568691E-01 0.54033230E-01 0.44923634E-01 0.37163419E-01 0.30637025E-01 0.25205025E-01 0.20719004E-01 0.17033589E-01 0.14014684E-01 0.11544035E-01 0.95208913E-02 0.78616297E-02 0.64981869E-02 0.53759136E-02 0.44512927E-02 0.36897846E-02 0.30639423E-02 0.25518482E-02 0.21358761E-02 0.18017472E-02 0.15378385E-02 0.13346972E-02 0.11847184E-02 0.10819503E-02 0.10220026E-02 0.10020391E-02 0.10208476E-02 0.10789844E-02 0.11789959E-02 0.13257199E-02 0.15266651E-02 0.17924621E-02
