crystal_functions/SURFLAPP.DAT
DSAA
 161 161
-0.75589045E+01  0.75589045E+01  0.94486307E-01
-0.75589045E+01  0.75589045E+01  0.94486307E-01
 0.00000000E+00  0.00000000E+00
[rows 0 to 20 of 161, columns 0 to 47 of 161]
0.64351767E-12 0.82174757E-12 0.10426670E-11 0.13145732E-11 0.16468672E-11 0.20500751E-11 0.25358354E-11 0.31168452E-11 0.38067559E-11 0.46200133E-11 0.55716340E-11 0.66769149E-11 0.79510733E-11 0.94088175E-11 0.11063853E-10 0.12928333E-10 0.15012258E-10 0.17322855E-10 0.19863944E-10 0.22635312E-10 0.25508342E-10 0.28687314E-10 0.32058763E-10 0.35600109E-10 0.39282730E-10 0.43072024E-10 0.46927693E-10 0.50804230E-10 0.54651626E-10 0.58416294E-10 0.62042184E-10 0.70363698E-10 0.75411468E-10 0.80775045E-10 0.86575005E-10 0.97170634E-10 0.10562608E-09 0.11546008E-09 0.12704194E-09 0.16902282E-09 0.19598278E-09 0.59120423E-09 0.84971024E-09 0.12357284E-08 0.18080054E-08 0.26491523E-08 0.38736162E-08 0.56374991E-08
0.10595500E-11 0.13526972E-11 0.17159692E-11 0.21629721E-11 0.27091166E-11 0.33716513E-11 0.41696407E-11 0.51238746E-11 0.62566970E-11 0.75917410E-11 0.91535627E-11 0.10967164E-10 0.13057401E-10 0.15448283E-10 0.18162166E-10 0.21218846E-10 0.24634590E-10 0.28421114E-10 0.32458181E-10 0.36961696E-10 0.41824651E-10 0.47028898E-10 0.52547039E-10 0.58341976E-10 0.64366731E-10 0.70564565E-10 0.76869436E-10 0.83206799E-10 0.89494771E-10 0.99992933E-10 0.10769400E-09 0.11571591E-09 0.12416301E-09 0.13720197E-09 0.14829870E-09 0.16082661E-09 0.17522594E-09 0.19203199E-09 0.24820649E-09 0.28610794E-09 0.74920485E-09 0.10658328E-08 0.15418379E-08 0.22532026E-08 0.33082111E-08 0.48589699E-08 0.71159435E-08 0.10365807E-07
0.17328398E-11 0.22117482E-11 0.28050665E-11 0.35349539E-11 0.44264988E-11 0.55077714E-11 0.68097847E-11 0.83663445E-11 0.10213768E-10 0.12390451E-10 0.14936269E-10 0.17891799E-10 0.21297359E-10 0.25191865E-10 0.29611518E-10 0.34588341E-10 0.40148598E-10 0.46148559E-10 0.52874885E-10 0.60199869E-10 0.68107700E-10 0.76568611E-10 0.85537811E-10 0.94954764E-10 0.10474290E-09 0.11480982E-09 0.12504804E-09 0.13533631E-09 0.15083357E-09 0.16304861E-09 0.17572806E-09 0.19269303E-09 0.20797321E-09 0.22466971E-09 0.24325188E-09 0.26432345E-09 0.32053401E-09 0.36273554E-09 0.41524067E-09 0.94717742E-09 0.13276742E-08 0.19027469E-08 0.27681756E-08 0.40622262E-08 0.59817408E-08 0.88028907E-08 0.12907291E-07 0.18813980E-07
0.28149480E-11 0.35920516E-11 0.45545493E-11 0.57382819E-11 0.71838130E-11 0.89365084E-11 0.11046470E-10 0.13568288E-10 0.16560581E-10 0.20085295E-10 0.24206729E-10 0.28990278E-10 0.34500877E-10 0.40801159E-10 0.47949330E-10 0.55840006E-10 0.64779499E-10 0.74676820E-10 0.85544206E-10 0.97376032E-10 0.11014632E-09 0.12380659E-09 0.13828409E-09 0.15348074E-09 0.16927259E-09 0.18551022E-09 0.20637875E-09 0.22492636E-09 0.24412775E-09 0.26403219E-09 0.28923735E-09 0.31255333E-09 0.33771764E-09 0.36533416E-09 0.39620371E-09 0.46997823E-09 0.52801868E-09 0.59991355E-09 0.11998597E-08 0.16492565E-08 0.23308111E-08 0.33622583E-08 0.49156737E-08 0.72392194E-08 0.10685781E-07 0.15749812E-07 0.23113555E-07 0.33703480E-07
0.45420959E-11 0.57945551E-11 0.73453913E-11 0.92521766E-11 0.11580043E-10 0.14401803E-10 0.17797836E-10 0.21855684E-10 0.26669306E-10 0.32337942E-10 0.38964550E-10 0.46653780E-10 0.55509479E-10 0.65485681E-10 0.76918714E-10 0.89778767E-10 0.10412915E-09 0.12001317E-09 0.13744974E-09 0.15642911E-09 0.17690888E-09 0.19881060E-09 0.22201698E-09 0.24637013E-09 0.27167081E-09 0.30273928E-09 0.33152265E-09 0.36140154E-09 0.39239165E-09 0.42993618E-09 0.46547627E-09 0.50343803E-09 0.54456764E-09 0.58988983E-09 0.68647024E-09 0.76595422E-09 0.11831883E-08 0.15295190E-08 0.20523762E-08 0.28461113E-08 0.40519309E-08 0.58786727E-08 0.86312869E-08 0.12749077E-07 0.18855936E-07 0.27824792E-07 0.40858235E-07 0.59586606E-07
0.72797284E-11 0.92846842E-11 0.11766586E-10 0.14817278E-10 0.18540619E-10 0.23052667E-10 0.28481482E-10 0.34966473E-10 0.42657192E-10 0.51711518E-10 0.62293152E-10 0.74568382E-10 0.88524487E-10 0.10461464E-09 0.12285072E-09 0.14335755E-09 0.16623492E-09 0.19155069E-09 0.21933379E-09 0.24956747E-09 0.28218304E-09 0.31705438E-09 0.35399365E-09 0.39274847E-09 0.43876458E-09 0.48288367E-09 0.52886270E-09 0.58122616E-09 0.63260174E-09 0.68662507E-09 0.74386998E-09 0.80521626E-09 0.87192421E-09 0.99860692E-09 0.11073853E-08 0.15680764E-08 0.19691947E-08 0.25702765E-08 0.34806404E-08 0.48656294E-08 0.69725488E-08 0.10166848E-07 0.14981612E-07 0.22183844E-07 0.32861315E-07 0.48533663E-07 0.71290914E-07 0.10396125E-06
0.11589001E-10 0.14776873E-10 0.18721936E-10 0.23569697E-10 0.29484627E-10 0.36650430E-10 0.45269717E-10 0.55562944E-10 0.67766490E-10 0.82129758E-10 0.98754699E-10 0.11816014E-09 0.14048768E-09 0.16598217E-09 0.19486886E-09 0.22734362E-09 0.26356258E-09 0.30363120E-09 0.34759331E-09 0.39542042E-09 0.44700194E-09 0.50213653E-09 0.56480171E-09 0.62820947E-09 0.69496672E-09 0.76488057E-09 0.84307843E-09 0.92101054E-09 0.10027531E-08 0.10888960E-08 0.11804193E-08 0.13181586E-08 0.14460069E-08 0.15952676E-08 0.21033525E-08 0.25667568E-08 0.32522774E-08 0.42836230E-08 0.58499312E-08 0.82371274E-08 0.11872556E-07 0.17391556E-07 0.25704672E-07 0.38136868E-07 0.56558459E-07 0.83577930E-07 0.12277668E-06 0.17899185E-06
0.18325161E-10 0.23359588E-10 0.29587925E-10 0.37239102E-10 0.46571774E-10 0.57874707E-10 0.71466228E-10 0.87692525E-10 0.10692460E-09 0.12936981E-09 0.15573289E-09 0.18628626E-09 0.22143012E-09 0.26154718E-09 0.30698899E-09 0.35806069E-09 0.41500467E-09 0.47798354E-09 0.54706296E-09 0.62219499E-09 0.70320272E-09 0.79441220E-09 0.88847908E-09 0.98815086E-09 0.10931274E-08 0.12091268E-08 0.13263423E-08 0.14492396E-08 0.15783566E-08 0.17147067E-08 0.19028726E-08 0.20826258E-08 0.22884842E-08 0.28527304E-08 0.33905564E-08 0.41753527E-08 0.53345713E-08 0.70843167E-08 0.97475380E-08 0.13812135E-07 0.20006686E-07 0.29405612E-07 0.43572330E-07 0.64749920E-07 0.96109809E-07 0.14206721E-06 0.20867236E-06 0.30408071E-06
0.28781907E-10 0.36678700E-10 0.46445155E-10 0.58438974E-10 0.73064106E-10 0.90771307E-10 0.11205722E-09 0.13746169E-09 0.16734986E-09 0.20267620E-09 0.24391130E-09 0.29168589E-09 0.34662165E-09 0.40931244E-09 0.48030295E-09 0.56006498E-09 0.64897203E-09 0.74727278E-09 0.85506451E-09 0.97226720E-09 0.11035509E-08 0.12411594E-08 0.13879552E-08 0.15482805E-08 0.17141600E-08 0.18887366E-08 0.20719038E-08 0.22642917E-08 0.24667277E-08 0.27270275E-08 0.29864611E-08 0.32730794E-08 0.36027361E-08 0.45429415E-08 0.54338167E-08 0.67322995E-08 0.86697546E-08 0.11602788E-07 0.16075623E-07 0.22909798E-07 0.33330863E-07 0.49143837E-07 0.72971751E-07 0.10857189E-06 0.16124706E-06 0.23836663E-06 0.34994668E-06 0.50964925E-06
0.44901451E-10 0.57204169E-10 0.72414781E-10 0.91088321E-10 0.11385127E-09 0.14140235E-09 0.17433697E-09 0.21376963E-09 0.26046514E-09 0.31535755E-09 0.37941082E-09 0.45359867E-09 0.53887989E-09 0.63616929E-09 0.74630463E-09 0.87000996E-09 0.10078564E-08 0.11602210E-08 0.13272464E-08 0.15139779E-08 0.17124616E-08 0.19256832E-08 0.21582540E-08 0.24015536E-08 0.26587151E-08 0.29295034E-08 0.32140413E-08 0.35188926E-08 0.38833495E-08 0.42462644E-08 0.46472268E-08 0.50995974E-08 0.61425638E-08 0.71711692E-08 0.86304447E-08 0.10768150E-07 0.13969508E-07 0.18827995E-07 0.26248688E-07 0.37596522E-07 0.54905531E-07 0.81167352E-07 0.12072285E-06 0.17972289E-06 0.26700703E-06 0.39465898E-06 0.57922749E-06 0.84291930E-06
0.69577570E-10 0.88614608E-10 0.11214338E-09 0.14101915E-09 0.17620677E-09 0.21858688E-09 0.26965336E-09 0.33054626E-09 0.40263036E-09 0.48733963E-09 0.58615282E-09 0.70056236E-09 0.83203625E-09 0.98197346E-09 0.11516530E-08 0.13421777E-08 0.15544139E-08 0.17889292E-08 0.20512421E-08 0.23333847E-08 0.26387594E-08 0.29724506E-08 0.33248535E-08 0.36992641E-08 0.41013075E-08 0.45196496E-08 0.49596859E-08 0.54722719E-08 0.59902996E-08 0.65545638E-08 0.71800555E-08 0.83672457E-08 0.95771203E-08 0.11234870E-07 0.13600366E-07 0.17080996E-07 0.22309924E-07 0.30261947E-07 0.42422606E-07 0.61030133E-07 0.89403776E-07 0.13240536E-06 0.19719132E-06 0.29383882E-06 0.43656594E-06 0.64504999E-06 0.94608131E-06 0.13755276E-05
0.10708911E-09 0.13634706E-09 0.17249577E-09 0.21684397E-09 0.27065203E-09 0.33590441E-09 0.41424948E-09 0.50763727E-09 0.61814961E-09 0.74797231E-09 0.89935760E-09 0.10745764E-08 0.12758601E-08 0.15053324E-08 0.17649315E-08 0.20563243E-08 0.23808151E-08 0.27444571E-08 0.31401965E-08 0.35714754E-08 0.40440873E-08 0.45539169E-08 0.50937438E-08 0.56675290E-08 0.62745444E-08 0.69145406E-08 0.75882026E-08 0.83778906E-08 0.91751078E-08 0.10045777E-07 0.11443717E-07 0.12902552E-07 0.14821012E-07 0.17466197E-07 0.21260129E-07 0.26864147E-07 0.35305492E-07 0.48155408E-07 0.67836178E-07 0.97911910E-07 0.14384214E-06 0.21347915E-06 0.31822896E-06 0.47434193E-06 0.70461782E-06 0.10405387E-05 0.15248666E-05 0.22147027E-05
0.16371469E-09 0.20837612E-09 0.26353625E-09 0.33094920E-09 0.41322475E-09 0.51268424E-09 0.63205640E-09 0.77429677E-09 0.94255850E-09 0.11401496E-08 0.13704756E-08 0.16369673E-08 0.19429914E-08 0.22917482E-08 0.26860231E-08 0.31285450E-08 0.36264416E-08 0.41735336E-08 0.47741061E-08 0.54417600E-08 0.61542101E-08 0.69205859E-08 0.77398211E-08 0.86107059E-08 0.95322746E-08 0.10504340E-07 0.11607919E-07 0.12735808E-07 0.13953502E-07 0.15662924E-07 0.17472524E-07 0.19749442E-07 0.22762712E-07 0.26940785E-07 0.32960703E-07 0.41870867E-07 0.55335860E-07 0.75876131E-07 0.10727291E-06 0.15540847E-06 0.22881034E-06 0.34002921E-06 0.50717858E-06 0.75601288E-06 0.11225858E-05 0.16565628E-05 0.24252352E-05 0.35176923E-05
0.24859673E-09 0.31630849E-09 0.39965410E-09 0.50202835E-09 0.62662433E-09 0.77718610E-09 0.95782307E-09 0.11729831E-08 0.14274078E-08 0.17260677E-08 0.20740752E-08 0.24765751E-08 0.29384714E-08 0.34647935E-08 0.40597812E-08 0.47322783E-08 0.54839070E-08 0.63102563E-08 0.72240446E-08 0.82155679E-08 0.92892098E-08 0.10444023E-07 0.11678486E-07 0.12990909E-07 0.14380031E-07 0.15923467E-07 0.17516945E-07 0.19223573E-07 0.21069492E-07 0.23699743E-07 0.26482372E-07 0.30004115E-07 0.34691734E-07 0.41211391E-07 0.50655050E-07 0.64690641E-07 0.85860875E-07 0.11825182E-06 0.16788687E-06 0.24386590E-06 0.35967011E-06 0.53499959E-06 0.79822899E-06 0.11896148E-05 0.17653798E-05 0.26027833E-05 0.38056582E-05 0.55131828E-05
0.37494519E-09 0.47663935E-09 0.60235394E-09 0.75638802E-09 0.94378358E-09 0.11701431E-08 0.14416115E-08 0.17648347E-08 0.21468921E-08 0.25951984E-08 0.31172275E-08 0.37208899E-08 0.44135690E-08 0.52023678E-08 0.61046863E-08 0.71090580E-08 0.82280086E-08 0.94721008E-08 0.10833199E-07 0.12317107E-07 0.13923653E-07 0.15651483E-07 0.17498437E-07 0.19462167E-07 0.21615083E-07 0.23857209E-07 0.26247271E-07 0.28810387E-07 0.32097496E-07 0.35600143E-07 0.39842590E-07 0.45227677E-07 0.52443559E-07 0.62542532E-07 0.77148706E-07 0.98960611E-07 0.13199951E-06 0.18248919E-06 0.25986870E-06 0.37828114E-06 0.55864252E-06 0.83145776E-06 0.12405709E-05 0.18480447E-05 0.27403426E-05 0.40353916E-05 0.58933815E-05 0.85252714E-05
0.56141971E-09 0.71378408E-09 0.90172203E-09 0.11319027E-08 0.14118228E-08 0.17498063E-08 0.21549764E-08 0.26371928E-08 0.32068023E-08 0.38750377E-08 0.46530561E-08 0.55521735E-08 0.65895180E-08 0.77700013E-08 0.91015406E-08 0.10595705E-07 0.12266730E-07 0.14109576E-07 0.16132700E-07 0.18337870E-07 0.20724856E-07 0.23291726E-07 0.26035423E-07 0.29021850E-07 0.32156496E-07 0.35491864E-07 0.39050350E-07 0.43290700E-07 0.47816623E-07 0.53074284E-07 0.59480658E-07 0.67669726E-07 0.78672642E-07 0.94068594E-07 0.11653469E-06 0.15006735E-06 0.20091604E-06 0.27865485E-06 0.39778412E-06 0.57999441E-06 0.85730315E-06 0.12763107E-05 0.19038466E-05 0.28342776E-05 0.41981293E-05 0.61752278E-05 0.90057592E-05 0.13006978E-04
0.83537834E-09 0.10616994E-08 0.13407441E-08 0.16823652E-08 0.20976302E-08 0.25988193E-08 0.31992371E-08 0.39136508E-08 0.47573908E-08 0.57465986E-08 0.68978264E-08 0.82355486E-08 0.97671008E-08 0.11508168E-07 0.13475882E-07 0.15690079E-07 0.18150992E-07 0.20871660E-07 0.23857653E-07 0.27111544E-07 0.30633017E-07 0.34419319E-07 0.38529392E-07 0.42875341E-07 0.47502058E-07 0.52427551E-07 0.58023718E-07 0.63977848E-07 0.70702452E-07 0.78558624E-07 0.88152799E-07 0.10046689E-06 0.11700361E-06 0.14037148E-06 0.17445911E-06 0.22541204E-06 0.30273317E-06 0.42096073E-06 0.60207854E-06 0.87891216E-06 0.12998205E-05 0.19350363E-05 0.28850400E-05 0.42907786E-05 0.63489436E-05 0.93262231E-05 0.13579988E-04 0.19580031E-04
0.12346424E-08 0.15685313E-08 0.19800231E-08 0.24835720E-08 0.30952649E-08 0.38333195E-08 0.47173134E-08 0.57684799E-08 0.70093766E-08 0.84709225E-08 0.10165228E-07 0.12121996E-07 0.14371282E-07 0.16927171E-07 0.19821522E-07 0.23062851E-07 0.26671604E-07 0.30659990E-07 0.35036053E-07 0.39803493E-07 0.44961857E-07 0.50507216E-07 0.56529855E-07 0.62896438E-07 0.69676023E-07 0.76886628E-07 0.85112563E-07 0.93884644E-07 0.10380125E-06 0.11542119E-06 0.12960546E-06 0.14791715E-06 0.17268800E-06 0.20768100E-06 0.25881809E-06 0.33533601E-06 0.45149913E-06 0.62909751E-06 0.90102406E-06 0.13163020E-05 0.19470005E-05 0.28975471E-05 0.43164428E-05 0.64135452E-05 0.94775995E-05 0.13901044E-04 0.20207455E-04 0.29082340E-04
0.18124290E-08 0.23016581E-08 0.29041961E-08 0.36413064E-08 0.45365065E-08 0.56159529E-08 0.69082427E-08 0.84508101E-08 0.10265727E-07 0.12392054E-07 0.14864979E-07 0.17725326E-07 0.21000101E-07 0.24732601E-07 0.28943664E-07 0.33665127E-07 0.38919917E-07 0.44725555E-07 0.51093546E-07 0.58029151E-07 0.65531689E-07 0.73681088E-07 0.82357494E-07 0.91617529E-07 0.10146707E-06 0.11236804E-06 0.12397368E-06 0.13677860E-06 0.15128373E-06 0.16826366E-06 0.18917073E-06 0.21616994E-06 0.25278800E-06 0.30462001E-06 0.38046418E-06 0.49402676E-06 0.66644465E-06 0.92995388E-06 0.13331290E-05 0.19482186E-05 0.28812017E-05 0.42848710E-05 0.63775935E-05 0.94643976E-05 0.13965562E-04 0.20449874E-04 0.29673299E-04 0.42621990E-04
0.26426649E-08 0.33544717E-08 0.42310430E-08 0.53027142E-08 0.66036066E-08 0.81714873E-08 0.10055660E-07 0.12287676E-07 0.14920620E-07 0.18003938E-07 0.21593098E-07 0.25732373E-07 0.30481180E-07 0.35877939E-07 0.41971271E-07 0.48800471E-07 0.56398258E-07 0.64789565E-07 0.73990703E-07 0.84009060E-07 0.94917926E-07 0.10661436E-06 0.11913144E-06 0.13249732E-06 0.14673362E-06 0.16249808E-06 0.17928559E-06 0.19783086E-06 0.21880899E-06 0.24354356E-06 0.27400029E-06 0.31342094E-06 0.36699039E-06 0.44292611E-06 0.55413493E-06 0.72069723E-06 0.97353239E-06 0.13597846E-05 0.19501256E-05 0.28496930E-05 0.42118631E-05 0.62587249E-05 0.93046237E-05 0.13788682E-04 0.20313652E-04 0.29692343E-04 0.43000863E-04 0.61636988E-04
0.38270453E-08 0.48560089E-08 0.61223313E-08 0.76697365E-08 0.95539587E-08 0.11818456E-07 0.14527319E-07 0.17744480E-07 0.21537734E-07 0.25981915E-07 0.31143882E-07 0.37099047E-07 0.43928211E-07 0.51685713E-07 0.60440801E-07 0.70249226E-07 0.81157308E-07 0.93200248E-07 0.10640096E-06 0.12076968E-06 0.13641514E-06 0.15317116E-06 0.17112533E-06 0.19028447E-06 0.21113527E-06 0.23331880E-06 0.25741672E-06 0.28399515E-06 0.31423129E-06 0.34986864E-06 0.39382640E-06 0.45081638E-06 0.52836690E-06 0.63839644E-06 0.79967549E-06 0.10411191E-05 0.14074367E-05 0.19664802E-05 0.28201106E-05 0.41190988E-05 0.60830881E-05 0.90292239E-05 0.13405031E-04 0.19833760E-04 0.29167902E-04 0.42552716E-04 0.61498187E-04 0.87956856E-04
