crystal_functions/SURFLAPP.DAT
DSAA
 221 221
-0.10393494E+02  0.10393494E+02  0.94486307E-01
-0.10393494E+02  0.10393494E+02  0.94486307E-01
 0.00000000E+00  0.00000000E+00
[rows 88 to 109 of 221, columns 96 to 143 of 221]
0.17401826E+00 0.19505699E+00 0.21626379E+00 0.23685700E+00 0.25591404E+00 0.27243833E+00 0.28546424E+00 0.29419510E+00 0.29815705E+00 0.29733727E+00 0.29226473E+00 0.28399283E+00 0.27396123E+00 0.26374926E+00 0.25477301E+00 0.24800581E+00 0.24380182E+00 0.24187158E+00 0.24140853E+00 0.24131915E+00 0.24048408E+00 0.23798142E+00 0.23322806E+00 0.22602682E+00 0.21653262E+00 0.20516484E+00 0.19249585E+00 0.17914143E+00 0.16567124E+00 0.15254940E+00 0.14010755E+00 0.12854563E+00 0.11795225E+00 0.10833416E+00 0.99646219E-01 0.91815842E-01 0.84759665E-01 0.78392690E-01 0.72632197E-01 0.67398715E-01 0.62616214E-01 0.58212648E-01 0.54121307E-01 0.50282729E-01 0.46646692E-01 0.43173773E-01 0.39836093E-01 0.36617101E-01
0.20287004E+00 0.22736734E+00 0.25199274E+00 0.27576104E+00 0.29747725E+00 0.31581022E+00 0.32942822E+00 0.33719965E+00 0.33844099E+00 0.33316307E+00 0.32223847E+00 0.30740441E+00 0.29104462E+00 0.27576133E+00 0.26383295E+00 0.25671449E+00 0.25473913E+00 0.25711350E+00 0.26219338E+00 0.26793180E+00 0.27234989E+00 0.27390215E+00 0.27167077E+00 0.26539019E+00 0.25534769E+00 0.24221857E+00 0.22688640E+00 0.21028178E+00 0.19325795E+00 0.17651106E+00 0.16054447E+00 0.14567101E+00 0.13204158E+00 0.11968744E+00 0.10856351E+00 0.98584428E-01 0.89649233E-01 0.81655075E-01 0.74502615E-01 0.68096896E-01 0.62346613E-01 0.57163833E-01 0.52464870E-01 0.48172233E-01 0.44217012E-01 0.40541034E-01 0.37098220E-01 0.33854871E-01
0.23351244E+00 0.26162000E+00 0.28987101E+00 0.31706506E+00 0.34167448E+00 0.36190418E+00 0.37585365E+00 0.38180859E+00 0.37865244E+00 0.36632318E+00 0.34616967E+00 0.32102691E+00 0.29487367E+00 0.27207107E+00 0.25636241E+00 0.24995254E+00 0.25299166E+00 0.26364387E+00 0.27868953E+00 0.29441394E+00 0.30746512E+00 0.31543785E+00 0.31709459E+00 0.31227831E+00 0.30164633E+00 0.28635319E+00 0.26776585E+00 0.24724566E+00 0.22600066E+00 0.20499984E+00 0.18494018E+00 0.16625644E+00 0.14916215E+00 0.13370720E+00 0.11983729E+00 0.10744398E+00 0.96399461E-01 0.86575685E-01 0.77851627E-01 0.70113504E-01 0.63252624E-01 0.57163696E-01 0.51744788E-01 0.46899106E-01 0.42537675E-01 0.38582093E-01 0.34966565E-01 0.31638791E-01
0.26481411E+00 0.29653949E+00 0.32858484E+00 0.35956591E+00 0.38757357E+00 0.41017060E+00 0.42455546E+00 0.42797874E+00 0.41843596E+00 0.39552780E+00 0.36121513E+00 0.32009106E+00 0.27885255E+00 0.24492329E+00 0.22457019E+00 0.22116739E+00 0.23428526E+00 0.25996293E+00 0.29201591E+00 0.32381439E+00 0.34985709E+00 0.36667678E+00 0.37297915E+00 0.36922275E+00 0.35696791E+00 0.33826640E+00 0.31522459E+00 0.28975005E+00 0.26343026E+00 0.23748877E+00 0.21278557E+00 0.18984870E+00 0.16893059E+00 0.15008022E+00 0.13321772E+00 0.11819822E+00 0.10485700E+00 0.93034261E-01 0.82583611E-01 0.73371014E-01 0.65270077E-01 0.58158139E-01 0.51914925E-01 0.46423773E-01 0.41574669E-01 0.37267690E-01 0.33415890E-01 0.29946936E-01
0.29524892E+00 0.33047693E+00 0.36659052E+00 0.40216179E+00 0.43492093E+00 0.46158460E+00 0.47794500E+00 0.47943192E+00 0.46226578E+00 0.42506502E+00 0.37041338E+00 0.30561663E+00 0.24193328E+00 0.19208376E+00 0.16667715E+00 0.17089643E+00 0.20286349E+00 0.25441011E+00 0.31386829E+00 0.36961452E+00 0.41294236E+00 0.43938904E+00 0.44848013E+00 0.44248521E+00 0.42494934E+00 0.39954959E+00 0.36946854E+00 0.33719865E+00 0.30458266E+00 0.27292514E+00 0.24309329E+00 0.21559435E+00 0.19064561E+00 0.16824976E+00 0.14827366E+00 0.13051929E+00 0.11477548E+00 0.10084636E+00 0.88559874E-01 0.77763598E-01 0.68316363E-01 0.60080935E-01 0.52920640E-01 0.46699998E-01 0.41288032E-01 0.36562705E-01 0.32414907E-01 0.28751110E-01
0.32302376E+00 0.36166071E+00 0.40260757E+00 0.44478654E+00 0.48581377E+00 0.52144949E+00 0.54541533E+00 0.55004217E+00 0.52810435E+00 0.47574309E+00 0.39564079E+00 0.29892648E+00 0.20422965E+00 0.13325529E+00 0.10401646E+00 0.12446002E+00 0.18948617E+00 0.28285865E+00 0.38305184E+00 0.47022769E+00 0.53136995E+00 0.56199111E+00 0.56469055E+00 0.54606787E+00 0.51365236E+00 0.47387968E+00 0.43132206E+00 0.38881522E+00 0.34796445E+00 0.30964144E+00 0.27430716E+00 0.24216705E+00 0.21323567E+00 0.18737948E+00 0.16436801E+00 0.14393039E+00 0.12580248E+00 0.10975330E+00 0.95590237E-01 0.83149969E-01 0.72284293E-01 0.62848292E-01 0.54694163E-01 0.47671037E-01 0.41628786E-01 0.36423835E-01 0.31924673E-01 0.28015902E-01
0.34639755E+00 0.38874601E+00 0.43660340E+00 0.49018421E+00 0.54782291E+00 0.60464988E+00 0.65166687E+00 0.67615499E+00 0.66433285E+00 0.60647258E+00 0.50321577E+00 0.37018664E+00 0.23740832E+00 0.14166032E+00 0.11364100E+00 0.16554010E+00 0.28547847E+00 0.44198454E+00 0.59617465E+00 0.71536305E+00 0.78193437E+00 0.79480121E+00 0.76484316E+00 0.70794087E+00 0.63900042E+00 0.56869753E+00 0.50291475E+00 0.44383884E+00 0.39154520E+00 0.34528996E+00 0.30423992E+00 0.26772561E+00 0.23523596E+00 0.20634286E+00 0.18065287E+00 0.15780271E+00 0.13747648E+00 0.11941814E+00 0.10342859E+00 0.89348698E-01 0.77037577E-01 0.66354919E-01 0.57151313E-01 0.49267089E-01 0.42537146E-01 0.36798515E-01 0.31898113E-01 0.27698690E-01
0.36426170E+00 0.41177033E+00 0.47144180E+00 0.54682112E+00 0.63909377E+00 0.74425344E+00 0.85036916E+00 0.93672466E+00 0.97704424E+00 0.94812486E+00 0.84238550E+00 0.67890340E+00 0.50513051E+00 0.38398040E+00 0.36899024E+00 0.47930057E+00 0.68884867E+00 0.93676161E+00 0.11531353E+01 0.12857898E+01 0.13150503E+01 0.12525224E+01 0.11287633E+01 0.97835340E+00 0.82899358E+00 0.69702955E+00 0.58829091E+00 0.50162180E+00 0.43269916E+00 0.37677667E+00 0.33004234E+00 0.28991742E+00 0.25481235E+00 0.22375393E+00 0.19609846E+00 0.17137822E+00 0.14924215E+00 0.12943485E+00 0.11177728E+00 0.96139577E-01 0.82410551E-01 0.70473020E-01 0.60190383E-01 0.51404544E-01 0.43942175E-01 0.37625022E-01 0.32280523E-01 0.27750436E-01
0.37704362E+00 0.43360788E+00 0.51533049E+00 0.63311481E+00 0.79560067E+00 0.10034469E+01 0.12424817E+01 0.14789974E+01 0.16623198E+01 0.17391473E+01 0.16788567E+01 0.14996626E+01 0.12779812E+01 0.11265268E+01 0.11442450E+01 0.13634937E+01 0.17277942E+01 0.21162334E+01 0.23997805E+01 0.24953998E+01 0.23900808E+01 0.21298986E+01 0.17890302E+01 0.14385650E+01 0.11275976E+01 0.87874223E+00 0.69351666E+00 0.56140377E+00 0.46799567E+00 0.40016258E+00 0.34820359E+00 0.30593777E+00 0.26984389E+00 0.23804993E+00 0.20956371E+00 0.18382375E+00 0.16048913E+00 0.13935386E+00 0.12030291E+00 0.10327289E+00 0.88213246E-01 0.75055038E-01 0.63693791E-01 0.53987032E-01 0.45762792E-01 0.38833549E-01 0.33010759E-01 0.28116979E-01
0.38797053E+00 0.46197768E+00 0.58508109E+00 0.78274298E+00 0.10795308E+01 0.14878840E+01 0.19925168E+01 0.25365021E+01 0.30204002E+01 0.33265443E+01 0.33707848E+01 0.31628741E+01 0.28360519E+01 0.26086023E+01 0.26786040E+01 0.31078504E+01 0.37734734E+01 0.44253854E+01 0.48124786E+01 0.47958207E+01 0.43876737E+01 0.37136323E+01 0.29390052E+01 0.22047520E+01 0.15957656E+01 0.11401220E+01 0.82586621E+00 0.62164348E+00 0.49283433E+00 0.41056264E+00 0.35461346E+00 0.31266618E+00 0.27807557E+00 0.24763024E+00 0.21990973E+00 0.19431746E+00 0.17061350E+00 0.14872408E+00 0.12866383E+00 0.11048659E+00 0.94241989E-01 0.79940129E-01 0.67532094E-01 0.56908245E-01 0.47909891E-01 0.40348016E-01 0.34022900E-01 0.28740594E-01
0.40466666E+00 0.51193629E+00 0.70984757E+00 0.10497824E+01 0.15851723E+01 0.23498249E+01 0.33253037E+01 0.44086166E+01 0.54036514E+01 0.60640375E+01 0.61978401E+01 0.58002050E+01 0.51296971E+01 0.46386775E+01 0.47486364E+01 0.55918336E+01 0.69027722E+01 0.81506256E+01 0.88223645E+01 0.86631511E+01 0.77404198E+01 0.63416219E+01 0.48097055E+01 0.34152579E+01 0.23045222E+01 0.15101620E+01 0.99190242E+00 0.67915077E+00 0.50119776E+00 0.40223460E+00 0.34479738E+00 0.30693315E+00 0.27736000E+00 0.25105342E+00 0.22615057E+00 0.20215930E+00 0.17909655E+00 0.15714699E+00 0.13654610E+00 0.11752973E+00 0.10029431E+00 0.84963583E-01 0.71570119E-01 0.60056035E-01 0.50289287E-01 0.42088383E-01 0.35248166E-01 0.29561665E-01
0.44087488E+00 0.60844240E+00 0.93424892E+00 0.15107013E+01 0.24350572E+01 0.37687283E+01 0.54750401E+01 0.73561319E+01 0.90327224E+01 0.10021440E+02 0.99377987E+01 0.87695176E+01 0.70528122E+01 0.57486800E+01 0.57716347E+01 0.74219744E+01 0.10140542E+02 0.12803048E+02 0.14342306E+02 0.14252715E+02 0.12693943E+02 0.10248556E+02 0.75784041E+01 0.51819564E+01 0.33121344E+01 0.20114074E+01 0.11946453E+01 0.72878349E+00 0.48618136E+00 0.36927278E+00 0.31453951E+00 0.28600966E+00 0.26601651E+00 0.24729082E+00 0.22762965E+00 0.20689307E+00 0.18558863E+00 0.16433382E+00 0.14370230E+00 0.12418831E+00 0.10618594E+00 0.89968037E-01 0.75674340E-01 0.63317407E-01 0.52805279E-01 0.43973270E-01 0.36616981E-01 0.30520367E-01
0.51770126E+00 0.78789404E+00 0.13186494E+01 0.22585852E+01 0.37572638E+01 0.58919074E+01 0.85596421E+01 0.11371371E+02 0.13619770E+02 0.14417086E+02 0.13066787E+02 0.95925984E+01 0.51173353E+01 0.16582187E+01 0.11735453E+01 0.43481268E+01 0.10045944E+02 0.15939730E+02 0.19835751E+02 0.20699209E+02 0.18810666E+02 0.15239824E+02 0.11174450E+02 0.74881461E+01 0.46184184E+01 0.26439467E+01 0.14305842E+01 0.76486767E+00 0.44219541E+00 0.30743272E+00 0.26114674E+00 0.24841530E+00 0.24332745E+00 0.23602673E+00 0.22420237E+00 0.20842045E+00 0.18998319E+00 0.17015540E+00 0.14998552E+00 0.13030858E+00 0.11176680E+00 0.94814380E-01 0.79720343E-01 0.66583733E-01 0.55364332E-01 0.45922693E-01 0.38061030E-01 0.31558282E-01
0.66318391E+00 0.10966350E+01 0.19335036E+01 0.33855099E+01 0.56398138E+01 0.87330160E+01 0.12379947E+02 0.15816332E+02 0.17766380E+02 0.16693112E+02 0.11457307E+02 0.22780366E+01 -0.85388578E+01 -0.16932835E+02 -0.18909131E+02 -0.12991551E+02 -0.13782499E+01 0.11336791E+02 0.20827151E+02 0.24995301E+02 0.24193526E+02 0.20198424E+02 0.14994802E+02 0.10043358E+02 0.61026054E+01 0.33661535E+01 0.16885559E+01 0.78548277E+00 0.36944387E+00 0.21736019E+00 0.18544005E+00 0.19504361E+00 0.21013960E+00 0.21796859E+00 0.21639415E+00 0.20708376E+00 0.19246348E+00 0.17467158E+00 0.15536967E+00 0.13581221E+00 0.11693248E+00 0.99390322E-01 0.83599257E-01 0.69755469E-01 0.57878559E-01 0.47860588E-01 0.39515209E-01 0.32619893E-01
0.90847119E+00 0.15838611E+01 0.28451463E+01 0.49535305E+01 0.80726570E+01 0.12058536E+02 0.16199345E+02 0.19004366E+02 0.18232366E+02 0.11431312E+02 -0.28673456E+01 -0.23633089E+02 -0.46364772E+02 -0.63751506E+02 -0.68669777E+02 -0.58422232E+02 -0.36837988E+02 -0.11965025E+02 0.85723838E+01 0.20776158E+02 0.24632395E+02 0.22586816E+02 0.17649906E+02 0.12169179E+02 0.74817564E+01 0.40869871E+01 0.19548839E+01 0.80016370E+00 0.28022725E+00 0.10870615E+00 0.94097643E-01 0.13036682E+00 0.16942937E+00 0.19508601E+00 0.20548768E+00 0.20369022E+00 0.19350556E+00 0.17813014E+00 0.15995032E+00 0.14069911E+00 0.12162821E+00 0.10361480E+00 0.87221812E-01 0.72745635E-01 0.60268549E-01 0.49717104E-01 0.40919326E-01 0.33653893E-01
0.12790684E+01 0.22869461E+01 0.40926302E+01 0.69615030E+01 0.10904519E+02 0.15329303E+02 0.18639869E+02 0.17996304E+02 0.96852866E+01 -0.94148965E+01 -0.39632318E+02 -0.77112653E+02 -0.11422981E+03 -0.14117566E+03 -0.14895616E+03 -0.13426460E+03 -0.10228583E+03 -0.63444306E+02 -0.27682434E+02 -0.13498311E+01 0.13461375E+02 0.18377730E+02 0.16999400E+02 0.12861080E+02 0.83583576E+01 0.46952671E+01 0.22305246E+01 0.84005037E+00 0.20489376E+00 0.34285004E-02 0.13205815E-02 0.63168317E-01 0.12655658E+00 0.17064850E+00 0.19348021E+00 0.19945185E+00 0.19382618E+00 0.18092976E+00 0.16392163E+00 0.14503508E+00 0.12584385E+00 0.10743698E+00 0.90519368E-01 0.75481611E-01 0.62465250E-01 0.51430231E-01 0.42219471E-01 0.34614241E-01
0.17811584E+01 0.32095581E+01 0.56581695E+01 0.93174049E+01 0.13843213E+02 0.17775194E+02 0.17910480E+02 0.92059168E+01 -0.13565036E+02 -0.51751700E+02 -0.99253553E+02 -0.14482300E+03 -0.17940037E+03 -0.19932558E+03 -0.20303408E+03 -0.19041760E+03 -0.16481585E+03 -0.13015396E+03 -0.89490444E+02 -0.48764050E+02 -0.16293631E+02 0.31299391E+01 0.10795497E+02 0.11165657E+02 0.84122667E+01 0.51417566E+01 0.25602569E+01 0.96621799E+00 0.19340877E+00 -0.64400630E-01 -0.71679228E-01 0.60537377E-02 0.88864671E-01 0.14891855E+00 0.18285778E+00 0.19582526E+00 0.19427306E+00 0.18354811E+00 0.16753183E+00 0.14892627E+00 0.12960022E+00 0.11082997E+00 0.93441754E-01 0.77905024E-01 0.64410716E-01 0.52946795E-01 0.43368962E-01 0.35460934E-01
0.23861504E+01 0.42972060E+01 0.74366837E+01 0.11820151E+02 0.16501903E+02 0.18630580E+02 0.12536097E+02 -0.96231039E+01 -0.52756433E+02 -0.10937864E+03 -0.15584091E+03 -0.16738848E+03 -0.14396533E+03 -0.11221205E+03 -0.95651790E+02 -0.10131483E+03 -0.12704051E+03 -0.15362629E+03 -0.15237680E+03 -0.11654361E+03 -0.66428442E+02 -0.25280041E+02 -0.19629556E+01 0.68383336E+01 0.76901015E+01 0.55432947E+01 0.30568212E+01 0.12670027E+01 0.30763371E+00 -0.54836784E-01 -0.10062369E+00 -0.26826382E-01 0.64398964E-01 0.13442458E+00 0.17617242E+00 0.19425828E+00 0.19566951E+00 0.18644573E+00 0.17102444E+00 0.15248422E+00 0.13292951E+00 0.11378060E+00 0.95952467E-01 0.79969959E-01 0.66057797E-01 0.54222765E-01 0.44328768E-01 0.36160464E-01
0.30205182E+01 0.54206226E+01 0.92151075E+01 0.14150523E+02 0.18457398E+02 0.17432208E+02 0.23521784E+01 -0.36834902E+02 -0.99704506E+02 -0.15802050E+03 -0.15711631E+03 -0.63750677E+02 0.71353050E+02 0.15983103E+03 0.18671913E+03 0.17060534E+03 0.87826148E+02 -0.54780656E+02 -0.16526141E+03 -0.18036548E+03 -0.12743253E+03 -0.63216059E+02 -0.19507946E+02 0.92292330E+00 0.67907432E+01 0.62164709E+01 0.38846056E+01 0.18329629E+01 0.60134643E+00 0.65119915E-01 -0.65498029E-01 -0.23707450E-01 0.59861442E-01 0.13090148E+00 0.17548411E+00 0.19588606E+00 0.19864177E+00 0.18996434E+00 0.17457719E+00 0.15578939E+00 0.13585410E+00 0.11627767E+00 0.98022666E-01 0.81640146E-01 0.67369056E-01 0.55222988E-01 0.45067658E-01 0.36685970E-01
0.35702786E+01 0.63823570E+01 0.10681661E+02 0.15885186E+02 0.19288186E+02 0.14165196E+02 -0.11091860E+02 -0.66482083E+02 -0.13892479E+03 -0.16756248E+03 -0.66965135E+02 0.14230087E+03 0.27066962E+03 0.25719173E+03 0.23283290E+03 0.26477648E+03 0.28268074E+03 0.14254085E+03 -0.89697949E+02 -0.20578596E+03 -0.17889917E+03 -0.10036588E+03 -0.36969302E+02 -0.43360783E+01 0.66937627E+01 0.75451176E+01 0.51757846E+01 0.27069306E+01 0.10914242E+01 0.30547876E+00 0.40864561E-01 0.20363106E-01 0.78390649E-01 0.14019178E+00 0.18181452E+00 0.20125254E+00 0.20347061E+00 0.19424327E+00 0.17825277E+00 0.15886143E+00 0.13836871E+00 0.11830154E+00 0.99625340E-01 0.82885929E-01 0.68315280E-01 0.55920556E-01 0.45561902E-01 0.37017145E-01
0.39065855E+01 0.69598803E+01 0.11490426E+02 0.16575259E+02 0.18629317E+02 0.91538089E+01 -0.25409139E+02 -0.92155615E+02 -0.15976218E+03 -0.13155303E+03 0.73952844E+02 0.26788440E+03 0.20742774E+03 0.98920214E+02 0.65953364E+02 0.10311839E+03 0.21479708E+03 0.26178310E+03 0.43259799E+02 -0.17580051E+03 -0.20160493E+03 -0.12459955E+03 -0.48476654E+02 -0.65719538E+01 0.81885150E+01 0.97012442E+01 0.69044243E+01 0.38288010E+01 0.17328949E+01 0.64132271E+00 0.20683317E+00 0.10053710E+00 0.11808375E+00 0.16153117E+00 0.19480686E+00 0.21014802E+00 0.21001079E+00 0.19917659E+00 0.18197382E+00 0.16164355E+00 0.14043013E+00 0.11981765E+00 0.10073130E+00 0.83681885E-01 0.68874155E-01 0.56296033E-01 0.45794839E-01 0.37139944E-01
0.39288147E+01 0.69821517E+01 0.11385997E+02 0.15921517E+02 0.16342834E+02 0.29625750E+01 -0.38641134E+02 -0.11161942E+03 -0.16765714E+03 -0.83968346E+02 0.17697688E+03 0.26023501E+03 0.96705603E+02 0.20180628E+02 0.15720000E+02 0.21337442E+02 0.10046019E+03 0.25611047E+03 0.15550727E+03 -0.11427015E+03 -0.19438447E+03 -0.13046376E+03 -0.50810474E+02 -0.47939131E+01 0.11262658E+02 0.12409572E+02 0.88077678E+01 0.50148802E+01 0.24157151E+01 0.10132003E+01 0.40250608E+00 0.20240103E+00 0.17207570E+00 0.19158052E+00 0.21274933E+00 0.22162999E+00 0.21770788E+00 0.20442435E+00 0.18552904E+00 0.16400478E+00 0.14195753E+00 0.12077554E+00 0.10130796E+00 0.84005705E-01 0.69029358E-01 0.56336794E-01 0.45756370E-01 0.37046184E-01
