crystal_functions/SURFLAPP.DAT
DSAA
 221 221
-0.10393494E+02  0.10393494E+02  0.94486307E-01
-0.10393494E+02  0.10393494E+02  0.94486307E-01
 0.00000000E+00  0.00000000E+00
[rows 44 to 65 of 221, columns 96 to 143 of 221]
0.95474518E-02 0.11307518E-01 0.13360202E-01 0.15738345E-01 0.18475442E-01 0.21606008E-01 0.25166440E-01 0.29196282E-01 0.33739515E-01 0.38845136E-01 0.44565868E-01 0.50953553E-01 0.58049622E-01 0.65869406E-01 0.74379770E-01 0.83471007E-01 0.92925826E-01 0.10239064E+00 0.11135670E+00 0.11916055E+00 0.12501358E+00 0.12806834E+00 0.12752350E+00 0.12275994E+00 0.11348811E+00 0.99876293E-01 0.82623791E-01 0.62949311E-01 0.42482380E-01 0.23071898E-01 0.65498215E-02 -0.55009873E-02 -0.11932777E-01 -0.12150787E-01 -0.61614059E-02 0.54409342E-02 0.21541380E-01 0.40625278E-01 0.60948597E-01 0.80743117E-01 0.98425861E-01 0.11277384E+00 0.12303090E+00 0.12893119E+00 0.13064585E+00 0.12867619E+00 0.12372390E+00 0.11656629E+00
0.10457295E-01 0.12398754E-01 0.14660732E-01 0.17278390E-01 0.20287881E-01 0.23727148E-01 0.27637348E-01 0.32064648E-01 0.37061775E-01 0.42688137E-01 0.49006809E-01 0.56076291E-01 0.63934837E-01 0.72575713E-01 0.81912896E-01 0.91738856E-01 0.10167895E+00 0.11115058E+00 0.11933911E+00 0.12520577E+00 0.12754352E+00 0.12509323E+00 0.11672248E+00 0.10165161E+00 0.79689798E-01 0.51423767E-01 0.18294680E-01 -0.17484807E-01 -0.53178944E-01 -0.85892212E-01 -0.11295384E+00 -0.13222565E+00 -0.14227666E+00 -0.14243240E+00 -0.13275376E+00 -0.11400239E+00 -0.87608524E-01 -0.55608595E-01 -0.20501376E-01 0.15001043E-01 0.48297184E-01 0.77219911E-01 0.10027643E+00 0.11675064E+00 0.12666135E+00 0.13061112E+00 0.12958013E+00 0.12471818E+00
0.11400949E-01 0.13528738E-01 0.16004926E-01 0.18866953E-01 0.22153769E-01 0.25907181E-01 0.30173911E-01 0.35007910E-01 0.40471905E-01 0.46636434E-01 0.53573899E-01 0.61344701E-01 0.69972497E-01 0.79406418E-01 0.89469844E-01 0.99798400E-01 0.10977421E+00 0.11846916E+00 0.12461617E+00 0.12663335E+00 0.12272715E+00 0.11109505E+00 0.90229410E-01 0.59291553E-01 0.18482580E-01 -0.30701296E-01 -0.85449561E-01 -0.14192914E+00 -0.19585727E+00 -0.24320012E+00 -0.28076489E+00 -0.30648662E+00 -0.31935584E+00 -0.31911541E+00 -0.30596566E+00 -0.28047960E+00 -0.24376612E+00 -0.19773500E+00 -0.14523392E+00 -0.89891248E-01 -0.35659040E-01 0.13795649E-01 0.55640930E-01 0.88207133E-01 0.11103411E+00 0.12468509E+00 0.13042898E+00 0.12989592E+00
0.12370425E-01 0.14687506E-01 0.17380509E-01 0.20489119E-01 0.24055259E-01 0.28125083E-01 0.32751707E-01 0.37997919E-01 0.43937309E-01 0.50651288E-01 0.58218577E-01 0.66693116E-01 0.76066468E-01 0.86211888E-01 0.96809801E-01 0.10725885E+00 0.11658336E+00 0.12335707E+00 0.12567392E+00 0.12120634E+00 0.10739545E+00 0.81807076E-01 0.42653288E-01 -0.10585109E-01 -0.76587045E-01 -0.15189957E+00 -0.23115929E+00 -0.30793248E+00 -0.37602365E+00 -0.43082857E+00 -0.47018266E+00 -0.49430215E+00 -0.50481542E+00 -0.50335524E+00 -0.49045405E+00 -0.46534278E+00 -0.42674438E+00 -0.37419177E+00 -0.30914070E+00 -0.23531460E+00 -0.15815122E+00 -0.83645795E-01 -0.17095354E-01 0.37810400E-01 0.79342228E-01 0.10757297E+00 0.12390307E+00 0.13048824E+00
0.13356649E-01 0.15863869E-01 0.18773843E-01 0.22128475E-01 0.25972856E-01 0.30357972E-01 0.35344086E-01 0.41003612E-01 0.47421204E-01 0.54687549E-01 0.62882188E-01 0.72039971E-01 0.82095935E-01 0.92804964E-01 0.10363621E+00 0.11364866E+00 0.12136465E+00 0.12467266E+00 0.12080936E+00 0.10648890E+00 0.78255499E-01 0.33118406E-01 -0.30538137E-01 -0.11190919E+00 -0.20691174E+00 -0.30799046E+00 -0.40502657E+00 -0.48745617E+00 -0.54713882E+00 -0.58098498E+00 -0.59214990E+00 -0.58892273E+00 -0.58133462E+00 -0.57673551E+00 -0.57644457E+00 -0.57525587E+00 -0.56404786E+00 -0.53404091E+00 -0.48056753E+00 -0.40483032E+00 -0.31332451E+00 -0.21560329E+00 -0.12151407E+00 -0.38943171E-01 0.27354173E-01 0.75820159E-01 0.10741935E+00 0.12467943E+00
0.14349626E-01 0.17045617E-01 0.20170181E-01 0.23767414E-01 0.27885755E-01 0.32581444E-01 0.37922461E-01 0.43991195E-01 0.50882683E-01 0.58693660E-01 0.67496201E-01 0.77288891E-01 0.87918707E-01 0.98968960E-01 0.10961372E+00 0.11844865E+00 0.12332435E+00 0.12123239E+00 0.10832649E+00 0.80194471E-01 0.32515533E-01 -0.37793262E-01 -0.13097021E+00 -0.24264966E+00 -0.36263409E+00 -0.47513041E+00 -0.56119178E+00 -0.60338031E+00 -0.59170406E+00 -0.52903388E+00 -0.43355487E+00 -0.33573875E+00 -0.26895910E+00 -0.25660090E+00 -0.30199591E+00 -0.38706188E+00 -0.48045430E+00 -0.55030405E+00 -0.57486363E+00 -0.54717078E+00 -0.47382893E+00 -0.37021153E+00 -0.25462382E+00 -0.14335702E+00 -0.47756341E-01 0.26506256E-01 0.78545245E-01 0.11065419E+00
0.15338615E-01 0.18219745E-01 0.21553944E-01 0.25387453E-01 0.29772188E-01 0.34769929E-01 0.40456641E-01 0.46924460E-01 0.54277091E-01 0.62612350E-01 0.71983809E-01 0.82332392E-01 0.93379202E-01 0.10447373E+00 0.11439876E+00 0.12114763E+00 0.12171475E+00 0.11198057E+00 0.86828042E-01 0.40690236E-01 -0.31231580E-01 -0.13089951E+00 -0.25461533E+00 -0.39009970E+00 -0.51479559E+00 -0.59695842E+00 -0.60053438E+00 -0.49390996E+00 -0.26198924E+00 0.80267675E-01 0.47853530E+00 0.84375702E+00 0.10772646E+01 0.11094728E+01 0.93138093E+00 0.59869627E+00 0.20584644E+00 -0.15305169E+00 -0.41393365E+00 -0.55230919E+00 -0.57652257E+00 -0.51461413E+00 -0.40171511E+00 -0.27055008E+00 -0.14572179E+00 -0.41806677E-01 0.35536566E-01 0.86907506E-01
0.16312326E-01 0.19372690E-01 0.22909000E-01 0.26969553E-01 0.31609771E-01 0.36897053E-01 0.42915230E-01 0.49765289E-01 0.57556820E-01 0.66382173E-01 0.76263093E-01 0.87058306E-01 0.98321016E-01 0.10909924E+00 0.11768212E+00 0.12131697E+00 0.11596163E+00 0.96203286E-01 0.55571792E-01 -0.12408422E-01 -0.11201035E+00 -0.24164878E+00 -0.38903502E+00 -0.52638668E+00 -0.60774920E+00 -0.57023997E+00 -0.34034085E+00 0.15217980E+00 0.94714157E+00 0.20125554E+01 0.32072325E+01 0.42849222E+01 0.49653446E+01 0.50492732E+01 0.45119964E+01 0.35152003E+01 0.23295578E+01 0.12183537E+01 0.35147255E+00 -0.21441240E+00 -0.50515911E+00 -0.58617752E+00 -0.53135197E+00 -0.40643585E+00 -0.26136110E+00 -0.12799246E+00 -0.22020200E-01 0.52628986E-01
0.17259116E-01 0.20490571E-01 0.24218943E-01 0.28494432E-01 0.33375851E-01 0.38936038E-01 0.45266127E-01 0.52474388E-01 0.60672591E-01 0.69939897E-01 0.80251602E-01 0.91358439E-01 0.10260285E+00 0.11266404E+00 0.11923843E+00 0.11869433E+00 0.10580226E+00 0.73750248E-01 0.14819167E-01 -0.77703114E-01 -0.20567118E+00 -0.35986527E+00 -0.51194067E+00 -0.60632848E+00 -0.55385947E+00 -0.22731002E+00 0.53841682E+00 0.19248560E+01 0.40571159E+01 0.68741052E+01 0.10012191E+02 0.12824153E+02 0.14585460E+02 0.14792673E+02 0.13385381E+02 0.10772779E+02 0.76518390E+01 0.47129621E+01 0.23982005E+01 0.83579076E+00 -0.66380846E-01 -0.48499084E+00 -0.59260252E+00 -0.52608498E+00 -0.38337404E+00 -0.22749563E+00 -0.92621559E-01 0.80858442E-02
0.18167192E-01 0.21559419E-01 0.25467358E-01 0.29942866E-01 0.35047867E-01 0.40860152E-01 0.47477155E-01 0.55012277E-01 0.63575135E-01 0.73223529E-01 0.83871805E-01 0.95138269E-01 0.10611541E+00 0.11505409E+00 0.11897403E+00 0.11326082E+00 0.91404897E-01 0.45209768E-01 -0.33931538E-01 -0.15175800E+00 -0.30476352E+00 -0.47012355E+00 -0.59261230E+00 -0.56953251E+00 -0.23122621E+00 0.68773021E+00 0.25721984E+01 0.58776514E+01 0.10914381E+02 0.17489513E+02 0.24669240E+02 0.30953056E+02 0.34811283E+02 0.35252357E+02 0.32162686E+02 0.26342265E+02 0.19234452E+02 0.12400631E+02 0.69453601E+01 0.32335233E+01 0.10447278E+01 -0.67844369E-01 -0.51630607E+00 -0.59509525E+00 -0.49474203E+00 -0.33219093E+00 -0.17255942E+00 -0.45112321E-01
0.19024808E-01 0.22565411E-01 0.26638085E-01 0.31296004E-01 0.36603722E-01 0.42643207E-01 0.49516785E-01 0.57340447E-01 0.66217137E-01 0.76175597E-01 0.87056584E-01 0.98326006E-01 0.10879608E+00 0.11624589E+00 0.11696247E+00 0.10529249E+00 0.73436013E-01 0.11975741E-01 -0.87941326E-01 -0.22934411E+00 -0.39948237E+00 -0.55428244E+00 -0.59710677E+00 -0.34789060E+00 0.51238420E+00 0.25329210E+01 0.65564594E+01 0.13546585E+02 0.23982741E+02 0.37105467E+02 0.50789672E+02 0.62278447E+02 0.69130840E+02 0.69894642E+02 0.64414220E+02 0.53850818E+02 0.40448360E+02 0.26958327E+02 0.15744205E+02 0.79246935E+01 0.32655639E+01 0.85121290E+00 -0.22189822E+00 -0.57500615E+00 -0.57549338E+00 -0.43142583E+00 -0.25617791E+00 -0.10399418E+00
0.19820474E-01 0.23495100E-01 0.27715486E-01 0.32535673E-01 0.38022181E-01 0.44260099E-01 0.51354955E-01 0.59422621E-01 0.68555203E-01 0.78746177E-01 0.89753785E-01 0.10087917E+00 0.11063798E+00 0.11631821E+00 0.11345747E+00 0.95369116E-01 0.53047282E-01 -0.23837768E-01 -0.14352344E+00 -0.30427148E+00 -0.47975642E+00 -0.59610896E+00 -0.49714009E+00 0.11947662E+00 0.18343212E+01 0.57097122E+01 0.13352991E+02 0.26334558E+02 0.44831731E+02 0.66745955E+02 0.88309941E+02 0.10517411E+03 0.11426500E+03 0.11519422E+03 0.10806779E+03 0.92896398E+02 0.72094261E+02 0.49893097E+02 0.30295457E+02 0.15908296E+02 0.70894084E+01 0.24714536E+01 0.36627010E+00 -0.43298518E+00 -0.60780783E+00 -0.51433155E+00 -0.33677886E+00 -0.16453161E+00
0.20543160E-01 0.24335653E-01 0.28684722E-01 0.33644720E-01 0.39283300E-01 0.45687407E-01 0.52963908E-01 0.61225981E-01 0.70551597E-01 0.80895201E-01 0.91928940E-01 0.10278712E+00 0.11169082E+00 0.11544780E+00 0.10887657E+00 0.84330657E-01 0.31771501E-01 -0.59637869E-01 -0.19659940E+00 -0.37065029E+00 -0.53799306E+00 -0.58693934E+00 -0.28163635E+00 0.86003442E+00 0.38262062E+01 0.10453847E+02 0.23308922E+02 0.44222164E+02 0.72243410E+02 0.10304867E+03 0.12669508E+03 0.12957437E+03 0.11691423E+03 0.11455967E+03 0.12702393E+03 0.12952806E+03 0.10987719E+03 0.79614102E+02 0.50380371E+02 0.27517247E+02 0.12796109E+02 0.49138798E+01 0.12862934E+01 -0.15541402E+00 -0.58242733E+00 -0.57287687E+00 -0.40800369E+00 -0.22223672E+00
0.21182539E-01 0.25075123E-01 0.29532059E-01 0.34607374E-01 0.40368892E-01 0.46904006E-01 0.54319039E-01 0.62722274E-01 0.72175561E-01 0.82593696E-01 0.93565628E-01 0.10406880E+00 0.11205237E+00 0.11388810E+00 0.10375485E+00 0.73183937E-01 0.11341391E-01 -0.92700492E-01 -0.24336653E+00 -0.42416684E+00 -0.57149727E+00 -0.53050302E+00 0.31501622E-01 0.18317140E+01 0.63991071E+01 0.16516376E+02 0.35587674E+02 0.65025377E+02 0.10186242E+03 0.13039285E+03 0.98270232E+02 -0.30892425E+02 -0.16405931E+03 -0.18118589E+03 -0.67758799E+02 0.75250234E+02 0.13103024E+03 0.11072855E+03 0.73432934E+02 0.41676890E+02 0.20059381E+02 0.80720802E+01 0.24906734E+01 0.23692605E+00 -0.50439699E+00 -0.60457899E+00 -0.46522939E+00 -0.27288573E+00
0.21729257E-01 0.25702753E-01 0.30245219E-01 0.35409666E-01 0.41263036E-01 0.47891711E-01 0.55399691E-01 0.63888726E-01 0.73404114E-01 0.83823867E-01 0.94663475E-01 0.10476586E+00 0.11185174E+00 0.11193346E+00 0.98675015E-01 0.62974720E-01 -0.65321837E-02 -0.12053456E+00 -0.28085629E+00 -0.46285714E+00 -0.58344223E+00 -0.44457755E+00 0.38896996E+00 0.28949028E+01 0.91926767E+01 0.22979444E+02 0.48113172E+02 0.85083150E+02 0.12479719E+03 0.10216343E+03 -0.12943989E+03 -0.46948652E+03 -0.47367547E+03 -0.42987704E+03 -0.51536020E+03 -0.21431618E+03 0.70497455E+02 0.13033071E+03 0.95319282E+02 0.55968491E+02 0.27752065E+02 0.11498139E+02 0.38076283E+01 0.67931309E+00 -0.39535360E+00 -0.61358764E+00 -0.50639651E+00 -0.31312665E+00
0.22175249E-01 0.26209334E-01 0.30813795E-01 0.36039905E-01 0.41952649E-01 0.48635950E-01 0.56189913E-01 0.64708760E-01 0.74222395E-01 0.84578226E-01 0.95234351E-01 0.10493265E+00 0.11122723E+00 0.10987511E+00 0.94186313E-01 0.54649151E-01 -0.20375784E-01 -0.14116997E+00 -0.30720001E+00 -0.48702040E+00 -0.58166007E+00 -0.35743358E+00 0.70903004E+00 0.38243887E+01 0.11612340E+02 0.28451269E+02 0.58293290E+02 0.10041212E+03 0.13043963E+03 -0.67958668E+01 -0.44746781E+03 0.52135899E+03 0.10930031E+05 0.14112514E+05 0.18272003E+04 -0.52392520E+03 -0.91079044E+02 0.12395987E+03 0.11142477E+03 0.67503386E+02 0.34220763E+02 0.14455688E+02 0.49548780E+01 0.10705624E+01 -0.28953770E+00 -0.60924102E+00 -0.53186375E+00 -0.34076826E+00
0.22514125E-01 0.26587651E-01 0.31229743E-01 0.36489239E-01 0.42428112E-01 0.49126468E-01 0.56679183E-01 0.65172586E-01 0.74623696E-01 0.84858201E-01 0.95297802E-01 0.10462528E+00 0.11030336E+00 0.10795727E+00 0.90727307E-01 0.48930218E-01 -0.29122776E-01 -0.15331607E+00 -0.32155552E+00 -0.49830095E+00 -0.57542089E+00 -0.29885227E+00 0.90580224E+00 0.43784154E+01 0.13027842E+02 0.31574197E+02 0.63918600E+02 0.10825096E+03 0.12394600E+03 -0.11042364E+03 -0.51768493E+03 0.82305291E+04 0.66438548E+05 0.84135606E+04 0.17683817E+05 -0.30571394E+03 -0.22774583E+03 0.10481677E+03 0.11914190E+03 0.73863535E+02 0.37890787E+02 0.16171061E+02 0.56280930E+01 0.13035980E+01 -0.22283315E+00 -0.60222016E+00 -0.54332728E+00 -0.35470462E+00
0.22741633E-01 0.26832991E-01 0.31487967E-01 0.36752305E-01 0.42683990E-01 0.49358080E-01 0.56863145E-01 0.65277742E-01 0.74609448E-01 0.84672784E-01 0.94876926E-01 0.10389211E+00 0.10917180E+00 0.10634208E+00 0.88566734E-01 0.46229720E-01 -0.32215520E-01 -0.15639678E+00 -0.32381601E+00 -0.49839386E+00 -0.57145766E+00 -0.28878558E+00 0.92290892E+00 0.43991896E+01 0.13037906E+02 0.31538975E+02 0.63780541E+02 0.10795284E+03 0.12378015E+03 -0.10847989E+03 -0.51424113E+03 0.80107463E+04 0.66675805E+05 0.25527848E+05 0.17151438E+05 -0.31400117E+03 -0.22527529E+03 0.10508190E+03 0.11894048E+03 0.73732274E+02 0.37833091E+02 0.16155369E+02 0.56295929E+01 0.13088887E+01 -0.21856067E+00 -0.59979508E+00 -0.54234628E+00 -0.35461904E+00
0.22856200E-01 0.26943767E-01 0.31586997E-01 0.36827971E-01 0.42719822E-01 0.49331487E-01 0.56744377E-01 0.65029688E-01 0.74189367E-01 0.84037758E-01 0.93995801E-01 0.10276796E+00 0.10788012E+00 0.10508984E+00 0.87772574E-01 0.46607291E-01 -0.29639254E-01 -0.15051300E+00 -0.31431781E+00 -0.48804396E+00 -0.57111556E+00 -0.32925543E+00 0.75807530E+00 0.38861088E+01 0.11649087E+02 0.28370304E+02 0.57937317E+02 0.99605602E+02 0.12961908E+03 -0.35007617E+01 -0.43439705E+03 0.45041540E+03 0.10044797E+05 0.12922732E+05 0.16371559E+04 -0.51639308E+03 -0.85866459E+02 0.12407899E+03 0.11082766E+03 0.67147933E+02 0.34069072E+02 0.14417612E+02 0.49616987E+01 0.10863122E+01 -0.27735164E+00 -0.60250419E+00 -0.52927157E+00 -0.34071486E+00
0.22859557E-01 0.26922208E-01 0.31529764E-01 0.36720170E-01 0.42540994E-01 0.49054161E-01 0.56333229E-01 0.64442516E-01 0.73381938E-01 0.82975823E-01 0.92679138E-01 0.10127322E+00 0.10643050E+00 0.10415823E+00 0.88213651E-01 0.49779032E-01 -0.21897348E-01 -0.13638570E+00 -0.29372716E+00 -0.46684804E+00 -0.57005905E+00 -0.40403775E+00 0.46312054E+00 0.29942701E+01 0.92698612E+01 0.22911670E+02 0.47683612E+02 0.84024325E+02 0.12316518E+03 0.10276369E+03 -0.11893000E+03 -0.44804271E+03 -0.47053856E+03 -0.43779197E+03 -0.49912609E+03 -0.20177262E+03 0.73402952E+02 0.12950100E+03 0.94436593E+02 0.55491288E+02 0.27561354E+02 0.11459574E+02 0.38247924E+01 0.70468829E+00 -0.37714801E+00 -0.60406558E+00 -0.50316968E+00 -0.31366583E+00
0.22757450E-01 0.26775158E-01 0.31324453E-01 0.36438810E-01 0.42159679E-01 0.48541264E-01 0.55648705E-01 0.63539790E-01 0.72215283E-01 0.81517722E-01 0.90954272E-01 0.99417980E-01 0.10478852E+00 0.10341977E+00 0.89592125E-01 0.55171455E-01 -0.99376357E-02 -0.11529937E+00 -0.26314057E+00 -0.43391276E+00 -0.56059189E+00 -0.48611472E+00 0.11970014E+00 0.19598329E+01 0.65246941E+01 0.16519624E+02 0.35243064E+02 0.64035394E+02 0.10000496E+03 0.12834612E+03 0.99657215E+02 -0.21373180E+02 -0.14755365E+03 -0.16406849E+03 -0.56191239E+02 0.79000107E+02 0.13024559E+03 0.10929444E+03 0.72493763E+02 0.41208156E+02 0.19894091E+02 0.80554741E+01 0.25215488E+01 0.26945887E+00 -0.48322566E+00 -0.59451912E+00 -0.46275799E+00 -0.27479905E+00
0.22560414E-01 0.26514916E-01 0.30985431E-01 0.36000744E-01 0.41595823E-01 0.47816630E-01 0.54719402E-01 0.62355489E-01 0.70728297E-01 0.79704138E-01 0.88854988E-01 0.97210164E-01 0.10289967E+00 0.10269368E+00 0.91500015E-01 0.62011398E-01 0.49642694E-02 -0.89024072E-01 -0.22427767E+00 -0.38895129E+00 -0.53527286E+00 -0.54840906E+00 -0.19334001E+00 0.10012586E+01 0.39924188E+01 0.10552563E+02 0.23150732E+02 0.43535249E+02 0.70762847E+02 0.10070258E+03 0.12408373E+03 0.12816137E+03 0.11740624E+03 0.11551718E+03 0.12661785E+03 0.12776830E+03 0.10797326E+03 0.78252790E+02 0.49599281E+02 0.27167257E+02 0.12701597E+02 0.49301386E+01 0.13290685E+01 -0.12022424E+00 -0.56211359E+00 -0.56482208E+00 -0.40779032E+00 -0.22634065E+00
