crystal_functions/SURFLAPP_ref.DAT
DSAA
 221 221
-0.10393494E+02  0.10393494E+02  0.94486307E-01
-0.10393494E+02  0.10393494E+02  0.94486307E-01
 0.00000000E+00  0.00000000E+00
[rows 176 to 197 of 221, columns 0 to 47 of 221]
0.10566593E-05 0.13993951E-05 0.18433030E-05 0.24148908E-05 0.31465626E-05 0.40776258E-05 0.52553910E-05 0.67363495E-05 0.85874129E-05 0.10887188E-04 0.13727261E-04 0.17213463E-04 0.21467052E-04 0.26625859E-04 0.32845294E-04 0.40299267E-04 0.49181054E-04 0.59704165E-04 0.72103360E-04 0.86636024E-04 0.10358416E-03 0.12325739E-03 0.14599751E-03 0.17218501E-03 0.20224840E-03 0.23667697E-03 0.27603771E-03 0.32099715E-03 0.37234871E-03 0.43104600E-03 0.49824231E-03 0.57533609E-03 0.66402201E-03 0.76634624E-03 0.88476496E-03 0.10222033E-02 0.11821121E-02 0.13685195E-02 0.15860717E-02 0.18400598E-02 0.21364244E-02 0.24817344E-02 0.28831308E-02 0.33482291E-02 0.38849758E-02 0.45014520E-02 0.52056244E-02 0.60050441E-02
0.94251649E-06 0.12489800E-05 0.16462020E-05 0.21580705E-05 0.28138245E-05 0.36489809E-05 0.47063495E-05 0.60371256E-05 0.77020434E-05 0.97725715E-05 0.12332121E-04 0.15477241E-04 0.19318753E-04 0.23982830E-04 0.29611958E-04 0.36365801E-04 0.44421964E-04 0.53976729E-04 0.65245833E-04 0.78465456E-04 0.93893635E-04 0.11181241E-03 0.13253107E-03 0.15639101E-03 0.18377268E-03 0.21510533E-03 0.25088001E-03 0.29166670E-03 0.33813583E-03 0.39108483E-03 0.45146984E-03 0.52044243E-03 0.59939111E-03 0.68998667E-03 0.79423000E-03 0.91450097E-03 0.10536055E-02 0.12148185E-02 0.14019185E-02 0.16192109E-02 0.18715345E-02 0.21642460E-02 0.25031782E-02 0.28945658E-02 0.33449333E-02 0.38609428E-02 0.44491978E-02 0.51160052E-02
0.83721032E-06 0.11101088E-05 0.14640898E-05 0.19205926E-05 0.25058928E-05 0.32519517E-05 0.41973492E-05 0.53882925E-05 0.68796868E-05 0.87362493E-05 0.11033642E-04 0.13859599E-04 0.17315012E-04 0.21514938E-04 0.26589536E-04 0.32684870E-04 0.39963615E-04 0.48605683E-04 0.58808832E-04 0.70789368E-04 0.84783118E-04 0.10104689E-03 0.11986076E-03 0.14153150E-03 0.16639767E-03 0.19483685E-03 0.22727548E-03 0.26420199E-03 0.30618350E-03 0.35388667E-03 0.40810274E-03 0.46977693E-03 0.54004175E-03 0.62025373E-03 0.71203230E-03 0.81729980E-03 0.93832021E-03 0.10777347E-02 0.12385907E-02 0.14243620E-02 0.16389551E-02 0.18866993E-02 0.21723146E-02 0.25008549E-02 0.28776215E-02 0.33080444E-02 0.37975290E-02 0.43512685E-02
0.74056541E-06 0.98256588E-06 0.12967052E-05 0.17021455E-05 0.22224023E-05 0.28861186E-05 0.37279198E-05 0.47893399E-05 0.61198116E-05 0.77776992E-05 0.98313581E-05 0.12360191E-04 0.15455681E-04 0.19222342E-04 0.23778619E-04 0.29257648E-04 0.35807915E-04 0.43593809E-04 0.52796108E-04 0.63612484E-04 0.76258139E-04 0.90966761E-04 0.10799203E-03 0.12760999E-03 0.15012261E-03 0.17586304E-03 0.20520283E-03 0.23856181E-03 0.27642081E-03 0.31933770E-03 0.36796699E-03 0.42308289E-03 0.48560580E-03 0.55663163E-03 0.63746322E-03 0.72964261E-03 0.83498276E-03 0.95559662E-03 0.10939215E-02 0.12527359E-02 0.14351658E-02 0.16446782E-02 0.18850567E-02 0.21603580E-02 0.24748449E-02 0.28328942E-02 0.32388767E-02 0.36970108E-02
0.65232965E-06 0.86603438E-06 0.11436538E-05 0.15022435E-05 0.19627612E-05 0.25507699E-05 0.32972164E-05 0.42392795E-05 0.54212801E-05 0.68956356E-05 0.87238457E-05 0.10977480E-04 0.13739147E-04 0.17103417E-04 0.21177641E-04 0.26082715E-04 0.31953687E-04 0.38940257E-04 0.47207192E-04 0.56934683E-04 0.68318748E-04 0.81571814E-04 0.96923649E-04 0.11462290E-03 0.13493948E-03 0.15816823E-03 0.18463412E-03 0.21469939E-03 0.24877309E-03 0.28732322E-03 0.33089165E-03 0.38011207E-03 0.43573070E-03 0.49862939E-03 0.56985064E-03 0.65062352E-03 0.74238915E-03 0.84682452E-03 0.96586245E-03 0.11017058E-02 0.12568335E-02 0.14339959E-02 0.16361969E-02 0.18666607E-02 0.21287793E-02 0.24260417E-02 0.27619401E-02 0.31398558E-02
0.57218615E-06 0.76011132E-06 0.10044274E-05 0.13202513E-05 0.17261832E-05 0.22449411E-05 0.29040682E-05 0.37367052E-05 0.47824226E-05 0.60881003E-05 0.77088376E-05 0.97088755E-05 0.12162503E-04 0.15154932E-04 0.18783078E-04 0.23156290E-04 0.28396927E-04 0.34640837E-04 0.42037707E-04 0.50751337E-04 0.60959880E-04 0.72856159E-04 0.86648183E-04 0.10256005E-03 0.12083348E-03 0.14173018E-03 0.16553546E-03 0.19256332E-03 0.22316325E-03 0.25772929E-03 0.29671121E-03 0.34062810E-03 0.39008436E-03 0.44578762E-03 0.50856841E-03 0.57940061E-03 0.65942193E-03 0.74995294E-03 0.85251345E-03 0.96883436E-03 0.11008631E-02 0.12507606E-02 0.14208884E-02 0.16137825E-02 0.18321138E-02 0.20786322E-02 0.23560950E-02 0.26671770E-02
0.49976500E-06 0.66432297E-06 0.87842394E-06 0.11554101E-05 0.15117190E-05 0.19674553E-05 0.25470288E-05 0.32798553E-05 0.42011144E-05 0.53525550E-05 0.67833332E-05 0.85508670E-05 0.10721684E-04 0.13372236E-04 0.16589669E-04 0.20472476E-04 0.25131093E-04 0.30688334E-04 0.37279720E-04 0.45053694E-04 0.54171762E-04 0.64808630E-04 0.77152424E-04 0.91405148E-04 0.10778354E-03 0.12652054E-03 0.14786761E-03 0.17209818E-03 0.19951245E-03 0.23044379E-03 0.26526700E-03 0.30440839E-03 0.34835781E-03 0.39768237E-03 0.45304162E-03 0.51520349E-03 0.58506045E-03 0.66364467E-03 0.75214119E-03 0.85189775E-03 0.96442956E-03 0.10914177E-02 0.12346993E-02 0.13962481E-02 0.15781437E-02 0.17825291E-02 0.20115542E-02 0.22673072E-02
0.43465478E-06 0.57813974E-06 0.76496676E-06 0.10068614E-05 0.13182882E-05 0.17169629E-05 0.22244260E-05 0.28666752E-05 0.36748521E-05 0.46859764E-05 0.59437137E-05 0.74991629E-05 0.94116445E-05 0.11749466E-04 0.14590638E-04 0.18023531E-04 0.22147400E-04 0.27072848E-04 0.32922120E-04 0.39829295E-04 0.47940364E-04 0.57413258E-04 0.68417876E-04 0.81136226E-04 0.95762803E-04 0.11250537E-03 0.13158635E-03 0.15324498E-03 0.17774053E-03 0.20535673E-03 0.23640759E-03 0.27124469E-03 0.31026605E-03 0.35392641E-03 0.40274868E-03 0.45733619E-03 0.51838521E-03 0.58669689E-03 0.66318777E-03 0.74889765E-03 0.84499389E-03 0.95277062E-03 0.10736416E-02 0.12091255E-02 0.13608230E-02 0.15303833E-02 0.17194616E-02 0.19296656E-02
0.37641347E-06 0.50099049E-06 0.66332290E-06 0.87367129E-06 0.11447093E-05 0.14919804E-05 0.19344110E-05 0.24948783E-05 0.32008302E-05 0.40849500E-05 0.51858570E-05 0.65488290E-05 0.82265297E-05 0.10279723E-04 0.12777948E-04 0.15800140E-04 0.19435144E-04 0.23782158E-04 0.28951026E-04 0.35062415E-04 0.42247872E-04 0.50649782E-04 0.60421285E-04 0.71726204E-04 0.84739097E-04 0.99645552E-04 0.11664288E-03 0.13594133E-03 0.15776612E-03 0.18236027E-03 0.20998858E-03 0.24094271E-03 0.27554752E-03 0.31416856E-03 0.35722050E-03 0.40517642E-03 0.45857726E-03 0.51804104E-03 0.58427111E-03 0.65806254E-03 0.74030563E-03 0.83198577E-03 0.93417840E-03 0.10480381E-02 0.11747810E-02 0.13156599E-02 0.14719313E-02 0.16448146E-02
0.32457868E-06 0.43227585E-06 0.57272064E-06 0.75485287E-06 0.98972894E-06 0.12909272E-05 0.16750047E-05 0.21620050E-05 0.27760143E-05 0.35457609E-05 0.45052505E-05 0.56944256E-05 0.71598339E-05 0.89552902E-05 0.11142509E-04 0.13791687E-04 0.16982018E-04 0.20802087E-04 0.25350197E-04 0.30734531E-04 0.37073201E-04 0.44494191E-04 0.53135195E-04 0.63143435E-04 0.74675491E-04 0.87897267E-04 0.10298419E-03 0.12012176E-03 0.13950665E-03 0.16134840E-03 0.18587195E-03 0.21332101E-03 0.24396243E-03 0.27809141E-03 0.31603766E-03 0.35817208E-03 0.40491386E-03 0.45673746E-03 0.51417885E-03 0.57784062E-03 0.64839491E-03 0.72658350E-03 0.81321439E-03 0.90915378E-03 0.10153130E-02 0.11326297E-02 0.12620430E-02 0.14044623E-02
0.27867702E-06 0.37138057E-06 0.49236553E-06 0.64938708E-06 0.85204863E-06 0.11121600E-05 0.14441419E-05 0.18654779E-05 0.23972108E-05 0.30644805E-05 0.38970972E-05 0.49301390E-05 0.62045642E-05 0.77678194E-05 0.96744295E-05 0.11986546E-04 0.14774432E-04 0.18116874E-04 0.22101461E-04 0.26824791E-04 0.32392517E-04 0.38919282E-04 0.46528540E-04 0.55352306E-04 0.65530865E-04 0.77212521E-04 0.90553463E-04 0.10571786E-03 0.12287827E-03 0.14221653E-03 0.16392517E-03 0.18820953E-03 0.21529053E-03 0.24540824E-03 0.27882607E-03 0.31583554E-03 0.35676137E-03 0.40196661E-03 0.45185733E-03 0.50688653E-03 0.56755644E-03 0.63441894E-03 0.70807305E-03 0.78915927E-03 0.87834992E-03 0.97633514E-03 0.10838043E-02 0.12014223E-02
0.23823249E-06 0.31768458E-06 0.42145493E-06 0.55624158E-06 0.73034927E-06 0.95400429E-06 0.12397113E-05 0.16026530E-05 0.20611314E-05 0.26370479E-05 0.33564170E-05 0.42499064E-05 0.53533921E-05 0.67085166E-05 0.83632333E-05 0.10372320E-04 0.12797841E-04 0.15709541E-04 0.19185130E-04 0.23310497E-04 0.28179765E-04 0.33895244E-04 0.40567258E-04 0.48313869E-04 0.57260526E-04 0.67539691E-04 0.79290503E-04 0.92658548E-04 0.10779583E-03 0.12486104E-03 0.14402022E-03 0.16544784E-03 0.18932853E-03 0.21585922E-03 0.24525191E-03 0.27773691E-03 0.31356632E-03 0.35301768E-03 0.39639739E-03 0.44404354E-03 0.49632777E-03 0.55365561E-03 0.61646490E-03 0.68522164E-03 0.76041306E-03 0.84253731E-03 0.93208965E-03 0.10295450E-02
0.20277386E-06 0.27057273E-06 0.35919082E-06 0.47438759E-06 0.62331300E-06 0.81478285E-06 0.10595920E-05 0.13708661E-05 0.17644520E-05 0.22593434E-05 0.28781398E-05 0.36475302E-05 0.45987955E-05 0.57683158E-05 0.71980705E-05 0.89361160E-05 0.11037020E-04 0.13562239E-04 0.16580417E-04 0.20167569E-04 0.24407197E-04 0.29390237E-04 0.35214918E-04 0.41986489E-04 0.49816854E-04 0.58824143E-04 0.69132255E-04 0.80870440E-04 0.94172973E-04 0.10917901E-03 0.12603271E-03 0.14488360E-03 0.16588748E-03 0.18920755E-03 0.21501610E-03 0.24349651E-03 0.27484555E-03 0.30927583E-03 0.34701810E-03 0.38832333E-03 0.43346401E-03 0.48273447E-03 0.53644981E-03 0.59494299E-03 0.65855986E-03 0.72765162E-03 0.80256483E-03 0.88362852E-03
0.17183972E-06 0.22944321E-06 0.30479088E-06 0.40281444E-06 0.52964223E-06 0.69284019E-06 0.90168533E-06 0.11674740E-05 0.15038649E-05 0.19272553E-05 0.24571880E-05 0.31167830E-05 0.39331882E-05 0.49380382E-05 0.61679116E-05 0.76647699E-05 0.94763659E-05 0.11656601E-04 0.14265815E-04 0.17371002E-04 0.21045890E-04 0.25370969E-04 0.30433347E-04 0.36326514E-04 0.43149990E-04 0.51008882E-04 0.60013383E-04 0.70278245E-04 0.81922282E-04 0.95067960E-04 0.10984114E-03 0.12637099E-03 0.14479026E-03 0.16523569E-03 0.18784889E-03 0.21277745E-03 0.24017626E-03 0.27020905E-03 0.30304987E-03 0.33888443E-03 0.37791100E-03 0.42034058E-03 0.46639623E-03 0.51631094E-03 0.57032415E-03 0.62867638E-03 0.69160196E-03 0.75931974E-03
0.14498912E-06 0.19371455E-06 0.25749787E-06 0.34054192E-06 0.44807590E-06 0.58656389E-06 0.76394252E-06 0.98988965E-06 0.12761244E-05 0.16367377E-05 0.20885511E-05 0.26514999E-05 0.33490351E-05 0.42085359E-05 0.52617238E-05 0.65450650E-05 0.81001488E-05 0.99740256E-05 0.12219489E-04 0.14895283E-04 0.18066236E-04 0.21803250E-04 0.26183246E-04 0.31288939E-04 0.37208522E-04 0.44035245E-04 0.51866909E-04 0.60805299E-04 0.70955602E-04 0.82425839E-04 0.95326376E-04 0.10976955E-03 0.12586946E-03 0.14374196E-03 0.16350490E-03 0.18527856E-03 0.20918630E-03 0.23535537E-03 0.26391775E-03 0.29501092E-03 0.32877833E-03 0.36536956E-03 0.40493968E-03 0.44764787E-03 0.49365487E-03 0.54311921E-03 0.59619204E-03 0.65301054E-03
0.12179703E-06 0.16283017E-06 0.21658716E-06 0.28663036E-06 0.37740274E-06 0.49440208E-06 0.64438746E-06 0.83561229E-06 0.10780855E-05 0.13838600E-05 0.17673480E-05 0.22456584E-05 0.28389534E-05 0.35708169E-05 0.44686269E-05 0.55639219E-05 0.68927485E-05 0.84959780E-05 0.10419577E-04 0.12714814E-04 0.15438402E-04 0.18652520E-04 0.22424781E-04 0.26828052E-04 0.31940178E-04 0.37843604E-04 0.44624892E-04 0.52374160E-04 0.61184470E-04 0.71151195E-04 0.82371395E-04 0.94943257E-04 0.10896562E-03 0.12453765E-03 0.14175864E-03 0.16072798E-03 0.18154534E-03 0.20431090E-03 0.22912572E-03 0.25609204E-03 0.28531350E-03 0.31689507E-03 0.35094257E-03 0.38756164E-03 0.42685595E-03 0.46892458E-03 0.51385833E-03 0.56173510E-03
0.10186396E-06 0.13626755E-06 0.18137128E-06 0.24018854E-06 0.31647193E-06 0.41487751E-06 0.54113526E-06 0.70225152E-06 0.90673507E-06 0.11648479E-05 0.14888802E-05 0.18934459E-05 0.23957976E-05 0.30161530E-05 0.37780276E-05 0.47085657E-05 0.58388576E-05 0.72042325E-05 0.88445155E-05 0.10804232E-04 0.13132747E-04 0.15884336E-04 0.19118138E-04 0.22898053E-04 0.27292497E-04 0.32374074E-04 0.38219136E-04 0.44907260E-04 0.52520647E-04 0.61143473E-04 0.70861218E-04 0.81760000E-04 0.93925959E-04 0.10744470E-03 0.12240086E-03 0.13887775E-03 0.15695716E-03 0.17671925E-03 0.19824250E-03 0.22160375E-03 0.24687810E-03 0.27413872E-03 0.30345646E-03 0.33489897E-03 0.36852952E-03 0.40440507E-03 0.44257377E-03 0.48307173E-03
0.84816489E-07 0.11353362E-06 0.15121025E-06 0.20037960E-06 0.26420099E-06 0.34659821E-06 0.45240655E-06 0.58754627E-06 0.75921731E-06 0.97611605E-06 0.12486736E-05 0.15893142E-05 0.20127298E-05 0.25361691E-05 0.31797323E-05 0.39666673E-05 0.49236571E-05 0.60810894E-05 0.74732958E-05 0.91387505E-05 0.11120214E-04 0.13464810E-04 0.16224031E-04 0.19453631E-04 0.23213465E-04 0.27567190E-04 0.32581890E-04 0.38327595E-04 0.44876728E-04 0.52303474E-04 0.60683111E-04 0.70091310E-04 0.80603446E-04 0.92293936E-04 0.10523563E-03 0.11949928E-03 0.13515310E-03 0.15226238E-03 0.17088924E-03 0.19109231E-03 0.21292657E-03 0.23644298E-03 0.26168805E-03 0.28870322E-03 0.31752390E-03 0.34817813E-03 0.38068493E-03 0.41505198E-03
0.70308754E-07 0.94172532E-07 0.12550466E-06 0.16642390E-06 0.21958134E-06 0.28826506E-06 0.37653768E-06 0.48937857E-06 0.63285176E-06 0.81429223E-06 0.10425116E-05 0.13280217E-05 0.16832745E-05 0.21229141E-05 0.26640375E-05 0.33264575E-05 0.41329610E-05 0.51095539E-05 0.62856831E-05 0.76944249E-05 0.93726293E-05 0.11361007E-04 0.13704151E-04 0.16450484E-04 0.19652101E-04 0.23364558E-04 0.27646534E-04 0.32559418E-04 0.38166802E-04 0.44533905E-04 0.51726932E-04 0.59812390E-04 0.68856382E-04 0.78923899E-04 0.90078141E-04 0.10237987E-03 0.11588682E-03 0.13065318E-03 0.14672914E-03 0.16416044E-03 0.18298803E-03 0.20324764E-03 0.22496934E-03 0.24817696E-03 0.27288742E-03 0.29910971E-03 0.32684376E-03 0.35607889E-03
0.58023184E-07 0.77765196E-07 0.10370453E-06 0.13760639E-06 0.18168025E-06 0.23867649E-06 0.31198736E-06 0.40578277E-06 0.52514610E-06 0.67623490E-06 0.86645734E-06 0.11046649E-05 0.14013597E-05 0.17689143E-05 0.22217998E-05 0.27768179E-05 0.34533308E-05 0.42734818E-05 0.52623995E-05 0.64483736E-05 0.78629962E-05 0.95412551E-05 0.11521571E-04 0.13845770E-04 0.16558980E-04 0.19709434E-04 0.23348219E-04 0.27528906E-04 0.32307114E-04 0.37739987E-04 0.43885609E-04 0.50802362E-04 0.58548242E-04 0.67180159E-04 0.76753230E-04 0.87320092E-04 0.98930245E-04 0.11162944E-03 0.12545911E-03 0.14045587E-03 0.15665099E-03 0.17406999E-03 0.19273214E-03 0.21264994E-03 0.23382856E-03 0.25626513E-03 0.27994788E-03 0.30485517E-03
0.47670599E-07 0.63929487E-07 0.85307717E-07 0.11326920E-06 0.14964832E-06 0.19673073E-06 0.25734003E-06 0.33495049E-06 0.43380339E-06 0.55904339E-06 0.71686899E-06 0.91469768E-06 0.11613443E-05 0.14672111E-05 0.18444861E-05 0.23073463E-05 0.28721611E-05 0.35576894E-05 0.43852643E-05 0.53789563E-05 0.65657080E-05 0.79754305E-05 0.96410523E-05 0.11598512E-04 0.13886684E-04 0.16547247E-04 0.19624438E-04 0.23164785E-04 0.27216711E-04 0.31830082E-04 0.37055688E-04 0.42944653E-04 0.49547804E-04 0.56915004E-04 0.65094462E-04 0.74132051E-04 0.84070628E-04 0.94949386E-04 0.10680324E-03 0.11966226E-03 0.13355111E-03 0.14848860E-03 0.16448715E-03 0.18155233E-03 0.19968237E-03 0.21886760E-03 0.23908987E-03 0.26032183E-03
0.38989763E-07 0.52319789E-07 0.69859485E-07 0.92817305E-07 0.12270917E-06 0.16142470E-06 0.21130633E-06 0.27523196E-06 0.35672463E-06 0.46006226E-06 0.59040641E-06 0.75394288E-06 0.95803432E-06 0.12113834E-05 0.15242043E-05 0.19083998E-05 0.23777388E-05 0.29480320E-05 0.36372965E-05 0.44659058E-05 0.54567165E-05 0.66351631E-05 0.80293155E-05 0.96698872E-05 0.11590191E-04 0.13826029E-04 0.16415531E-04 0.19398881E-04 0.22818033E-04 0.26716302E-04 0.31137915E-04 0.36127486E-04 0.41729451E-04 0.47987449E-04 0.54943681E-04 0.62638254E-04 0.71108518E-04 0.80388426E-04 0.90507902E-04 0.10149226E-03 0.11336164E-03 0.12613049E-03 0.13980709E-03 0.15439308E-03 0.16988305E-03 0.18626402E-03 0.20351509E-03 0.22160686E-03
