crystal_functions/SURFLAPP.DAT
DSAA
 161 161
-0.75589045E+01  0.75589045E+01  0.94486307E-01
-0.75589045E+01  0.75589045E+01  0.94486307E-01
 0.00000000E+00  0.00000000E+00
[rows 63 to 83 of 161, columns 48 to 95 of 161]
0.54078499E-01 0.56280013E-01 0.59009799E-01 0.62427916E-01 0.66688250E-01 0.71928894E-01 0.78267527E-01 0.85806236E-01 0.94650280E-01 0.10494397E+00 0.11692343E+00 0.13097941E+00 0.14771380E+00 0.16796164E+00 0.19273950E+00 0.22307544E+00 0.25968023E+00 0.30244082E+00 0.34976072E+00 0.39784267E+00 0.44010669E+00 0.46703489E+00 0.46678488E+00 0.42683415E+00 0.33665005E+00 0.19095055E+00 -0.73160294E-02 -0.24533307E+00 -0.50093248E+00 -0.74544252E+00 -0.94831569E+00 -0.10825076E+01 -0.11294423E+01 -0.10825076E+01 -0.94831569E+00 -0.74544252E+00 -0.50093248E+00 -0.24533307E+00 -0.73160294E-02 0.19095055E+00 0.33665005E+00 0.42683415E+00 0.46678488E+00 0.46703489E+00 0.44010669E+00 0.39784267E+00 0.34976072E+00 0.30244082E+00
0.63115525E-01 0.65273413E-01 0.67882495E-01 0.71128768E-01 0.75207621E-01 0.80310542E-01 0.86613939E-01 0.94273861E-01 0.10343034E+00 0.11422389E+00 0.12682417E+00 0.14146585E+00 0.15848003E+00 0.17830082E+00 0.20141861E+00 0.22824842E+00 0.25888679E+00 0.29275047E+00 0.32812609E+00 0.36171212E+00 0.38829071E+00 0.40071232E+00 0.39037750E+00 0.34833718E+00 0.26699607E+00 0.14222168E+00 -0.24522587E-01 -0.22453836E+00 -0.44133820E+00 -0.65174718E+00 -0.82901554E+00 -0.94774408E+00 -0.98956065E+00 -0.94774408E+00 -0.82901554E+00 -0.65174718E+00 -0.44133820E+00 -0.22453836E+00 -0.24522587E-01 0.14222168E+00 0.26699607E+00 0.34833718E+00 0.39037750E+00 0.40071232E+00 0.38829071E+00 0.36171212E+00 0.32812609E+00 0.29275047E+00
0.73687812E-01 0.76133080E-01 0.78908980E-01 0.82215141E-01 0.86283081E-01 0.91358327E-01 0.97681545E-01 0.10547259E+00 0.11492080E+00 0.12618349E+00 0.13939232E+00 0.15466368E+00 0.17210450E+00 0.19179926E+00 0.21376012E+00 0.23782118E+00 0.26346589E+00 0.28959358E+00 0.31425907E+00 0.33444869E+00 0.34597720E+00 0.34358834E+00 0.32131801E+00 0.27314348E+00 0.19391976E+00 0.80596428E-01 -0.66307970E-01 -0.24109588E+00 -0.43154032E+00 -0.61862294E+00 -0.77842456E+00 -0.88668065E+00 -0.92505137E+00 -0.88668065E+00 -0.77842456E+00 -0.61862294E+00 -0.43154032E+00 -0.24109588E+00 -0.66307970E-01 0.80596428E-01 0.19391976E+00 0.27314348E+00 0.32131801E+00 0.34358834E+00 0.34597720E+00 0.33444869E+00 0.31425907E+00 0.28959358E+00
0.85763859E-01 0.89049778E-01 0.92487321E-01 0.96267751E-01 0.10064796E+00 0.10592598E+00 0.11241181E+00 0.12039884E+00 0.13013908E+00 0.14182423E+00 0.15557151E+00 0.17141097E+00 0.18926742E+00 0.20892805E+00 0.22998638E+00 0.25175713E+00 0.27316680E+00 0.29264024E+00 0.30801908E+00 0.31655112E+00 0.31497170E+00 0.29966243E+00 0.26684906E+00 0.21282631E+00 0.13426867E+00 0.28782321E-01 -0.10407024E+00 -0.26106713E+00 -0.43317170E+00 -0.60412285E+00 -0.75166133E+00 -0.85229529E+00 -0.88807551E+00 -0.85229529E+00 -0.75166133E+00 -0.60412285E+00 -0.43317170E+00 -0.26106713E+00 -0.10407024E+00 0.28782321E-01 0.13426867E+00 0.21282631E+00 0.26684906E+00 0.29966243E+00 0.31497170E+00 0.31655112E+00 0.30801908E+00 0.29264024E+00
0.99166381E-01 0.10413388E+00 0.10900415E+00 0.11392205E+00 0.11914985E+00 0.12503242E+00 0.13195314E+00 0.14028830E+00 0.15036475E+00 0.16242259E+00 0.17658189E+00 0.19280967E+00 0.21088191E+00 0.23033558E+00 0.25040958E+00 0.26998253E+00 0.28752819E+00 0.30112210E+00 0.30853091E+00 0.30738696E+00 0.29539469E+00 0.27047117E+00 0.23074853E+00 0.17446680E+00 0.99882083E-01 0.54025300E-02 -0.10958488E+00 -0.24255351E+00 -0.38477357E+00 -0.52030064E+00 -0.63024925E+00 -0.70025698E+00 -0.72399817E+00 -0.70025698E+00 -0.63024925E+00 -0.52030064E+00 -0.38477357E+00 -0.24255351E+00 -0.10958488E+00 0.54025300E-02 0.99882083E-01 0.17446680E+00 0.23074853E+00 0.27047117E+00 0.29539469E+00 0.30738696E+00 0.30853091E+00 0.30112210E+00
0.11351989E+00 0.12133836E+00 0.12874821E+00 0.13578120E+00 0.14266766E+00 0.14978479E+00 0.15758958E+00 0.16654909E+00 0.17707528E+00 0.18946690E+00 0.20385720E+00 0.22016373E+00 0.23803566E+00 0.25679754E+00 0.27539591E+00 0.29236983E+00 0.30588155E+00 0.31384919E+00 0.31419778E+00 0.30517834E+00 0.28562814E+00 0.25504475E+00 0.21348044E+00 0.16140107E+00 0.99636956E-01 0.29761887E-01 -0.43723009E-01 -0.10807722E+00 -0.13835053E+00 -0.10747749E+00 -0.15136452E-01 0.90674404E-01 0.13772245E+00 0.90674404E-01 -0.15136452E-01 -0.10747749E+00 -0.13835053E+00 -0.10807722E+00 -0.43723009E-01 0.29761887E-01 0.99636956E-01 0.16140107E+00 0.21348044E+00 0.25504475E+00 0.28562814E+00 0.30517834E+00 0.31419778E+00 0.31384919E+00
0.12821008E+00 0.14034860E+00 0.15176140E+00 0.16224828E+00 0.17193628E+00 0.18120113E+00 0.19056384E+00 0.20058497E+00 0.21176838E+00 0.22447737E+00 0.23886237E+00 0.25479587E+00 0.27181148E+00 0.28904893E+00 0.30521962E+00 0.31862550E+00 0.32728142E+00 0.32918251E+00 0.32270230E+00 0.30700593E+00 0.28230579E+00 0.24991755E+00 0.21236014E+00 0.17383025E+00 0.14137202E+00 0.12874159E+00 0.16853518E+00 0.33307284E+00 0.73626604E+00 0.14625149E+01 0.24243530E+01 0.32902751E+01 0.36431361E+01 0.32902751E+01 0.24243530E+01 0.14625149E+01 0.73626604E+00 0.33307284E+00 0.16853518E+00 0.12874159E+00 0.14137202E+00 0.17383025E+00 0.21236014E+00 0.24991755E+00 0.28230579E+00 0.30700593E+00 0.32270230E+00 0.32918251E+00
0.14236679E+00 0.16043263E+00 0.17760452E+00 0.19324081E+00 0.20723060E+00 0.21987575E+00 0.23172997E+00 0.24343847E+00 0.25559709E+00 0.26863490E+00 0.28271841E+00 0.29767332E+00 0.31292151E+00 0.32743845E+00 0.33975301E+00 0.34803378E+00 0.35032064E+00 0.34493289E+00 0.33099152E+00 0.30887345E+00 0.28044712E+00 0.24930550E+00 0.22167783E+00 0.20880113E+00 0.23297479E+00 0.34735804E+00 0.68847267E+00 0.15503727E+01 0.33617744E+01 0.63787654E+01 0.10173489E+02 0.13476503E+02 0.14800670E+02 0.13476503E+02 0.10173489E+02 0.63787654E+01 0.33617744E+01 0.15503727E+01 0.68847267E+00 0.34735804E+00 0.23297479E+00 0.20880113E+00 0.22167783E+00 0.24930550E+00 0.28044712E+00 0.30887345E+00 0.33099152E+00 0.34493289E+00
0.15484170E+00 0.18023311E+00 0.20501086E+00 0.22774702E+00 0.24785325E+00 0.26541702E+00 0.28095379E+00 0.29516311E+00 0.30872212E+00 0.32212176E+00 0.33554118E+00 0.34875596E+00 0.36107864E+00 0.37133986E+00 0.37793824E+00 0.37901213E+00 0.37279440E+00 0.35815863E+00 0.33523174E+00 0.30583876E+00 0.27375382E+00 0.24543728E+00 0.23265425E+00 0.25926367E+00 0.38193457E+00 0.75924821E+00 0.18194754E+01 0.44628731E+01 0.99010595E+01 0.18688794E+02 0.29547589E+02 0.39111185E+02 0.43030938E+02 0.39111185E+02 0.29547589E+02 0.18688794E+02 0.99010595E+01 0.44628731E+01 0.18194754E+01 0.75924821E+00 0.38193457E+00 0.25926367E+00 0.23265425E+00 0.24543728E+00 0.27375382E+00 0.30583876E+00 0.33523174E+00 0.35815863E+00
0.16405883E+00 0.19745111E+00 0.23139912E+00 0.26319239E+00 0.29138261E+00 0.31560067E+00 0.33619171E+00 0.35384658E+00 0.36929824E+00 0.38309121E+00 0.39541531E+00 0.40599693E+00 0.41404717E+00 0.41827703E+00 0.41701160E+00 0.40846104E+00 0.39120386E+00 0.36485526E+00 0.33072372E+00 0.29219511E+00 0.25505209E+00 0.22907305E+00 0.23346197E+00 0.31246323E+00 0.58997167E+00 0.14508124E+01 0.39513794E+01 0.10219495E+02 0.22881079E+02 0.43538944E+02 0.71882272E+02 0.10081364E+03 0.11368859E+03 0.10081364E+03 0.71882272E+02 0.43538944E+02 0.22881079E+02 0.10219495E+02 0.39513794E+01 0.14508124E+01 0.58997167E+00 0.31246323E+00 0.23346197E+00 0.22907305E+00 0.25505209E+00 0.29219511E+00 0.33072372E+00 0.36485526E+00
0.16751888E+00 0.20834426E+00 0.25223506E+00 0.29463138E+00 0.33270252E+00 0.36526056E+00 0.39227042E+00 0.41430935E+00 0.43212261E+00 0.44629706E+00 0.45703709E+00 0.46403180E+00 0.46641152E+00 0.46280468E+00 0.45152693E+00 0.43095827E+00 0.40014898E+00 0.35957996E+00 0.31180444E+00 0.26170873E+00 0.21690919E+00 0.19043705E+00 0.21003846E+00 0.34834241E+00 0.83697938E+00 0.24389557E+01 0.72352215E+01 0.19203056E+02 0.43590664E+02 0.89336504E+02 0.16390134E+03 0.23138595E+03 0.25215134E+03 0.23138595E+03 0.16390134E+03 0.89336504E+02 0.43590664E+02 0.19203056E+02 0.72352215E+01 0.24389557E+01 0.83697938E+00 0.34834241E+00 0.21003846E+00 0.19043705E+00 0.21690919E+00 0.26170873E+00 0.31180444E+00 0.35957996E+00
0.16079909E+00 0.20700967E+00 0.26031079E+00 0.31390072E+00 0.36300047E+00 0.40514724E+00 0.43963891E+00 0.46678592E+00 0.48727813E+00 0.50172752E+00 0.51036579E+00 0.51287574E+00 0.50835157E+00 0.49539776E+00 0.47239528E+00 0.43798212E+00 0.39176515E+00 0.33513295E+00 0.27181924E+00 0.20796095E+00 0.15248491E+00 0.12081239E+00 0.14848334E+00 0.33987573E+00 0.10596004E+01 0.35444519E+01 0.11109649E+02 0.29917087E+02 0.71109085E+02 0.16200988E+03 0.26592866E+03 0.23111502E+03 0.15843527E+03 0.23111502E+03 0.26592866E+03 0.16200988E+03 0.71109085E+02 0.29917087E+02 0.11109649E+02 0.35444519E+01 0.10596004E+01 0.33987573E+00 0.14848334E+00 0.12081239E+00 0.15248491E+00 0.20796095E+00 0.27181924E+00 0.33513295E+00
0.13629045E+00 0.18464404E+00 0.24520532E+00 0.30910867E+00 0.36923148E+00 0.42137810E+00 0.46383699E+00 0.49643608E+00 0.51969002E+00 0.53418973E+00 0.54020898E+00 0.53748868E+00 0.52518517E+00 0.50199191E+00 0.46646258E+00 0.41757413E+00 0.35551762E+00 0.28252728E+00 0.20331744E+00 0.12486269E+00 0.56592098E-01 0.14686443E-01 0.39216370E-01 0.25938084E+00 0.11533097E+01 0.43643753E+01 0.14228931E+02 0.38891118E+02 0.97950007E+02 0.22662503E+03 0.23533297E+03 -0.11420768E+04 -0.53163827E+04 -0.11420768E+04 0.23533297E+03 0.22662503E+03 0.97950007E+02 0.38891118E+02 0.14228931E+02 0.43643753E+01 0.11533097E+01 0.25938084E+00 0.39216370E-01 0.14686443E-01 0.56592098E-01 0.12486269E+00 0.20331744E+00 0.28252728E+00
0.82595656E-01 0.12937780E+00 0.19351131E+00 0.26518551E+00 0.33498084E+00 0.39664176E+00 0.44706392E+00 0.48525229E+00 0.51128421E+00 0.52557833E+00 0.52843760E+00 0.51978728E+00 0.49907495E+00 0.46534888E+00 0.41756215E+00 0.35515234E+00 0.27886795E+00 0.19159621E+00 0.98678225E-01 0.73918660E-02 -0.73240289E-01 -0.12825234E+00 -0.11828794E+00 0.92632162E-01 0.10242686E+01 0.44732031E+01 0.15150768E+02 0.41996502E+02 0.10850790E+03 0.24552124E+03 0.18035446E+03 -0.45682984E+04 -0.38598546E+06 -0.45682984E+04 0.18035446E+03 0.24552124E+03 0.10850790E+03 0.41996502E+02 0.15150768E+02 0.44732031E+01 0.10242686E+01 0.92632162E-01 -0.11828794E+00 -0.12825234E+00 -0.73240289E-01 0.73918660E-02 0.98678225E-01 0.19159621E+00
-0.14062568E-01 0.27629745E-01 0.90708228E-01 0.16651145E+00 0.24397026E+00 0.31464648E+00 0.37355044E+00 0.41822739E+00 0.44770920E+00 0.46182362E+00 0.46079472E+00 0.44497023E+00 0.41460255E+00 0.36972691E+00 0.31025480E+00 0.23640456E+00 0.14947210E+00 0.52664949E-01 -0.48605713E-01 -0.14742059E+00 -0.23599683E+00 -0.30227365E+00 -0.31293260E+00 -0.14708320E+00 0.66324498E+00 0.37379537E+01 0.13347100E+02 0.37461915E+02 0.94774554E+02 0.22062679E+03 0.24198513E+03 -0.74082585E+03 -0.39275295E+04 -0.74082585E+03 0.24198513E+03 0.22062679E+03 0.94774554E+02 0.37461915E+02 0.13347100E+02 0.37379537E+01 0.66324498E+00 -0.14708320E+00 -0.31293260E+00 -0.30227365E+00 -0.23599683E+00 -0.14742059E+00 -0.48605713E-01 0.52664949E-01
-0.16566218E+00 -0.13224058E+00 -0.74561282E-01 0.23799443E-02 0.86947300E-01 0.16847160E+00 0.23925353E+00 0.29414249E+00 0.32985529E+00 0.34469732E+00 0.33850619E+00 0.31247137E+00 0.26867166E+00 0.20944744E+00 0.13690632E+00 0.52871242E-01 -0.40603295E-01 -0.14039250E+00 -0.24182701E+00 -0.33923982E+00 -0.42685342E+00 -0.49649972E+00 -0.52417563E+00 -0.41909043E+00 0.16875190E+00 0.24448977E+01 0.96297901E+01 0.27664828E+02 0.66790123E+02 0.15204739E+03 0.25821765E+03 0.24471961E+03 0.19645141E+03 0.24471961E+03 0.25821765E+03 0.15204739E+03 0.66790123E+02 0.27664828E+02 0.96297901E+01 0.24448977E+01 0.16875190E+00 -0.41909043E+00 -0.52417563E+00 -0.49649972E+00 -0.42685342E+00 -0.33923982E+00 -0.24182701E+00 -0.14039250E+00
-0.37641886E+00 -0.35426927E+00 -0.30413104E+00 -0.22546013E+00 -0.12950076E+00 -0.29469527E-01 0.62790764E-01 0.13728738E+00 0.18611963E+00 0.20428248E+00 0.19056489E+00 0.14771638E+00 0.81486736E-01 -0.11115891E-02 -0.93529447E-01 -0.19070534E+00 -0.28909904E+00 -0.38592188E+00 -0.47825749E+00 -0.56295157E+00 -0.63717530E+00 -0.69706858E+00 -0.72842908E+00 -0.67332974E+00 -0.31235501E+00 0.10965664E+01 0.55582223E+01 0.16867140E+02 0.39844107E+02 0.81881813E+02 0.14968215E+03 0.21462085E+03 0.23707930E+03 0.21462085E+03 0.14968215E+03 0.81881813E+02 0.39844107E+02 0.16867140E+02 0.55582223E+01 0.10965664E+01 -0.31235501E+00 -0.67332974E+00 -0.72842908E+00 -0.69706858E+00 -0.63717530E+00 -0.56295157E+00 -0.47825749E+00 -0.38592188E+00
-0.63780676E+00 -0.62922451E+00 -0.58426445E+00 -0.49664366E+00 -0.37695171E+00 -0.24161788E+00 -0.10856285E+00 0.41282078E-02 0.79860923E-01 0.10673623E+00 0.81040978E-01 0.85289247E-02 -0.97788569E-01 -0.22209261E+00 -0.34997171E+00 -0.47084235E+00 -0.57850268E+00 -0.67041137E+00 -0.74634614E+00 -0.80723038E+00 -0.85458511E+00 -0.88929675E+00 -0.90569063E+00 -0.87229451E+00 -0.67148313E+00 0.78438548E-01 0.24015812E+01 0.83142510E+01 0.20254575E+02 0.39493348E+02 0.65152478E+02 0.90719709E+02 0.10201848E+03 0.90719709E+02 0.65152478E+02 0.39493348E+02 0.20254575E+02 0.83142510E+01 0.24015812E+01 0.78438548E-01 -0.67148313E+00 -0.87229451E+00 -0.90569063E+00 -0.88929675E+00 -0.85458511E+00 -0.80723038E+00 -0.74634614E+00 -0.67041137E+00
-0.92744601E+00 -0.93220766E+00 -0.88399351E+00 -0.77227570E+00 -0.60684761E+00 -0.40700826E+00 -0.19800590E+00 -0.10869753E-01 0.12030548E+00 0.16731276E+00 0.11974714E+00 -0.95221457E-02 -0.19083008E+00 -0.39068985E+00 -0.58178783E+00 -0.74637903E+00 -0.87548668E+00 -0.96709281E+00 -0.10243920E+01 -0.10538462E+01 -0.10631106E+01 -0.10588295E+01 -0.10425374E+01 -0.10004491E+01 -0.87681727E+00 -0.50273548E+00 0.55548956E+00 0.31604711E+01 0.84273501E+01 0.16817575E+02 0.27041135E+02 0.35902137E+02 0.39491550E+02 0.35902137E+02 0.27041135E+02 0.16817575E+02 0.84273501E+01 0.31604711E+01 0.55548956E+00 -0.50273548E+00 -0.87681727E+00 -0.10004491E+01 -0.10425374E+01 -0.10588295E+01 -0.10631106E+01 -0.10538462E+01 -0.10243920E+01 -0.96709281E+00
-0.12127399E+01 -0.12259756E+01 -0.11604145E+01 -0.10022395E+01 -0.75674657E+00 -0.43917747E+00 -0.76985317E-01 0.27906395E+00 0.54991943E+00 0.65254150E+00 0.55043860E+00 0.28204092E+00 -0.67681278E-01 -0.41943270E+00 -0.72577400E+00 -0.96666362E+00 -0.11370315E+01 -0.12395071E+01 -0.12823786E+01 -0.12787150E+01 -0.12438981E+01 -0.11918777E+01 -0.11311001E+01 -0.10590004E+01 -0.95160664E+00 -0.74058581E+00 -0.26722218E+00 0.76888699E+00 0.27618504E+01 0.59030500E+01 0.97262542E+01 0.12992788E+02 0.14290986E+02 0.12992788E+02 0.97262542E+01 0.59030500E+01 0.27618504E+01 0.76888699E+00 -0.26722218E+00 -0.74058581E+00 -0.95160664E+00 -0.10590004E+01 -0.11311001E+01 -0.11918777E+01 -0.12438981E+01 -0.12787150E+01 -0.12823786E+01 -0.12395071E+01
-0.14575546E+01 -0.14690936E+01 -0.13680353E+01 -0.11317484E+01 -0.74107143E+00 -0.16627968E+00 0.61392498E+00 0.15302325E+01 0.23322324E+01 0.26651581E+01 0.23488931E+01 0.15549007E+01 0.64150925E+00 -0.13222372E+00 -0.69576468E+00 -0.10780238E+01 -0.13198845E+01 -0.14494346E+01 -0.14874432E+01 -0.14553475E+01 -0.13771552E+01 -0.12755523E+01 -0.11665776E+01 -0.10556657E+01 -0.93427472E+00 -0.77483104E+00 -0.52207727E+00 -0.85384360E-01 0.64305964E+00 0.17067058E+01 0.29572448E+01 0.40124638E+01 0.44303621E+01 0.40124638E+01 0.29572448E+01 0.17067058E+01 0.64305964E+00 -0.85384360E-01 -0.52207727E+00 -0.77483104E+00 -0.93427472E+00 -0.10556657E+01 -0.11665776E+01 -0.12755523E+01 -0.13771552E+01 -0.14553475E+01 -0.14874432E+01 -0.14494346E+01
