crystal_functions/SURFLAPP.DAT
DSAA
 221 221
-0.10393494E+02  0.10393494E+02  0.94486307E-01
-0.10393494E+02  0.10393494E+02  0.94486307E-01
 0.00000000E+00  0.00000000E+00
[rows 110 to 131 of 221, columns 96 to 143 of 221]
0.36078640E+01 0.64089383E+01 0.10339819E+02 0.13987046E+02 0.12792954E+02 -0.33618522E+01 -0.49079331E+02 -0.12564332E+03 -0.17744946E+03 -0.71745281E+02 0.20265830E+03 0.23711613E+03 0.64918491E+02 0.15752071E+02 -0.25787292E+05 0.15528673E+02 0.66351710E+02 0.24094502E+03 0.20423213E+03 -0.72123083E+02 -0.17628969E+03 -0.12249336E+03 -0.45188723E+02 0.11965593E-01 0.14997622E+02 0.14984805E+02 0.10443926E+02 0.60034399E+01 0.29937543E+01 0.13432940E+01 0.58794121E+00 0.30592561E+00 0.23038321E+00 0.22529000E+00 0.23299322E+00 0.23423632E+00 0.22571285E+00 0.20947654E+00 0.18860899E+00 0.16575947E+00 0.14284227E+00 0.12111346E+00 0.10132109E+00 0.83838559E-01 0.68770323E-01 0.56036578E-01 0.45442480E-01 0.36733091E-01
0.30056057E+01 0.53647249E+01 0.86050308E+01 0.11278003E+02 0.89534589E+01 -0.80652527E+01 -0.54041214E+02 -0.13185417E+03 -0.19211405E+03 -0.10893455E+03 0.15812094E+03 0.25225827E+03 0.97954660E+02 0.21303217E+02 0.15434553E+02 0.20236651E+02 0.96896961E+02 0.26154677E+03 0.17825088E+03 -0.82720917E+02 -0.16530258E+03 -0.10823897E+03 -0.35098601E+02 0.58356023E+01 0.18135323E+02 0.16668959E+02 0.11379730E+02 0.65550264E+01 0.33369783E+01 0.15618706E+01 0.72619351E+00 0.39173697E+00 0.28287769E+00 0.25730896E+00 0.25263434E+00 0.24632713E+00 0.23306215E+00 0.21375213E+00 0.19086200E+00 0.16669882E+00 0.14296520E+00 0.12076734E+00 0.10073899E+00 0.83166766E-01 0.68092643E-01 0.55395311E-01 0.44854845E-01 0.36202863E-01
0.22558750E+01 0.40966756E+01 0.66252485E+01 0.85551958E+01 0.60441685E+01 -0.92969708E+01 -0.50482937E+02 -0.12371454E+03 -0.19559407E+03 -0.16481008E+03 0.53428500E+02 0.26362935E+03 0.21216041E+03 0.10213003E+03 0.65906813E+02 0.99437088E+02 0.20762129E+03 0.26791303E+03 0.74073639E+02 -0.13087356E+03 -0.15817212E+03 -0.89868881E+02 -0.23006411E+02 0.11103732E+02 0.19823163E+02 0.17021403E+02 0.11389067E+02 0.65509989E+01 0.33801515E+01 0.16314130E+01 0.79527022E+00 0.44700732E+00 0.32216843E+00 0.28339654E+00 0.26921240E+00 0.25644234E+00 0.23886873E+00 0.21670584E+00 0.19195556E+00 0.16662635E+00 0.14221672E+00 0.11968159E+00 0.99538028E-01 0.81984209E-01 0.66998877E-01 0.54419131E-01 0.44000515E-01 0.35462230E-01
0.15147899E+01 0.28749556E+01 0.48375853E+01 0.64573845E+01 0.48370517E+01 -0.64211808E+01 -0.37908173E+02 -0.98047092E+02 -0.17128613E+03 -0.19286489E+03 -0.75855153E+02 0.15032229E+03 0.28339545E+03 0.26457882E+03 0.23478850E+03 0.26043134E+03 0.27357279E+03 0.14375180E+03 -0.66694412E+02 -0.16752477E+03 -0.13850052E+03 -0.65574071E+02 -0.99599729E+01 0.15161877E+02 0.19904910E+02 0.16071320E+02 0.10529275E+02 0.60311605E+01 0.31417111E+01 0.15565295E+01 0.79354354E+00 0.46844401E+00 0.34523546E+00 0.30130150E+00 0.28118456E+00 0.26356123E+00 0.24246907E+00 0.21791431E+00 0.19162805E+00 0.16538897E+00 0.14051508E+00 0.11781939E+00 0.97707900E-01 0.80294819E-01 0.65499438E-01 0.53120473E-01 0.42891638E-01 0.34522055E-01
0.90687473E+00 0.18938425E+01 0.34976637E+01 0.52083769E+01 0.52075058E+01 -0.69876047E+00 -0.19966567E+02 -0.60854098E+02 -0.12094418E+03 -0.17022628E+03 -0.15502375E+03 -0.49655960E+02 0.86210282E+02 0.16659922E+03 0.18524952E+03 0.16173942E+03 0.74536186E+02 -0.61348525E+02 -0.15602953E+03 -0.15779780E+03 -0.99729442E+02 -0.36731639E+02 0.26412657E+01 0.17768530E+02 0.18679250E+02 0.14180181E+02 0.90667856E+01 0.51560026E+01 0.27058289E+01 0.13762171E+01 0.73686105E+00 0.46144484E+00 0.35331945E+00 0.31085645E+00 0.28804387E+00 0.26719836E+00 0.24349213E+00 0.21712357E+00 0.18972048E+00 0.16289759E+00 0.13781911E+00 0.11517019E+00 0.95255729E-01 0.78114454E-01 0.63613248E-01 0.51518066E-01 0.41545150E-01 0.33396912E-01
0.49337391E+00 0.12265490E+01 0.26321794E+01 0.46130819E+01 0.63157573E+01 0.54553821E+01 -0.24636006E+01 -0.23816082E+02 -0.62453676E+02 -0.11104128E+03 -0.14840665E+03 -0.15506731E+03 -0.13515406E+03 -0.11258251E+03 -0.10457172E+03 -0.11592330E+03 -0.14340266E+03 -0.16512678E+03 -0.15384984E+03 -0.10832364E+03 -0.52430568E+02 -0.95978597E+01 0.12539427E+02 0.18677983E+02 0.16543490E+02 0.11798303E+02 0.73332245E+01 0.41286831E+01 0.21827489E+01 0.11448692E+01 0.64996160E+00 0.43642189E+00 0.35042584E+00 0.31340179E+00 0.29011386E+00 0.26734068E+00 0.24184789E+00 0.21425393E+00 0.18618499E+00 0.15913476E+00 0.13413401E+00 0.11175328E+00 0.92208002E-01 0.75471755E-01 0.61367885E-01 0.49636706E-01 0.39982388E-01 0.32104656E-01
0.27204216E+00 0.84323538E+00 0.21170213E+01 0.42931338E+01 0.72076275E+01 0.99086854E+01 0.10067517E+02 0.35502201E+01 -0.14623267E+02 -0.46883095E+02 -0.89696662E+02 -0.13495083E+03 -0.17478010E+03 -0.20281795E+03 -0.21331414E+03 -0.20442692E+03 -0.17951256E+03 -0.14228044E+03 -0.96404262E+02 -0.49789403E+02 -0.12610823E+02 0.95193539E+01 0.17964736E+02 0.17777066E+02 0.13844753E+02 0.93037497E+01 0.56104786E+01 0.31252910E+01 0.16705069E+01 0.91271213E+00 0.55699110E+00 0.40438320E+00 0.34132965E+00 0.31090741E+00 0.28816980E+00 0.26428675E+00 0.23766000E+00 0.20937233E+00 0.18107381E+00 0.15415059E+00 0.12950976E+00 0.10761736E+00 0.88610311E-01 0.72407799E-01 0.58799159E-01 0.47506754E-01 0.38228570E-01 0.30665929E-01
0.19907594E+00 0.66213728E+00 0.17953665E+01 0.39451532E+01 0.73273079E+01 0.11743466E+02 0.16148659E+02 0.18134440E+02 0.13794716E+02 -0.11893224E+01 -0.29110996E+02 -0.67793300E+02 -0.10959634E+03 -0.14264436E+03 -0.15548107E+03 -0.14383839E+03 -0.11313821E+03 -0.73962996E+02 -0.36300842E+02 -0.69880177E+01 0.11015091E+02 0.18538478E+02 0.18788848E+02 0.15348787E+02 0.10904778E+02 0.69621645E+01 0.40837818E+01 0.22598249E+01 0.12332319E+01 0.71363608E+00 0.47506237E+00 0.37365254E+00 0.32995391E+00 0.30518931E+00 0.28306499E+00 0.25846806E+00 0.23117874E+00 0.20264861E+00 0.17451674E+00 0.14805081E+00 0.12403477E+00 0.10283688E+00 0.84525154E-01 0.68974661E-01 0.55950036E-01 0.45163323E-01 0.36312140E-01 0.29103624E-01
0.21654413E+00 0.59697295E+00 0.15550798E+01 0.34557299E+01 0.66457286E+01 0.11254125E+02 0.16873915E+02 0.22156262E+02 0.24540048E+02 0.20625353E+02 0.76471207E+01 -0.14258788E+02 -0.40365373E+02 -0.62080648E+02 -0.70921834E+02 -0.63627583E+02 -0.44075957E+02 -0.20297193E+02 0.28653430E+00 0.13680291E+02 0.19473872E+02 0.19512663E+02 0.16323542E+02 0.12047919E+02 0.80462086E+01 0.49428814E+01 0.28448753E+01 0.15820293E+01 0.89795084E+00 0.56242454E+00 0.41223894E+00 0.34855545E+00 0.31858137E+00 0.29746342E+00 0.27548567E+00 0.25031461E+00 0.22270580E+00 0.19431228E+00 0.16669549E+00 0.14098134E+00 0.11782654E+00 0.97506349E-01 0.80028434E-01 0.65233177E-01 0.52869166E-01 0.42645224E-01 0.34263990E-01 0.27442280E-01
0.27298169E+00 0.58245114E+00 0.13444003E+01 0.28648871E+01 0.54707043E+01 0.93703602E+01 0.14428005E+02 0.19886360E+02 0.24181517E+02 0.25138526E+02 0.20829522E+02 0.10964927E+02 -0.20247107E+01 -0.13405197E+02 -0.18449029E+02 -0.15281510E+02 -0.59582197E+01 0.51074835E+01 0.13849442E+02 0.18283146E+02 0.18567470E+02 0.16067693E+02 0.12355609E+02 0.86280515E+01 0.55493908E+01 0.33345546E+01 0.19140912E+01 0.10931025E+01 0.66324675E+00 0.45869437E+00 0.36900199E+00 0.32981824E+00 0.30787671E+00 0.28826991E+00 0.26586972E+00 0.24019037E+00 0.21254756E+00 0.18461975E+00 0.15782138E+00 0.13311335E+00 0.11102179E+00 0.91733928E-01 0.75205289E-01 0.61250231E-01 0.49609076E-01 0.39993730E-01 0.32116574E-01 0.25707440E-01
0.33308750E+00 0.57963127E+00 0.11515723E+01 0.22690722E+01 0.41758478E+01 0.70478353E+01 0.10844809E+02 0.15137961E+02 0.19008957E+02 0.21178953E+02 0.20496314E+02 0.16683310E+02 0.10884357E+02 0.54265693E+01 0.26562662E+01 0.35533139E+01 0.71969317E+01 0.11488676E+02 0.14465393E+02 0.15200430E+02 0.13873613E+02 0.11290751E+02 0.83398848E+01 0.56657680E+01 0.35858813E+01 0.21525699E+01 0.12642985E+01 0.76576988E+00 0.51164872E+00 0.39337308E+00 0.34127875E+00 0.31586782E+00 0.29739983E+00 0.27765252E+00 0.25445266E+00 0.22839054E+00 0.20099762E+00 0.17383534E+00 0.14811904E+00 0.12463078E+00 0.10376741E+00 0.85635179E-01 0.70145868E-01 0.57095907E-01 0.46224253E-01 0.37251267E-01 0.29902993E-01 0.23924982E-01
0.37841878E+00 0.57069371E+00 0.98011955E+00 0.17469439E+01 0.30257753E+01 0.49295929E+01 0.74412751E+01 0.10316576E+02 0.13036462E+02 0.14890419E+02 0.15241245E+02 0.13900584E+02 0.11384303E+02 0.87834192E+01 0.72149059E+01 0.71832988E+01 0.83245205E+01 0.97124823E+01 0.10453041E+02 0.10122258E+02 0.88287289E+01 0.69959579E+01 0.50888594E+01 0.34380264E+01 0.21917195E+01 0.13524155E+01 0.84246416E+00 0.56140126E+00 0.42028511E+00 0.35451833E+00 0.32337968E+00 0.30423569E+00 0.28624536E+00 0.26543266E+00 0.24137375E+00 0.21517390E+00 0.18833924E+00 0.16222317E+00 0.13781611E+00 0.11572090E+00 0.96213062E-01 0.79327514E-01 0.64941375E-01 0.52840765E-01 0.42769251E-01 0.34460091E-01 0.27656066E-01 0.22120445E-01
0.40314390E+00 0.55092926E+00 0.83438679E+00 0.13338495E+01 0.21346848E+01 0.32949771E+01 0.47974254E+01 0.65006233E+01 0.81211316E+01 0.92846495E+01 0.96627494E+01 0.91521968E+01 0.79874656E+01 0.66745078E+01 0.57405664E+01 0.54478547E+01 0.56716943E+01 0.60228399E+01 0.61051775E+01 0.57205078E+01 0.49127474E+01 0.38785098E+01 0.28398275E+01 0.19557552E+01 0.12952090E+01 0.85392502E+00 0.58768332E+00 0.44161847E+00 0.36768028E+00 0.33108185E+00 0.31000982E+00 0.29259792E+00 0.27355861E+00 0.25145167E+00 0.22678087E+00 0.20080206E+00 0.17485492E+00 0.15004464E+00 0.12713677E+00 0.10656747E+00 0.88505139E-01 0.72925527E-01 0.59680607E-01 0.48553322E-01 0.39296928E-01 0.31661054E-01 0.25407438E-01 0.20318391E-01
0.40857364E+00 0.52181124E+00 0.71489437E+00 0.10292759E+01 0.15058039E+01 0.21669305E+01 0.29925675E+01 0.38985305E+01 0.47331659E+01 0.53082762E+01 0.54674750E+01 0.51680624E+01 0.45271320E+01 0.37869324E+01 0.32019242E+01 0.29116148E+01 0.28826450E+01 0.29549008E+01 0.29502630E+01 0.27664773E+01 0.24060624E+01 0.19447242E+01 0.14771194E+01 0.10751197E+01 0.77210865E+00 0.56813957E+00 0.44397869E+00 0.37445158E+00 0.33689066E+00 0.31462969E+00 0.29724952E+00 0.27932705E+00 0.25883168E+00 0.23571911E+00 0.21089835E+00 0.18556605E+00 0.16083329E+00 0.13755670E+00 0.11629684E+00 0.97345383E-01 0.80782062E-01 0.66537156E-01 0.54447056E-01 0.44297932E-01 0.35856900E-01 0.28892479E-01 0.23186773E-01 0.18541802E-01
0.39878777E+00 0.48645125E+00 0.61853662E+00 0.81392613E+00 0.10887162E+01 0.14468341E+01 0.18687437E+01 0.23032771E+01 0.26698851E+01 0.28772962E+01 0.28574198E+01 0.26016456E+01 0.21778916E+01 0.17111959E+01 0.13313545E+01 0.11154158E+01 0.10596438E+01 0.10960827E+01 0.11384159E+01 0.11257149E+01 0.10411855E+01 0.90421964E+00 0.74935545E+00 0.60724497E+00 0.49520324E+00 0.41690846E+00 0.36698583E+00 0.33636209E+00 0.31616164E+00 0.29966507E+00 0.28277388E+00 0.26364094E+00 0.24199312E+00 0.21845980E+00 0.19404746E+00 0.16979226E+00 0.14656797E+00 0.12500786E+00 0.10549905E+00 0.88216109E-01 0.73170398E-01 0.60260601E-01 0.49316518E-01 0.40133025E-01 0.32494249E-01 0.26189219E-01 0.21021049E-01 0.16811562E-01
0.37814174E+00 0.44746482E+00 0.54022173E+00 0.66339780E+00 0.82103126E+00 0.10095221E+01 0.12127375E+01 0.13996318E+01 0.15276563E+01 0.15538604E+01 0.14517979E+01 0.12274225E+01 0.92445510E+00 0.61286943E+00 0.36330656E+00 0.21987420E+00 0.18604979E+00 0.23044275E+00 0.30680456E+00 0.37539976E+00 0.41509337E+00 0.42356611E+00 0.40999203E+00 0.38644902E+00 0.36219031E+00 0.34171274E+00 0.32549691E+00 0.31179733E+00 0.29831250E+00 0.28323258E+00 0.26564541E+00 0.24549987E+00 0.22335490E+00 0.20008392E+00 0.17662790E+00 0.15382994E+00 0.13234850E+00 0.11263123E+00 0.94927737E-01 0.79323633E-01 0.65781727E-01 0.54181973E-01 0.44355335E-01 0.36109769E-01 0.29248524E-01 0.23581898E-01 0.18933995E-01 0.15146022E-01
0.35034837E+00 0.40656669E+00 0.47459294E+00 0.55573778E+00 0.64898264E+00 0.74882054E+00 0.84337576E+00 0.91419008E+00 0.93908636E+00 0.89855841E+00 0.78419956E+00 0.60561289E+00 0.39155988E+00 0.18304179E+00 0.20177711E-01 -0.71306373E-01 -0.87429145E-01 -0.43993853E-01 0.32600630E-01 0.11629281E+00 0.18892202E+00 0.24238211E+00 0.27649703E+00 0.29519377E+00 0.30316993E+00 0.30404161E+00 0.29989200E+00 0.29164293E+00 0.27966452E+00 0.26426379E+00 0.24593264E+00 0.22538712E+00 0.20348657E+00 0.18111493E+00 0.15907635E+00 0.13802717E+00 0.11844631E+00 0.10063613E+00 0.84743522E-01 0.70790988E-01 0.58710286E-01 0.48373570E-01 0.39619159E-01 0.32271150E-01 0.26153038E-01 0.21096374E-01 0.16945667E-01 0.13560678E-01
0.31840826E+00 0.36495471E+00 0.41731175E+00 0.47443161E+00 0.53365099E+00 0.58983247E+00 0.63482553E+00 0.65790251E+00 0.64773728E+00 0.59593089E+00 0.50114393E+00 0.37203316E+00 0.22709009E+00 0.90557492E-01 -0.14466027E-01 -0.72941800E-01 -0.81794778E-01 -0.49279456E-01 0.94035695E-02 0.77814761E-01 0.14279870E+00 0.19650730E+00 0.23607843E+00 0.26201256E+00 0.27637097E+00 0.28148218E+00 0.27932379E+00 0.27141154E+00 0.25893118E+00 0.24290686E+00 0.22430625E+00 0.20406712E+00 0.18307230E+00 0.16210648E+00 0.14181911E+00 0.12270438E+00 0.10509987E+00 0.89199971E-01 0.75078897E-01 0.62717755E-01 0.52031512E-01 0.42892985E-01 0.35152300E-01 0.28651483E-01 0.23234473E-01 0.18753419E-01 0.15072189E-01 0.12067960E-01
0.28477469E+00 0.32373673E+00 0.36565122E+00 0.40873797E+00 0.45016123E+00 0.48578928E+00 0.51019980E+00 0.51720911E+00 0.50112213E+00 0.45860565E+00 0.39065250E+00 0.30375813E+00 0.20946942E+00 0.12202871E+00 0.54732264E-01 0.16355183E-01 0.90745588E-02 0.28639798E-01 0.66489178E-01 0.11271747E+00 0.15866462E+00 0.19836206E+00 0.22874993E+00 0.24906931E+00 0.25997106E+00 0.26274339E+00 0.25882458E+00 0.24958130E+00 0.23625138E+00 0.21995189E+00 0.20169304E+00 0.18237745E+00 0.16278749E+00 0.14357074E+00 0.12523147E+00 0.10813195E+00 0.92503135E-01 0.78462427E-01 0.66035480E-01 0.55178888E-01 0.45801534E-01 0.37782891E-01 0.30987622E-01 0.25276312E-01 0.20512777E-01 0.16568602E-01 0.13325641E-01 0.10677138E-01
0.25145601E+00 0.28407955E+00 0.31841277E+00 0.35266277E+00 0.38435784E+00 0.41036603E+00 0.42708102E+00 0.43087434E+00 0.41885751E+00 0.38985634E+00 0.34531210E+00 0.28969742E+00 0.23008960E+00 0.17482631E+00 0.13157879E+00 0.10549682E+00 0.98104040E-01 0.10731053E+00 0.12842937E+00 0.15570134E+00 0.18373166E+00 0.20842142E+00 0.22728158E+00 0.23926928E+00 0.24439075E+00 0.24328319E+00 0.23689130E+00 0.22626340E+00 0.21244050E+00 0.19639979E+00 0.17902383E+00 0.16108099E+00 0.14321306E+00 0.12592984E+00 0.10961133E+00 0.94516759E-01 0.80799119E-01 0.68522958E-01 0.57683454E-01 0.48224984E-01 0.40057718E-01 0.33071551E-01 0.27146920E-01 0.22162665E-01 0.18001319E-01 0.14552379E-01 0.11714107E-01 0.93943501E-02
0.22001700E+00 0.24710908E+00 0.27542664E+00 0.30343119E+00 0.32914243E+00 0.35024135E+00 0.36428249E+00 0.36903791E+00 0.36296132E+00 0.34569638E+00 0.31847920E+00 0.28424692E+00 0.24730859E+00 0.21257445E+00 0.18452439E+00 0.16623396E+00 0.15878047E+00 0.16120839E+00 0.17101318E+00 0.18491999E+00 0.19967055E+00 0.21259718E+00 0.22189624E+00 0.22663699E+00 0.22660801E+00 0.22210571E+00 0.21373593E+00 0.20225919E+00 0.18848226E+00 0.17318656E+00 0.15708275E+00 0.14078374E+00 0.12479126E+00 0.10949315E+00 0.95168373E-01 0.81997966E-01 0.70079260E-01 0.59441778E-01 0.50063158E-01 0.41883866E-01 0.34820035E-01 0.28773890E-01 0.23641722E-01 0.19319612E-01 0.15707259E-01 0.12710342E-01 0.10241853E-01 0.82227334E-02
0.19154928E+00 0.21372880E+00 0.23696750E+00 0.26004047E+00 0.28142738E+00 0.29942499E+00 0.31232990E+00 0.31868642E+00 0.31757428E+00 0.30888202E+00 0.29348636E+00 0.27325240E+00 0.25080095E+00 0.22905932E+00 0.21069520E+00 0.19759180E+00 0.19051961E+00 0.18909377E+00 0.19200328E+00 0.19741092E+00 0.20338574E+00 0.20825130E+00 0.21079003E+00 0.21030349E+00 0.20656693E+00 0.19972730E+00 0.19018572E+00 0.17848928E+00 0.16524320E+00 0.15104583E+00 0.13644436E+00 0.12190828E+00 0.10781663E+00 0.94456153E-01 0.82026625E-01 0.70650925E-01 0.60387512E-01 0.51243685E-01 0.43188286E-01 0.36163209E-01 0.30093078E-01 0.24892993E-01 0.20474358E-01 0.16749035E-01 0.13632107E-01 0.11043626E-01 0.89096244E-02 0.71626561E-02
