crystal_functions/SURFLAPP_ref.DAT
DSAA
 221 221
-0.10393494E+02  0.10393494E+02  0.94486307E-01
-0.10393494E+02  0.10393494E+02  0.94486307E-01
 0.00000000E+00  0.00000000E+00
[rows 154 to 175 of 221, columns 0 to 47 of 221]
0.47304884E-05 0.62062843E-05 0.80954709E-05 0.10498487E-04 0.13535566E-04 0.17349411E-04 0.22107925E-04 0.28007029E-04 0.35273492E-04 0.44167841E-04 0.54987458E-04 0.68070094E-04 0.83798222E-04 0.10260488E-03 0.12498199E-03 0.15149258E-03 0.18278874E-03 0.21963784E-03 0.26296009E-03 0.31388130E-03 0.37380515E-03 0.44451022E-03 0.52827740E-03 0.62805356E-03 0.74765794E-03 0.89203740E-03 0.10675766E-02 0.12824682E-02 0.15471464E-02 0.18747853E-02 0.22818558E-02 0.27887294E-02 0.34203021E-02 0.42065943E-02 0.51832604E-02 0.63919215E-02 0.78802171E-02 0.97014788E-02 0.11913970E-01 0.14579726E-01 0.17763172E-01 0.21529868E-01 0.25945861E-01 0.31078060E-01 0.36995606E-01 0.43771145E-01 0.51478963E-01 0.60184027E-01
0.46034747E-05 0.60408523E-05 0.78813215E-05 0.10222983E-04 0.13183325E-04 0.16901853E-04 0.21542783E-04 0.27297820E-04 0.34388936E-04 0.43071228E-04 0.53635927E-04 0.66413799E-04 0.81779291E-04 0.10015607E-03 0.12202485E-03 0.14793489E-03 0.17852087E-03 0.21452755E-03 0.25684518E-03 0.30655932E-03 0.36501913E-03 0.43392938E-03 0.51547121E-03 0.61245766E-03 0.72852984E-03 0.86839992E-03 0.10381464E-02 0.12455670E-02 0.15005920E-02 0.18157595E-02 0.22067481E-02 0.26929558E-02 0.32981001E-02 0.40508015E-02 0.49850873E-02 0.61407352E-02 0.75633592E-02 0.93041395E-02 0.11419134E-01 0.13968187E-01 0.17013569E-01 0.20618666E-01 0.24847139E-01 0.29762996E-01 0.35431683E-01 0.41921435E-01 0.49302564E-01 0.57639883E-01
0.44628336E-05 0.58576229E-05 0.76440688E-05 0.99176698E-05 0.12792855E-04 0.16405570E-04 0.20915922E-04 0.26510908E-04 0.33407154E-04 0.41853695E-04 0.52134916E-04 0.64573801E-04 0.79535886E-04 0.97434457E-04 0.11873788E-03 0.14398028E-03 0.17377731E-03 0.20884910E-03 0.25005341E-03 0.29843218E-03 0.35527570E-03 0.42220899E-03 0.50130557E-03 0.59523400E-03 0.70744324E-03 0.84239202E-03 0.10058283E-02 0.12051232E-02 0.14496622E-02 0.17512960E-02 0.21248466E-02 0.25886572E-02 0.31651684E-02 0.38814801E-02 0.47698479E-02 0.58680360E-02 0.72194360E-02 0.88728562E-02 0.10881912E-01 0.13304013E-01 0.16199047E-01 0.19628030E-01 0.23652094E-01 0.28332254E-01 0.33730163E-01 0.39909407E-01 0.46935633E-01 0.54871823E-01
0.43099960E-05 0.56584453E-05 0.73860864E-05 0.95855740E-05 0.12367993E-04 0.15865389E-04 0.20233371E-04 0.25653782E-04 0.32337384E-04 0.40526577E-04 0.50498242E-04 0.62566861E-04 0.77088246E-04 0.94464400E-04 0.11515031E-03 0.13966381E-03 0.16860014E-03 0.20265318E-03 0.24264612E-03 0.28957471E-03 0.34466694E-03 0.40946363E-03 0.48592461E-03 0.57656600E-03 0.68463382E-03 0.81431926E-03 0.97102113E-03 0.11616596E-02 0.13950445E-02 0.16822996E-02 0.20373398E-02 0.24773917E-02 0.30235410E-02 0.37012719E-02 0.45409520E-02 0.55781923E-02 0.68539967E-02 0.84146115E-02 0.10310999E-01 0.12597914E-01 0.15332652E-01 0.18573685E-01 0.22379506E-01 0.26808110E-01 0.31917380E-01 0.37766186E-01 0.44415048E-01 0.51923600E-01
0.41464835E-05 0.54452867E-05 0.71099016E-05 0.92299207E-05 0.11912825E-04 0.15286457E-04 0.19501570E-04 0.24734445E-04 0.31189510E-04 0.39102001E-04 0.48740703E-04 0.60410934E-04 0.74458057E-04 0.91271988E-04 0.11129345E-03 0.13502300E-03 0.16303435E-03 0.19599384E-03 0.23468856E-03 0.28006619E-03 0.33329003E-03 0.39581356E-03 0.46947890E-03 0.55664425E-03 0.66034539E-03 0.78449632E-03 0.93413396E-03 0.11157110E-02 0.13374400E-02 0.16096904E-02 0.19454350E-02 0.23607396E-02 0.28752794E-02 0.35128537E-02 0.43018554E-02 0.52756347E-02 0.64726767E-02 0.79365091E-02 0.97152608E-02 0.11860837E-01 0.14427751E-01 0.17471771E-01 0.21048669E-01 0.25213438E-01 0.30020307E-01 0.35523542E-01 0.41778332E-01 0.48839808E-01
0.39738838E-05 0.52202015E-05 0.68181554E-05 0.88540829E-05 0.11431631E-04 0.14674164E-04 0.18727273E-04 0.23761295E-04 0.29973912E-04 0.37592715E-04 0.46877862E-04 0.58124919E-04 0.71668150E-04 0.87884689E-04 0.10720024E-03 0.13009728E-03 0.15712715E-03 0.18892768E-03 0.22624886E-03 0.26998907E-03 0.32124556E-03 0.38138272E-03 0.45212269E-03 0.53566282E-03 0.63482479E-03 0.75324015E-03 0.89557696E-03 0.10678112E-02 0.12775464E-02 0.15343815E-02 0.18503274E-02 0.22402630E-02 0.27224198E-02 0.33188681E-02 0.40559696E-02 0.49647398E-02 0.60810496E-02 0.74455873E-02 0.91035021E-02 0.11103684E-01 0.13497692E-01 0.16338451E-01 0.19678936E-01 0.23571184E-01 0.28065952E-01 0.33213158E-01 0.39062734E-01 0.45664605E-01
0.37938257E-05 0.49852995E-05 0.65135621E-05 0.84615300E-05 0.10928816E-04 0.14034076E-04 0.17917445E-04 0.22743006E-04 0.28701318E-04 0.36011907E-04 0.44925833E-04 0.55728389E-04 0.68742186E-04 0.84330974E-04 0.10290482E-03 0.12492751E-03 0.15092735E-03 0.18151311E-03 0.21739706E-03 0.25942781E-03 0.30863604E-03 0.36629660E-03 0.43401121E-03 0.51381581E-03 0.60831723E-03 0.72086364E-03 0.85575274E-03 0.10184818E-02 0.12160419E-02 0.14572579E-02 0.17531725E-02 0.21174693E-02 0.25669235E-02 0.31218587E-02 0.38065782E-02 0.46497222E-02 0.56844890E-02 0.69486446E-02 0.84842490E-02 0.10337042E-01 0.12555484E-01 0.15189524E-01 0.18289273E-01 0.21903863E-01 0.26080791E-01 0.30865982E-01 0.36304425E-01 0.42440611E-01
0.36079545E-05 0.47427132E-05 0.61988683E-05 0.80557766E-05 0.10408850E-04 0.13371830E-04 0.17079163E-04 0.21688400E-04 0.27382652E-04 0.34373020E-04 0.42901056E-04 0.53241336E-04 0.65704338E-04 0.80639941E-04 0.98442085E-04 0.11955538E-03 0.14448473E-03 0.17380951E-03 0.20820418E-03 0.24846765E-03 0.29556439E-03 0.35068046E-03 0.41529828E-03 0.49129407E-03 0.58106210E-03 0.68767000E-03 0.81504882E-03 0.96822159E-03 0.11535726E-02 0.13791586E-02 0.16550618E-02 0.19937783E-02 0.24106349E-02 0.29242144E-02 0.35567631E-02 0.43345389E-02 0.52880448E-02 0.64520818E-02 0.78655499E-02 0.95709404E-02 0.11613494E-01 0.14040070E-01 0.16897846E-01 0.20233088E-01 0.24090247E-01 0.28511655E-01 0.33537839E-01 0.39208055E-01
0.34179076E-05 0.44945671E-05 0.58768132E-05 0.76403314E-05 0.98761959E-05 0.12693073E-04 0.16219520E-04 0.20606326E-04 0.26028889E-04 0.32689572E-04 0.40820080E-04 0.50683899E-04 0.62578980E-04 0.76840934E-04 0.93847202E-04 0.11402291E-03 0.13784936E-03 0.16587655E-03 0.19874133E-03 0.23719356E-03 0.28213262E-03 0.33465757E-03 0.39613417E-03 0.46828252E-03 0.55328926E-03 0.65394793E-03 0.77383123E-03 0.91749842E-03 0.10907400E-02 0.13008610E-02 0.15570022E-02 0.18704955E-02 0.22552453E-02 0.27281220E-02 0.33093433E-02 0.40228084E-02 0.48963392E-02 0.59617672E-02 0.72548030E-02 0.88146287E-02 0.10683178E-01 0.12904122E-01 0.15521636E-01 0.18579139E-01 0.22118220E-01 0.26178011E-01 0.30795152E-01 0.36004166E-01
0.32252912E-05 0.42429480E-05 0.55500903E-05 0.72186491E-05 0.93352573E-05 0.12003377E-04 0.15345527E-04 0.19505545E-04 0.24650901E-04 0.30974977E-04 0.38699348E-04 0.48076109E-04 0.59390375E-04 0.72963183E-04 0.89155220E-04 0.10837196E-03 0.13107109E-03 0.15777342E-03 0.18907884E-03 0.22568920E-03 0.26844062E-03 0.31834780E-03 0.37666372E-03 0.44495777E-03 0.52521614E-03 0.61996783E-03 0.73243951E-03 0.86674243E-03 0.10280931E-02 0.12230694E-02 0.14599009E-02 0.17487914E-02 0.21022657E-02 0.25355303E-02 0.30668265E-02 0.37177483E-02 0.45134836E-02 0.54829287E-02 0.66586161E-02 0.80763993E-02 0.97748532E-02 0.11794384E-01 0.14176103E-01 0.16960576E-01 0.20186664E-01 0.23890651E-01 0.28105865E-01 0.32862777E-01
0.30316593E-05 0.39898768E-05 0.52213116E-05 0.67940843E-05 0.87903146E-05 0.11308171E-04 0.14464016E-04 0.18394612E-04 0.23259329E-04 0.29242376E-04 0.36554990E-04 0.45437645E-04 0.56162381E-04 0.69035455E-04 0.84400637E-04 0.10264370E-03 0.12419887E-03 0.14955822E-03 0.17928550E-03 0.21403607E-03 0.25458506E-03 0.30186633E-03 0.35702492E-03 0.42148631E-03 0.49704544E-03 0.58597883E-03 0.69118297E-03 0.81634117E-03 0.96612157E-03 0.11464066E-02 0.13645539E-02 0.16296869E-02 0.19530077E-02 0.23481245E-02 0.28313762E-02 0.34221303E-02 0.41430194E-02 0.50200747E-02 0.60827019E-02 0.73634485E-02 0.88975177E-02 0.10722008E-01 0.12874906E-01 0.15393907E-01 0.18315227E-01 0.21672570E-01 0.25496470E-01 0.29814074E-01
0.28384931E-05 0.37372830E-05 0.48929749E-05 0.63698494E-05 0.82454737E-05 0.10612669E-04 0.13581573E-04 0.17281775E-04 0.21864442E-04 0.27504480E-04 0.34402633E-04 0.42787594E-04 0.52918173E-04 0.65085715E-04 0.79617014E-04 0.96878214E-04 0.11728033E-03 0.14128732E-03 0.16942789E-03 0.20231268E-03 0.24065859E-03 0.28532261E-03 0.33734764E-03 0.39802314E-03 0.46896349E-03 0.55220699E-03 0.65033833E-03 0.76663676E-03 0.90525208E-03 0.10714091E-02 0.12716404E-02 0.15140456E-02 0.18085727E-02 0.21673122E-02 0.26047923E-02 0.31382550E-02 0.37878835E-02 0.45769461E-02 0.55318115E-02 0.66817854E-02 0.80587279E-02 0.96964204E-02 0.11629688E-01 0.13893327E-01 0.16520941E-01 0.19543840E-01 0.22990171E-01 0.26884427E-01
0.26471845E-05 0.34869822E-05 0.45674338E-05 0.59489772E-05 0.77046174E-05 0.99218094E-05 0.12704440E-04 0.16174877E-04 0.20476028E-04 0.25773420E-04 0.32257220E-04 0.40144242E-04 0.49679985E-04 0.61140827E-04 0.74836614E-04 0.91114018E-04 0.11036124E-03 0.13301483E-03 0.15956974E-03 0.19059388E-03 0.22674896E-03 0.26881959E-03 0.31775281E-03 0.37471085E-03 0.44113935E-03 0.51885413E-03 0.61014868E-03 0.71792467E-03 0.84584726E-03 0.99852587E-03 0.11817205E-02 0.14025715E-02 0.16698498E-02 0.19942201E-02 0.23885065E-02 0.28679445E-02 0.34503963E-02 0.41564987E-02 0.50097063E-02 0.60361870E-02 0.72645290E-02 0.87252264E-02 0.10449936E-01 0.12470526E-01 0.14817991E-01 0.17521348E-01 0.20606647E-01 0.24096259E-01
0.24590205E-05 0.32406564E-05 0.42468729E-05 0.55342876E-05 0.71713634E-05 0.92402051E-05 0.11838457E-04 0.15081269E-04 0.19103281E-04 0.24060620E-04 0.30132848E-04 0.37524875E-04 0.46468872E-04 0.57226276E-04 0.70090079E-04 0.85387726E-04 0.10348507E-03 0.12479212E-03 0.14977141E-03 0.17895030E-03 0.21293855E-03 0.25245309E-03 0.29835186E-03 0.35167909E-03 0.41372435E-03 0.48609773E-03 0.57082351E-03 0.67045419E-03 0.78820643E-03 0.92811982E-03 0.10952381E-02 0.12958120E-02 0.15375197E-02 0.18297000E-02 0.21835898E-02 0.26125515E-02 0.31322727E-02 0.37609129E-02 0.45191656E-02 0.54301999E-02 0.65194439E-02 0.78141769E-02 0.93429134E-02 0.11134586E-01 0.13217568E-01 0.15618617E-01 0.18361856E-01 0.21467914E-01
0.22751714E-05 0.29998378E-05 0.39332867E-05 0.51283607E-05 0.66490287E-05 0.85720942E-05 0.10989006E-04 0.14007739E-04 0.17754711E-04 0.22376679E-04 0.28042632E-04 0.34945612E-04 0.43304510E-04 0.53365914E-04 0.65406136E-04 0.79733700E-04 0.96692667E-04 0.11666738E-03 0.14008943E-03 0.16744785E-03 0.19930379E-03 0.23631138E-03 0.27924633E-03 0.32904445E-03 0.38685221E-03 0.45409135E-03 0.53253974E-03 0.62443017E-03 0.73256845E-03 0.86047173E-03 0.10125268E-02 0.11941670E-02 0.14120661E-02 0.16743429E-02 0.19907713E-02 0.23729832E-02 0.28346513E-02 0.33916296E-02 0.40620270E-02 0.48661835E-02 0.58265157E-02 0.69672012E-02 0.83136805E-02 0.98919702E-02 0.11727811E-01 0.13845704E-01 0.16267912E-01 0.19013547E-01
0.20966810E-05 0.27658965E-05 0.36284626E-05 0.47335147E-05 0.61406018E-05 0.79213053E-05 0.10160962E-04 0.12960460E-04 0.16438073E-04 0.20731279E-04 0.25998584E-04 0.32421253E-04 0.40205013E-04 0.49581756E-04 0.60811348E-04 0.74183762E-04 0.90021855E-04 0.10868527E-03 0.13057612E-03 0.15614735E-03 0.18591490E-03 0.22047492E-03 0.26052779E-03 0.30691053E-03 0.36063955E-03 0.42296573E-03 0.49544353E-03 0.58001586E-03 0.67911591E-03 0.79578657E-03 0.93381761E-03 0.10978995E-02 0.12937914E-02 0.15285007E-02 0.18104659E-02 0.21497371E-02 0.25581399E-02 0.30494064E-02 0.36392550E-02 0.43453899E-02 0.51873967E-02 0.61865029E-02 0.73651830E-02 0.87465954E-02 0.10353859E-01 0.12209203E-01 0.14333041E-01 0.16743064E-01
0.19244603E-05 0.25400315E-05 0.33339694E-05 0.43517903E-05 0.56487210E-05 0.72912291E-05 0.93586564E-05 0.11944926E-04 0.15160297E-04 0.19133108E-04 0.24011517E-04 0.29965166E-04 0.37186792E-04 0.45893803E-04 0.56329908E-04 0.68766949E-04 0.83507213E-04 0.10088661E-03 0.12127925E-03 0.14510425E-03 0.17283557E-03 0.20501619E-03 0.24227791E-03 0.28536832E-03 0.33518666E-03 0.39283014E-03 0.45965259E-03 0.53733659E-03 0.62798054E-03 0.73420101E-03 0.85925068E-03 0.10071508E-02 0.11828364E-02 0.13923115E-02 0.16428085E-02 0.19429454E-02 0.23028720E-02 0.27343895E-02 0.32510300E-02 0.38680729E-02 0.46024775E-02 0.54727052E-02 0.64984117E-02 0.76999952E-02 0.90979958E-02 0.10712367E-01 0.12561654E-01 0.14662137E-01
0.17592836E-05 0.23232652E-05 0.30511497E-05 0.39849401E-05 0.51756610E-05 0.66848002E-05 0.85858506E-05 0.10965931E-04 0.13927453E-04 0.17589803E-04 0.22090975E-04 0.27589196E-04 0.34264439E-04 0.42319901E-04 0.51983472E-04 0.63509325E-04 0.77179839E-04 0.93308159E-04 0.11224187E-03 0.13436838E-03 0.16012286E-03 0.18999968E-03 0.22456854E-03 0.26449668E-03 0.31057849E-03 0.36377420E-03 0.42525899E-03 0.49648384E-03 0.57924922E-03 0.67579212E-03 0.78888655E-03 0.92195686E-03 0.10792023E-02 0.12657300E-02 0.14876928E-02 0.17524255E-02 0.20685729E-02 0.24461971E-02 0.28968536E-02 0.34336181E-02 0.40710447E-02 0.48250377E-02 0.57126155E-02 0.67515524E-02 0.79598921E-02 0.93553381E-02 0.10954545E-01 0.12772351E-01
0.16017873E-05 0.21164421E-05 0.27811174E-05 0.36344249E-05 0.47233266E-05 0.61044871E-05 0.78457258E-05 0.10027549E-04 0.12744730E-04 0.16107915E-04 0.20245183E-04 0.25303598E-04 0.31450652E-04 0.38875646E-04 0.47791039E-04 0.58433838E-04 0.71067190E-04 0.85982448E-04 0.10350206E-03 0.12398381E-03 0.14782707E-03 0.17548191E-03 0.20746207E-03 0.24436292E-03 0.28688577E-03 0.33586964E-03 0.39233202E-03 0.45751968E-03 0.53297040E-03 0.62058636E-03 0.72271904E-03 0.84226541E-03 0.98277381E-03 0.11485574E-02 0.13448122E-02 0.15777338E-02 0.18546285E-02 0.21840087E-02 0.25756623E-02 0.30406847E-02 0.35914562E-02 0.42415499E-02 0.50055533E-02 0.58987884E-02 0.69369231E-02 0.81354731E-02 0.95092060E-02 0.11071475E-01
0.14524716E-05 0.19202296E-05 0.25247583E-05 0.33014138E-05 0.42932519E-05 0.55522915E-05 0.71408776E-05 0.91331236E-05 0.11616408E-04 0.14692890E-04 0.18481028E-04 0.23117012E-04 0.28756183E-04 0.35574319E-04 0.43768877E-04 0.53560223E-04 0.65192973E-04 0.78937639E-04 0.95092885E-04 0.11398880E-03 0.13599177E-03 0.16151156E-03 0.19101164E-03 0.22502347E-03 0.26416614E-03 0.30917220E-03 0.36092110E-03 0.42048107E-03 0.48916039E-03 0.56856862E-03 0.66068779E-03 0.76795323E-03 0.89334297E-03 0.10404738E-02 0.12137012E-02 0.14182195E-02 0.16601563E-02 0.19466561E-02 0.22859429E-02 0.26873532E-02 0.31613261E-02 0.37193381E-02 0.43737692E-02 0.51376870E-02 0.60245397E-02 0.70477555E-02 0.82202534E-02 0.95538799E-02
0.13117041E-05 0.17351232E-05 0.22827363E-05 0.29867914E-05 0.38866083E-05 0.50297555E-05 0.64733238E-05 0.82852796E-05 0.10545875E-04 0.13349087E-04 0.16804054E-04 0.21036450E-04 0.26189834E-04 0.32426871E-04 0.39930486E-04 0.48904966E-04 0.59577097E-04 0.72197486E-04 0.87042297E-04 0.10441575E-03 0.12465379E-03 0.14812961E-03 0.17526156E-03 0.20652448E-03 0.24246523E-03 0.28372345E-03 0.33105858E-03 0.38538409E-03 0.44780949E-03 0.51969095E-03 0.60269036E-03 0.69884282E-03 0.81063128E-03 0.94106736E-03 0.10937755E-02 0.12730774E-02 0.14840728E-02 0.17327110E-02 0.20258463E-02 0.23712695E-02 0.27777067E-02 0.32547731E-02 0.38128732E-02 0.44630348E-02 0.52166693E-02 0.60852536E-02 0.70799344E-02 0.82110644E-02
0.11797260E-05 0.15614533E-05 0.20555016E-05 0.26911671E-05 0.35042161E-05 0.45379760E-05 0.58445214E-05 0.74859387E-05 0.95356513E-05 0.12079776E-04 0.15218484E-04 0.19067317E-04 0.23758466E-04 0.29441931E-04 0.36286611E-04 0.44481301E-04 0.54235671E-04 0.65781331E-04 0.79373169E-04 0.95291205E-04 0.11384335E-03 0.13536950E-03 0.16024763E-03 0.18890250E-03 0.22181775E-03 0.25955238E-03 0.30276228E-03 0.35222771E-03 0.40888752E-03 0.47388038E-03 0.54859338E-03 0.63471771E-03 0.73431065E-03 0.84986281E-03 0.98436842E-03 0.11413963E-02 0.13251580E-02 0.15405682E-02 0.17932934E-02 0.20897809E-02 0.24372618E-02 0.28437193E-02 0.33178139E-02 0.38687563E-02 0.45061215E-02 0.52395982E-02 0.60786732E-02 0.70322555E-02
