crystal_functions/SURFLAPP_ref.DAT
DSAA
 221 221
-0.10393494E+02  0.10393494E+02  0.94486307E-01
-0.10393494E+02  0.10393494E+02  0.94486307E-01
 0.00000000E+00  0.00000000E+00
[rows 0 to 21 of 221, columns 48 to 95 of 221]
0.24289479E-09 0.34107906E-09 0.47663178E-09 0.66284722E-09 0.91737592E-09 0.12635304E-08 0.17319275E-08 0.23625477E-08 0.32073008E-08 0.43331984E-08 0.58262463E-08 0.77961875E-08 0.10382234E-07 0.13759940E-07 0.18149377E-07 0.23824773E-07 0.31125787E-07 0.40470560E-07 0.52370706E-07 0.67448334E-07 0.86455188E-07 0.11029394E-06 0.14004155E-06 0.17697467E-06 0.22259884E-06 0.27866977E-06 0.34723251E-06 0.43064549E-06 0.53161129E-06 0.65320484E-06 0.79889922E-06 0.97258791E-06 0.11786023E-05 0.14217226E-05 0.17071816E-05 0.20406586E-05 0.24282629E-05 0.28765054E-05 0.33922563E-05 0.39826893E-05 0.46552102E-05 0.54173704E-05 0.62767648E-05 0.72409155E-05 0.83171407E-05 0.95124124E-05 0.10833203E-04 0.12285323E-04
0.31320132E-09 0.43960802E-09 0.61403477E-09 0.85352905E-09 0.11807079E-08 0.16254230E-08 0.22268508E-08 0.30361120E-08 0.41195301E-08 0.55626558E-08 0.74752009E-08 0.99970391E-08 0.13305451E-07 0.17623796E-07 0.23231816E-07 0.30477761E-07 0.39792540E-07 0.51706092E-07 0.66866127E-07 0.86059374E-07 0.11023542E-06 0.14053314E-06 0.17830965E-06 0.22517382E-06 0.28301216E-06 0.35403363E-06 0.44079973E-06 0.54626198E-06 0.67379736E-06 0.82724188E-06 0.10109210E-05 0.12296750E-05 0.14888788E-05 0.17944529E-05 0.21528649E-05 0.25711195E-05 0.30567347E-05 0.36177033E-05 0.42624382E-05 0.49996998E-05 0.58385060E-05 0.67880219E-05 0.78574343E-05 0.90558058E-05 0.10391915E-04 0.11874081E-04 0.13509979E-04 0.15306447E-04
0.40203059E-09 0.56401577E-09 0.78743748E-09 0.10940426E-08 0.15126779E-08 0.20813904E-08 0.28500761E-08 0.38837941E-08 0.52668865E-08 0.71080591E-08 0.95466025E-08 0.12759950E-07 0.16972785E-07 0.22467937E-07 0.29599288E-07 0.38806955E-07 0.50634967E-07 0.65751675E-07 0.84973064E-07 0.10928914E-06 0.13989342E-06 0.17821561E-06 0.22595943E-06 0.28513355E-06 0.35810228E-06 0.44762212E-06 0.55688670E-06 0.68957022E-06 0.84986976E-06 0.10425449E-05 0.12729529E-05 0.15470779E-05 0.18715520E-05 0.22536659E-05 0.27013669E-05 0.32232431E-05 0.38284903E-05 0.45268605E-05 0.53285913E-05 0.62443122E-05 0.72849319E-05 0.84615009E-05 0.97850548E-05 0.11266436E-04 0.12916097E-04 0.14743893E-04 0.16758856E-04 0.18968950E-04
0.51369248E-09 0.72033686E-09 0.10052083E-08 0.13959345E-08 0.19291373E-08 0.26530844E-08 0.36310284E-08 0.49453817E-08 0.67028980E-08 0.90410568E-08 0.12135870E-07 0.16211349E-07 0.21550909E-07 0.28510970E-07 0.37537062E-07 0.49182725E-07 0.64131480E-07 0.83222131E-07 0.10747762E-06 0.13813761E-06 0.17669476E-06 0.22493709E-06 0.28498411E-06 0.35934351E-06 0.45095477E-06 0.56324194E-06 0.70016588E-06 0.86627621E-06 0.10667613E-05 0.13074945E-05 0.15950746E-05 0.19368587E-05 0.23409838E-05 0.28163759E-05 0.33727440E-05 0.40205547E-05 0.47709881E-05 0.56358695E-05 0.66275779E-05 0.77589292E-05 0.90430328E-05 0.10493123E-04 0.12122367E-04 0.13943645E-04 0.15969320E-04 0.18210969E-04 0.20679136E-04 0.23383043E-04
0.65338856E-09 0.91580407E-09 0.12773702E-08 0.17730239E-08 0.24490433E-08 0.33663788E-08 0.46048430E-08 0.62683438E-08 0.84913714E-08 0.11446981E-07 0.15356540E-07 0.20501535E-07 0.27237766E-07 0.36012254E-07 0.47383233E-07 0.62043551E-07 0.80847831E-07 0.10484369E-06 0.13530725E-06 0.17378310E-06 0.22213095E-06 0.28256736E-06 0.35772824E-06 0.45072001E-06 0.56518063E-06 0.70534122E-06 0.87608850E-06 0.10830262E-05 0.13325335E-05 0.16318190E-05 0.19889661E-05 0.24129687E-05 0.29137537E-05 0.35021868E-05 0.41900589E-05 0.49900508E-05 0.59156723E-05 0.69811739E-05 0.82014309E-05 0.95917956E-05 0.11167920E-04 0.12945550E-04 0.14940287E-04 0.17167335E-04 0.19641195E-04 0.22375391E-04 0.25382140E-04 0.28672031E-04
0.82730926E-09 0.11590334E-08 0.16158543E-08 0.22417489E-08 0.30949282E-08 0.42520022E-08 0.58132130E-08 0.79089621E-08 0.10707893E-07 0.14426826E-07 0.19342864E-07 0.25808049E-07 0.34266943E-07 0.45277539E-07 0.59535942E-07 0.77905205E-07 0.10144874E-06 0.13146859E-06 0.16954894E-06 0.21760693E-06 0.27794003E-06 0.35329430E-06 0.44692332E-06 0.56265771E-06 0.70497667E-06 0.87908158E-06 0.10909698E-05 0.13475066E-05 0.16564937E-05 0.20267297E-05 0.24680620E-05 0.29914243E-05 0.36088583E-05 0.43335140E-05 0.51796274E-05 0.61624697E-05 0.72982668E-05 0.86040868E-05 0.10097692E-04 0.11797357E-04 0.13721649E-04 0.15889182E-04 0.18318316E-04 0.21026867E-04 0.24031757E-04 0.27348661E-04 0.30991644E-04 0.34972789E-04
0.10427884E-08 0.14602249E-08 0.20347750E-08 0.28215408E-08 0.38934063E-08 0.53462210E-08 0.73053037E-08 0.99335471E-08 0.13441439E-07 0.18099363E-07 0.24252571E-07 0.32339278E-07 0.42912327E-07 0.56664933E-07 0.74460990E-07 0.97370424E-07 0.12671005E-06 0.16409033E-06 0.21147020E-06 0.27120992E-06 0.34614507E-06 0.43965314E-06 0.55573179E-06 0.69908066E-06 0.87518650E-06 0.10904102E-05 0.13520736E-05 0.16685432E-05 0.20493084E-05 0.25050508E-05 0.30477002E-05 0.36904741E-05 0.44478961E-05 0.53357895E-05 0.63712410E-05 0.75725318E-05 0.89590331E-05 0.10551061E-04 0.12369695E-04 0.14436550E-04 0.16773518E-04 0.19402445E-04 0.22344819E-04 0.25621385E-04 0.29251755E-04 0.33253996E-04 0.37644212E-04 0.42436116E-04
0.13084603E-08 0.18313786E-08 0.25507248E-08 0.35352243E-08 0.48757148E-08 0.66915654E-08 0.91387232E-08 0.12419727E-07 0.16796073E-07 0.22603374E-07 0.30269784E-07 0.40338223E-07 0.53492960E-07 0.70591127E-07 0.92699756E-07 0.12113890E-06 0.15753134E-06 0.20386113E-06 0.26253177E-06 0.33644546E-06 0.42907748E-06 0.54456302E-06 0.68778934E-06 0.86449297E-06 0.10813604E-05 0.13461303E-05 0.16676945E-05 0.20561947E-05 0.25231117E-05 0.30813418E-05 0.37452581E-05 0.45307490E-05 0.54552328E-05 0.65376389E-05 0.77983559E-05 0.92591390E-05 0.10942975E-04 0.12873900E-04 0.15076778E-04 0.17577015E-04 0.20400251E-04 0.23571997E-04 0.27117232E-04 0.31059975E-04 0.35422831E-04 0.40226522E-04 0.45489408E-04 0.51227011E-04
0.16344252E-08 0.22865218E-08 0.31830844E-08 0.44094391E-08 0.60782817E-08 0.83375908E-08 0.11380535E-07 0.15457789E-07 0.20892717E-07 0.28099963E-07 0.37608017E-07 0.50086383E-07 0.66378021E-07 0.87537743E-07 0.11487724E-06 0.15001740E-06 0.19495010E-06 0.25210142E-06 0.32441576E-06 0.41543761E-06 0.52940693E-06 0.67136145E-06 0.84724600E-06 0.10640273E-05 0.13298122E-05 0.16539668E-05 0.20472331E-05 0.25218396E-05 0.30916014E-05 0.37720044E-05 0.45802696E-05 0.55353898E-05 0.66581353E-05 0.79710222E-05 0.94982374E-05 0.11265517E-04 0.13299977E-04 0.15629888E-04 0.18284390E-04 0.21293177E-04 0.24686110E-04 0.28492791E-04 0.32742104E-04 0.37461719E-04 0.42677576E-04 0.48413354E-04 0.54689945E-04 0.61524926E-04
0.20324226E-08 0.28419455E-08 0.39543448E-08 0.54750745E-08 0.75433105E-08 0.10341659E-07 0.14108299E-07 0.19152052E-07 0.25870946E-07 0.34774900E-07 0.46513222E-07 0.61907666E-07 0.81991826E-07 0.10805768E-06 0.14171005E-06 0.18492977E-06 0.24014863E-06 0.31032340E-06 0.39903908E-06 0.51060501E-06 0.65016866E-06 0.82383681E-06 0.10388045E-05 0.13034897E-05 0.16276711E-05 0.20226258E-05 0.25012632E-05 0.30782498E-05 0.37701207E-05 0.45953703E-05 0.55745184E-05 0.67301415E-05 0.80868683E-05 0.96713273E-05 0.11512046E-04 0.13639293E-04 0.16084872E-04 0.18881824E-04 0.22064125E-04 0.25666270E-04 0.29722842E-04 0.34268017E-04 0.39335033E-04 0.44955633E-04 0.51159491E-04 0.57973628E-04 0.65421832E-04 0.73524097E-04
0.25160066E-08 0.35164451E-08 0.48904331E-08 0.67677096E-08 0.93193707E-08 0.12769726E-07 0.17411110E-07 0.23622237E-07 0.31890785E-07 0.42840947E-07 0.57266780E-07 0.76172222E-07 0.10081870E-06 0.13278126E-06 0.17401412E-06 0.22692874E-06 0.29447328E-06 0.38024047E-06 0.48857208E-06 0.62468185E-06 0.79478830E-06 0.10062575E-05 0.12677542E-05 0.15893985E-05 0.19829255E-05 0.24618434E-05 0.30415851E-05 0.37396486E-05 0.45757184E-05 0.55717626E-05 0.67520970E-05 0.81434103E-05 0.97747414E-05 0.11677405E-04 0.13884855E-04 0.16432496E-04 0.19357394E-04 0.22697977E-04 0.26493618E-04 0.30784187E-04 0.35609534E-04 0.41008932E-04 0.47020485E-04 0.53680511E-04 0.61022910E-04 0.69078543E-04 0.77874615E-04 0.87434087E-04
0.31007222E-08 0.43315588E-08 0.60210362E-08 0.83280483E-08 0.11461979E-07 0.15697112E-07 0.21390616E-07 0.29004796E-07 0.39134433E-07 0.52540092E-07 0.70188366E-07 0.93300088E-07 0.12340757E-06 0.16242199E-06 0.21271379E-06 0.27719694E-06 0.35944066E-06 0.46378136E-06 0.59545406E-06 0.76073611E-06 0.96710323E-06 0.12233966E-05 0.15399988E-05 0.19290151E-05 0.24044569E-05 0.29824215E-05 0.36812628E-05 0.45217469E-05 0.55271830E-05 0.67235242E-05 0.81394283E-05 0.98062706E-05 0.11758101E-04 0.14031538E-04 0.16665601E-04 0.19701447E-04 0.23182071E-04 0.27151902E-04 0.31656343E-04 0.36741247E-04 0.42452335E-04 0.48834579E-04 0.55931548E-04 0.63784743E-04 0.72432938E-04 0.81911517E-04 0.92251859E-04 0.10348073E-03
0.38042745E-08 0.53117986E-08 0.73799112E-08 0.10202335E-07 0.14034149E-07 0.19209230E-07 0.26161974E-07 0.35454157E-07 0.47807875E-07 0.64145611E-07 0.85638573E-07 0.11376449E-06 0.15037613E-06 0.19778335E-06 0.25884127E-06 0.33706495E-06 0.43674786E-06 0.56310090E-06 0.72240588E-06 0.92218414E-06 0.11713790E-05 0.14805499E-05 0.18620760E-05 0.23303647E-05 0.29020602E-05 0.35962469E-05 0.44346398E-05 0.54417540E-05 0.66450445E-05 0.80750085E-05 0.97652384E-05 0.11752418E-04 0.14076254E-04 0.16779340E-04 0.19906916E-04 0.23506598E-04 0.27627977E-04 0.32322169E-04 0.37641284E-04 0.43637835E-04 0.50364100E-04 0.57871447E-04 0.66209645E-04 0.75426170E-04 0.85565526E-04 0.96668601E-04 0.10877205E-03 0.12190772E-03
0.46466873E-08 0.64848633E-08 0.90051712E-08 0.12442734E-07 0.17106900E-07 0.23402247E-07 0.31854709E-07 0.43143836E-07 0.58142299E-07 0.77963864E-07 0.10402117E-06 0.13809467E-06 0.18241422E-06 0.23975714E-06 0.31355088E-06 0.40801099E-06 0.52827939E-06 0.68058806E-06 0.87243891E-06 0.11128004E-05 0.14123194E-05 0.17835460E-05 0.22411669E-05 0.28022433E-05 0.34864477E-05 0.43162904E-05 0.53173301E-05 0.65183571E-05 0.79515399E-05 0.96525247E-05 0.11660478E-04 0.14018060E-04 0.16771330E-04 0.19969547E-04 0.23664916E-04 0.27912225E-04 0.32768397E-04 0.38291972E-04 0.44542514E-04 0.51579962E-04 0.59463950E-04 0.68253096E-04 0.78004300E-04 0.88772055E-04 0.10060780E-03 0.11355930E-03 0.12767012E-03 0.14297907E-03
0.56504426E-08 0.78818260E-08 0.10939535E-07 0.15107660E-07 0.20759681E-07 0.28383640E-07 0.38613427E-07 0.52267340E-07 0.70395242E-07 0.94335727E-07 0.12578485E-06 0.16687799E-06 0.22028860E-06 0.28933440E-06 0.37811695E-06 0.49166624E-06 0.63611138E-06 0.81887032E-06 0.10488593E-05 0.13367210E-05 0.16950693E-05 0.21387470E-05 0.26850928E-05 0.33542104E-05 0.41692343E-05 0.51565811E-05 0.63461799E-05 0.77716666E-05 0.94705356E-05 0.11484233E-04 0.13858183E-04 0.16641742E-04 0.19888038E-04 0.23653769E-04 0.27998860E-04 0.32986051E-04 0.38680388E-04 0.45148647E-04 0.52458687E-04 0.60678765E-04 0.69876833E-04 0.80119833E-04 0.91473019E-04 0.10399932E-03 0.11775878E-03 0.13280803E-03 0.14919985E-03 0.16698282E-03
0.68405942E-08 0.95372838E-08 0.13230521E-07 0.18262031E-07 0.25080699E-07 0.34272612E-07 0.46598341E-07 0.63038823E-07 0.84851382E-07 0.11363754E-06 0.15142436E-06 0.20076295E-06 0.26483682E-06 0.34760205E-06 0.45393652E-06 0.58981611E-06 0.76251247E-06 0.98081362E-06 0.12552666E-05 0.15984406E-05 0.20252076E-05 0.25530372E-05 0.32022983E-05 0.39965627E-05 0.49629002E-05 0.61321559E-05 0.75391974E-05 0.92231213E-05 0.11227404E-04 0.13599987E-04 0.16393283E-04 0.19664082E-04 0.23473384E-04 0.27886110E-04 0.32970725E-04 0.38798759E-04 0.45444247E-04 0.52983109E-04 0.61492472E-04 0.71049980E-04 0.81733106E-04 0.93618504E-04 0.10678141E-03 0.12129515E-03 0.13723070E-03 0.15465634E-03 0.17363745E-03 0.19423627E-03
0.82448459E-08 0.11489459E-07 0.15930581E-07 0.21977432E-07 0.30167121E-07 0.41200335E-07 0.55985552E-07 0.75693399E-07 0.10182288E-06 0.13628144E-06 0.18148080E-06 0.24045328E-06 0.31697732E-06 0.41574369E-06 0.54252845E-06 0.70439836E-06 0.90994048E-06 0.11695172E-05 0.14955457E-05 0.19027998E-05 0.24087302E-05 0.30337985E-05 0.38018170E-05 0.47402881E-05 0.58807295E-05 0.72589763E-05 0.89154461E-05 0.10895352E-04 0.13248851E-04 0.16031119E-04 0.19302313E-04 0.23127473E-04 0.27576280E-04 0.32722732E-04 0.38644706E-04 0.45423435E-04 0.53142911E-04 0.61889240E-04 0.71749974E-04 0.82813462E-04 0.95168235E-04 0.10890249E-03 0.12410366E-03 0.14085813E-03 0.15925104E-03 0.17936627E-03 0.20128644E-03 0.22509298E-03
0.98935857E-08 0.13780239E-07 0.19097138E-07 0.26332155E-07 0.36125108E-07 0.49309960E-07 0.66967027E-07 0.90487056E-07 0.12164919E-06 0.16271502E-06 0.21654301E-06 0.28671518E-06 0.37770166E-06 0.49503701E-06 0.64552954E-06 0.83749759E-06 0.10810345E-05 0.13883023E-05 0.17738512E-05 0.22549645E-05 0.28520211E-05 0.35888718E-05 0.44932203E-05 0.55969979E-05 0.69367208E-05 0.85538159E-05 0.10494900E-04 0.12812000E-04 0.15562694E-04 0.18810153E-04 0.22623107E-04 0.27075672E-04 0.32247086E-04 0.38221324E-04 0.45086625E-04 0.52934936E-04 0.61861306E-04 0.71963256E-04 0.83340178E-04 0.96092786E-04 0.11032268E-03 0.12613202E-03 0.14362343E-03 0.16290001E-03 0.18406555E-03 0.20722488E-03 0.23248430E-03 0.25995200E-03
0.11819866E-07 0.16455140E-07 0.22792528E-07 0.31411102E-07 0.43069656E-07 0.58756379E-07 0.79750222E-07 0.10769609E-06 0.14469620E-06 0.19342164E-06 0.25723852E-06 0.34036967E-06 0.44807225E-06 0.58684874E-06 0.76468759E-06 0.99133551E-06 0.12786019E-05 0.16406944E-05 0.20945837E-05 0.26603934E-05 0.33618095E-05 0.42265014E-05 0.52865449E-05 0.65788343E-05 0.81454711E-05 0.10034112E-04 0.12298261E-04 0.14997489E-04 0.18197570E-04 0.21970490E-04 0.26394388E-04 0.31553346E-04 0.37537078E-04 0.44440512E-04 0.52363291E-04 0.61409218E-04 0.71685678E-04 0.83303097E-04 0.96374467E-04 0.11101501E-03 0.12734200E-03 0.14547486E-03 0.16553539E-03 0.18764838E-03 0.21194229E-03 0.23855023E-03 0.26761086E-03 0.29926934E-03
0.14059322E-07 0.19563183E-07 0.27083820E-07 0.37305521E-07 0.51124214E-07 0.69705669E-07 0.94557298E-07 0.12761600E-06 0.17135468E-06 0.22891258E-06 0.30424040E-06 0.40228959E-06 0.52921664E-06 0.69262678E-06 0.90185067E-06 0.11682567E-05 0.15055987E-05 0.19303979E-05 0.24623560E-05 0.31247948E-05 0.39451146E-05 0.49552630E-05 0.61922011E-05 0.76983538E-05 0.95220285E-05 0.11717784E-04 0.14346732E-04 0.17476761E-04 0.21182630E-04 0.25546003E-04 0.30655315E-04 0.36605543E-04 0.43497862E-04 0.51439215E-04 0.60541815E-04 0.70922635E-04 0.82702934E-04 0.96007868E-04 0.11096627E-03 0.12771063E-03 0.14637739E-03 0.16710750E-03 0.19004737E-03 0.21535008E-03 0.24317688E-03 0.27369887E-03 0.30709865E-03 0.34357183E-03
0.16650012E-07 0.23156674E-07 0.32042492E-07 0.44112547E-07 0.60420043E-07 0.82334195E-07 0.11162387E-06 0.15055972E-06 0.20203963E-06 0.26973150E-06 0.35825673E-06 0.47339351E-06 0.62231935E-06 0.81388929E-06 0.10589527E-05 0.13707094E-05 0.17651049E-05 0.22612630E-05 0.28819507E-05 0.36540711E-05 0.46091739E-05 0.57839734E-05 0.72208592E-05 0.89683852E-05 0.11081716E-04 0.13623016E-04 0.16661761E-04 0.20274933E-04 0.24547145E-04 0.29570604E-04 0.35444974E-04 0.42277116E-04 0.50180735E-04 0.59275959E-04 0.69688900E-04 0.81551259E-04 0.95000028E-04 0.11017739E-03 0.12723087E-03 0.14631385E-03 0.16758646E-03 0.19121691E-03 0.21738329E-03 0.24627575E-03 0.27809900E-03 0.31307492E-03 0.35144517E-03 0.39347344E-03
0.19632180E-07 0.27290858E-07 0.37743959E-07 0.51934545E-07 0.71095291E-07 0.96827326E-07 0.13119722E-06 0.17685523E-06 0.23718068E-06 0.31644523E-06 0.42002597E-06 0.55463772E-06 0.72861111E-06 0.95221045E-06 0.12379945E-05 0.16012207E-05 0.20602922E-05 0.26372444E-05 0.33582668E-05 0.42542512E-05 0.53613575E-05 0.67215819E-05 0.83833140E-05 0.10401862E-04 0.12839927E-04 0.15768011E-04 0.19264718E-04 0.23416971E-04 0.28320090E-04 0.34077750E-04 0.40801823E-04 0.48612111E-04 0.57636014E-04 0.68008170E-04 0.79870140E-04 0.93370215E-04 0.10866343E-03 0.12591187E-03 0.14528546E-03 0.16696311E-03 0.19113458E-03 0.21800278E-03 0.24778677E-03 0.28072519E-03 0.31708004E-03 0.35714055E-03 0.40122693E-03 0.44969351E-03
