crystal_functions/SURFLAPP.DAT
DSAA
 161 161
-0.75589045E+01  0.75589045E+01  0.94486307E-01
-0.75589045E+01  0.75589045E+01  0.94486307E-01
 0.00000000E+00  0.00000000E+00
[rows 42 to 62 of 161, columns 48 to 95 of 161]
0.11977758E-01 0.15385205E-01 0.19420051E-01 0.24058248E-01 0.29222710E-01 0.34784733E-01 0.40584127E-01 0.46477764E-01 0.52424850E-01 0.58611604E-01 0.65606892E-01 0.74524515E-01 0.87150771E-01 0.10598267E+00 0.13411482E+00 0.17490541E+00 0.23133051E+00 0.30490180E+00 0.39402014E+00 0.49179373E+00 0.58380203E+00 0.64706363E+00 0.65219751E+00 0.57054514E+00 0.38575394E+00 0.10507631E+00 -0.23742951E+00 -0.59062263E+00 -0.90465419E+00 -0.11470060E+01 -0.13080038E+01 -0.13954271E+01 -0.14224954E+01 -0.13954271E+01 -0.13080038E+01 -0.11470060E+01 -0.90465419E+00 -0.59062263E+00 -0.23742951E+00 0.10507631E+00 0.38575394E+00 0.57054514E+00 0.65219751E+00 0.64706363E+00 0.58380203E+00 0.49179373E+00 0.39402014E+00 0.30490180E+00
0.12958407E-01 0.16569991E-01 0.20819493E-01 0.25668825E-01 0.31023715E-01 0.36739317E-01 0.42648677E-01 0.48624952E-01 0.54685996E-01 0.61142445E-01 0.68776410E-01 0.79018908E-01 0.94074443E-01 0.11692569E+00 0.15113886E+00 0.20036803E+00 0.26740705E+00 0.35257373E+00 0.45123235E+00 0.55058026E+00 0.62668039E+00 0.64408290E+00 0.56146539E+00 0.34565716E+00 -0.89209025E-02 -0.46657543E+00 -0.95604636E+00 -0.13970507E+01 -0.17307836E+01 -0.19356263E+01 -0.20265511E+01 -0.20463412E+01 -0.20451871E+01 -0.20463412E+01 -0.20265511E+01 -0.19356263E+01 -0.17307836E+01 -0.13970507E+01 -0.95604636E+00 -0.46657543E+00 -0.89209025E-02 0.34565716E+00 0.56146539E+00 0.64408290E+00 0.62668039E+00 0.55058026E+00 0.45123235E+00 0.35257373E+00
0.13897874E-01 0.17691462E-01 0.22128405E-01 0.27156861E-01 0.32666644E-01 0.38499551E-01 0.44486830E-01 0.50525692E-01 0.56703556E-01 0.63469063E-01 0.71831932E-01 0.83551503E-01 0.10125130E+00 0.12837801E+00 0.16890171E+00 0.22660849E+00 0.30374656E+00 0.39869234E+00 0.50238421E+00 0.59387605E+00 0.63685771E+00 0.58121777E+00 0.37509275E+00 -0.10441096E-01 -0.55323199E+00 -0.11709537E+01 -0.17483040E+01 -0.21848612E+01 -0.24220317E+01 -0.24341511E+01 -0.22360417E+01 -0.19518479E+01 -0.18136842E+01 -0.19518479E+01 -0.22360417E+01 -0.24341511E+01 -0.24220317E+01 -0.21848612E+01 -0.17483040E+01 -0.11709537E+01 -0.55323199E+00 -0.10441096E-01 0.37509275E+00 0.58121777E+00 0.63685771E+00 0.59387605E+00 0.50238421E+00 0.39869234E+00
0.14784770E-01 0.18735552E-01 0.23330677E-01 0.28505386E-01 0.34135361E-01 0.40052090E-01 0.46089522E-01 0.52174851E-01 0.58471831E-01 0.65573237E-01 0.74719085E-01 0.87991811E-01 0.10841400E+00 0.13985029E+00 0.18657940E+00 0.25232440E+00 0.33838997E+00 0.44043632E+00 0.54361260E+00 0.61682103E+00 0.60930289E+00 0.45612063E+00 0.10029909E+00 -0.46870461E+00 -0.11818308E+01 -0.19000385E+01 -0.24750673E+01 -0.27965268E+01 -0.27199007E+01 -0.19060203E+01 -0.24910012E-01 0.23463354E+01 0.34872885E+01 0.23463354E+01 -0.24910012E-01 -0.19060203E+01 -0.27199007E+01 -0.27965268E+01 -0.24750673E+01 -0.19000385E+01 -0.11818308E+01 -0.46870461E+00 0.10029909E+00 0.45612063E+00 0.60930289E+00 0.61682103E+00 0.54361260E+00 0.44043632E+00
0.15611438E-01 0.19692741E-01 0.24415718E-01 0.29704048E-01 0.35421457E-01 0.41392139E-01 0.47456300E-01 0.53574422E-01 0.59988157E-01 0.67431816E-01 0.77365550E-01 0.92172785E-01 0.11523557E+00 0.15077064E+00 0.20325547E+00 0.27615616E+00 0.36947682E+00 0.47552004E+00 0.57261940E+00 0.61826219E+00 0.54665862E+00 0.28051671E+00 -0.23328512E+00 -0.97106420E+00 -0.18040934E+01 -0.25451151E+01 -0.30364980E+01 -0.30582397E+01 -0.16442110E+01 0.38843500E+01 0.16145001E+02 0.31459442E+02 0.38771607E+02 0.31459442E+02 0.16145001E+02 0.38843500E+01 -0.16442110E+01 -0.30582397E+01 -0.30364980E+01 -0.25451151E+01 -0.18040934E+01 -0.97106420E+00 -0.23328512E+00 0.28051671E+00 0.54665862E+00 0.61826219E+00 0.57261940E+00 0.47552004E+00
0.16375062E-01 0.20559133E-01 0.25379508E-01 0.30750054E-01 0.36524992E-01 0.42523988E-01 0.48595760E-01 0.54734297E-01 0.61254972E-01 0.69021895E-01 0.79692362E-01 0.95912888E-01 0.12136887E+00 0.16055124E+00 0.21802923E+00 0.29685975E+00 0.39552044E+00 0.50263217E+00 0.58934561E+00 0.60166630E+00 0.46005039E+00 0.79534854E-01 -0.57925219E+00 -0.14468467E+01 -0.23357636E+01 -0.30364969E+01 -0.33639357E+01 -0.23753442E+01 0.48819062E+01 0.31032323E+02 0.86382730E+02 0.15392355E+03 0.18649432E+03 0.15392355E+03 0.86382730E+02 0.31032323E+02 0.48819062E+01 -0.23753442E+01 -0.33639357E+01 -0.30364969E+01 -0.23357636E+01 -0.14468467E+01 -0.57925219E+00 0.79534854E-01 0.46005039E+00 0.60166630E+00 0.58934561E+00 0.50263217E+00
0.17078773E-01 0.21337551E-01 0.26225544E-01 0.31648940E-01 0.37455058E-01 0.43461418E-01 0.49526069E-01 0.55673553E-01 0.62283153E-01 0.70328408E-01 0.81629193E-01 0.99043883E-01 0.12649324E+00 0.16866102E+00 0.23012221E+00 0.31345253E+00 0.41558829E+00 0.52161103E+00 0.59600778E+00 0.57464381E+00 0.36716840E+00 -0.11362342E+00 -0.88622967E+00 -0.18328398E+01 -0.27208796E+01 -0.33422250E+01 -0.33191000E+01 0.72861946E+00 0.25269401E+02 0.10794911E+03 0.28813100E+03 0.55688330E+03 0.70482466E+03 0.55688330E+03 0.28813100E+03 0.10794911E+03 0.25269401E+02 0.72861946E+00 -0.33191000E+01 -0.33422250E+01 -0.27208796E+01 -0.18328398E+01 -0.88622967E+00 -0.11362342E+00 0.36716840E+00 0.57464381E+00 0.59600778E+00 0.52161103E+00
0.17732767E-01 0.22038525E-01 0.26965674E-01 0.32415180E-01 0.38230158E-01 0.44227967E-01 0.50275456E-01 0.56421930E-01 0.63095887E-01 0.71352668E-01 0.83130857E-01 0.10143957E+00 0.13036008E+00 0.17469199E+00 0.23896354E+00 0.32530012E+00 0.42933297E+00 0.53327119E+00 0.59638835E+00 0.54704654E+00 0.28804831E+00 -0.26569604E+00 -0.11103050E+01 -0.20865155E+01 -0.29336531E+01 -0.34428934E+01 -0.27444134E+01 0.72424728E+01 0.62645959E+02 0.24858755E+03 0.76024502E+03 0.12856167E+04 0.12282798E+04 0.12856167E+04 0.76024502E+03 0.24858755E+03 0.62645959E+02 0.72424728E+01 -0.27444134E+01 -0.34428934E+01 -0.29336531E+01 -0.20865155E+01 -0.11103050E+01 -0.26569604E+00 0.28804831E+00 0.54704654E+00 0.59638835E+00 0.53327119E+00
0.18355467E-01 0.22681256E-01 0.27620828E-01 0.33072637E-01 0.38878389E-01 0.44856959E-01 0.50882449E-01 0.57021014E-01 0.63732078E-01 0.72119988E-01 0.84191838E-01 0.10304035E+00 0.13283015E+00 0.17840835E+00 0.24424057E+00 0.33213274E+00 0.43687687E+00 0.53893560E+00 0.59458054E+00 0.52821462E+00 0.23998396E+00 -0.35099517E+00 -0.12231933E+01 -0.21892553E+01 -0.29713917E+01 -0.33389683E+01 -0.18269600E+01 0.14484232E+02 0.10023396E+03 0.41037135E+03 0.12018753E+04 -0.56702036E+03 -0.22674057E+05 -0.56702036E+03 0.12018753E+04 0.41037135E+03 0.10023396E+03 0.14484232E+02 -0.18269600E+01 -0.33389683E+01 -0.29713917E+01 -0.21892553E+01 -0.12231933E+01 -0.35099517E+00 0.23998396E+00 0.52821462E+00 0.59458054E+00 0.53893560E+00
0.18974713E-01 0.23294575E-01 0.28221662E-01 0.33654865E-01 0.39437404E-01 0.45391234E-01 0.51395649E-01 0.57524606E-01 0.64248276E-01 0.72684568E-01 0.84855910E-01 0.10386929E+00 0.13389647E+00 0.17977292E+00 0.24591382E+00 0.33400512E+00 0.43861343E+00 0.53985741E+00 0.59363542E+00 0.52431447E+00 0.23325666E+00 -0.35637705E+00 -0.12148063E+01 -0.21432713E+01 -0.28518889E+01 -0.30797075E+01 -0.11534807E+01 0.17028184E+02 0.10991702E+03 0.45083079E+03 0.12327033E+04 -0.46321921E+04 -0.18856866E+06 -0.46321921E+04 0.12327033E+04 0.45083079E+03 0.10991702E+03 0.17028184E+02 -0.11534807E+01 -0.30797075E+01 -0.28518889E+01 -0.21432713E+01 -0.12148063E+01 -0.35637705E+00 0.23325666E+00 0.52431447E+00 0.59363542E+00 0.53985741E+00
0.19629019E-01 0.23917881E-01 0.28809141E-01 0.34205289E-01 0.39954166E-01 0.45882523E-01 0.51872858E-01 0.57997902E-01 0.64718360E-01 0.73130324E-01 0.85218766E-01 0.10403681E+00 0.13369001E+00 0.17894904E+00 0.24420169E+00 0.33123155E+00 0.43501933E+00 0.53676635E+00 0.59461378E+00 0.53666567E+00 0.26886858E+00 -0.28288164E+00 -0.10917451E+01 -0.19659400E+01 -0.26107007E+01 -0.27460578E+01 -0.10518355E+01 0.13103747E+02 0.84214163E+02 0.32356954E+03 0.99031980E+03 0.10599226E+04 -0.12701500E+03 0.10599226E+04 0.99031980E+03 0.32356954E+03 0.84214163E+02 0.13103747E+02 -0.10518355E+01 -0.27460578E+01 -0.26107007E+01 -0.19659400E+01 -0.10917451E+01 -0.28288164E+00 0.26886858E+00 0.53666567E+00 0.59461378E+00 0.53676635E+00
0.20368902E-01 0.24602116E-01 0.29435102E-01 0.34777305E-01 0.40484554E-01 0.46390506E-01 0.52379563E-01 0.58515339E-01 0.65230688E-01 0.73567139E-01 0.85422927E-01 0.10373330E+00 0.13246815E+00 0.17628115E+00 0.23954700E+00 0.32432795E+00 0.42655700E+00 0.52971648E+00 0.59638262E+00 0.56156675E+00 0.33869092E+00 -0.14456599E+00 -0.87398977E+00 -0.16831428E+01 -0.22883431E+01 -0.24046163E+01 -0.12592547E+01 0.67089895E+01 0.45566897E+02 0.16697906E+03 0.45053507E+03 0.88972808E+03 0.10820663E+04 0.88972808E+03 0.45053507E+03 0.16697906E+03 0.45566897E+02 0.67089895E+01 -0.12592547E+01 -0.24046163E+01 -0.22883431E+01 -0.16831428E+01 -0.87398977E+00 -0.14456599E+00 0.33869092E+00 0.56156675E+00 0.59638262E+00 0.52971648E+00
0.21258239E-01 0.25410768E-01 0.30162844E-01 0.35434402E-01 0.41092929E-01 0.46981715E-01 0.52986954E-01 0.59157381E-01 0.65883016E-01 0.74122986E-01 0.85645695E-01 0.10321107E+00 0.13058843E+00 0.17225920E+00 0.23257409E+00 0.31397685E+00 0.41369465E+00 0.51827501E+00 0.59619615E+00 0.59160415E+00 0.42778934E+00 0.34694280E-01 -0.59142888E+00 -0.13242311E+01 -0.19138571E+01 -0.20848013E+01 -0.14328214E+01 0.21026424E+01 0.17515545E+02 0.65058810E+02 0.15902602E+03 0.27604946E+03 0.33571673E+03 0.27604946E+03 0.15902602E+03 0.65058810E+02 0.17515545E+02 0.21026424E+01 -0.14328214E+01 -0.20848013E+01 -0.19138571E+01 -0.13242311E+01 -0.59142888E+00 0.34694280E-01 0.42778934E+00 0.59160415E+00 0.59619615E+00 0.51827501E+00
0.22375595E-01 0.26420906E-01 0.31067820E-01 0.36250440E-01 0.41851904E-01 0.47728600E-01 0.53769943E-01 0.60006858E-01 0.66776157E-01 0.74933358E-01 0.86082285E-01 0.10275875E+00 0.12847220E+00 0.16747167E+00 0.22404110E+00 0.30101108E+00 0.39700960E+00 0.50194275E+00 0.59080026E+00 0.61795191E+00 0.51824834E+00 0.22589458E+00 -0.28049183E+00 -0.92143691E+00 -0.15014514E+01 -0.17750181E+01 -0.14932173E+01 -0.56431460E-01 0.48418076E+01 0.18643655E+02 0.45571174E+02 0.77033347E+02 0.91624698E+02 0.77033347E+02 0.45571174E+02 0.18643655E+02 0.48418076E+01 -0.56431460E-01 -0.14932173E+01 -0.17750181E+01 -0.15014514E+01 -0.92143691E+00 -0.28049183E+00 0.22589458E+00 0.51824834E+00 0.61795191E+00 0.59080026E+00 0.50194275E+00
0.23815380E-01 0.27724232E-01 0.32238531E-01 0.37310323E-01 0.42842673E-01 0.48709293E-01 0.54805927E-01 0.61145955E-01 0.68007915E-01 0.76130272E-01 0.86927395E-01 0.10267260E+00 0.12656354E+00 0.16255352E+00 0.21478721E+00 0.28639754E+00 0.37730288E+00 0.48060935E+00 0.57762151E+00 0.63287540E+00 0.59348472E+00 0.40057625E+00 0.20205303E-01 -0.51190286E+00 -0.10641236E+01 -0.14411856E+01 -0.14544304E+01 -0.91034748E+00 0.61683732E+00 0.40396916E+01 0.10015068E+02 0.16769870E+02 0.19882776E+02 0.16769870E+02 0.10015068E+02 0.40396916E+01 0.61683732E+00 -0.91034748E+00 -0.14544304E+01 -0.14411856E+01 -0.10641236E+01 -0.51190286E+00 0.20205303E-01 0.40057625E+00 0.59348472E+00 0.63287540E+00 0.57762151E+00 0.48060935E+00
0.25688640E-01 0.29428126E-01 0.33777787E-01 0.38711394E-01 0.44156418E-01 0.50008783E-01 0.56175283E-01 0.62655209E-01 0.69669240E-01 0.77833563E-01 0.88358991E-01 0.10322984E+00 0.12528974E+00 0.15813399E+00 0.20567604E+00 0.27120246E+00 0.35565541E+00 0.45485429E+00 0.55561578E+00 0.63163423E+00 0.64185205E+00 0.53644610E+00 0.27606852E+00 -0.13644289E+00 -0.62881688E+00 -0.10661270E+01 -0.13006707E+01 -0.12229539E+01 -0.75961464E+00 0.15338441E+00 0.14737842E+01 0.27936302E+01 0.33699059E+01 0.27936302E+01 0.14737842E+01 0.15338441E+00 -0.75961464E+00 -0.12229539E+01 -0.13006707E+01 -0.10661270E+01 -0.62881688E+00 -0.13644289E+00 0.27606852E+00 0.53644610E+00 0.64185205E+00 0.63163423E+00 0.55561578E+00 0.45485429E+00
0.28123152E-01 0.31656665E-01 0.35804557E-01 0.40566044E-01 0.45897528E-01 0.51722505E-01 0.57964886E-01 0.64616198E-01 0.71844813E-01 0.80147461E-01 0.90528258E-01 0.10466892E+00 0.12502894E+00 0.15479030E+00 0.19753741E+00 0.25653090E+00 0.33339132E+00 0.42599515E+00 0.52553639E+00 0.61325858E+00 0.65851174E+00 0.62131981E+00 0.46331136E+00 0.16804584E+00 -0.23679208E+00 -0.67286101E+00 -0.10347321E+01 -0.12335483E+01 -0.12295710E+01 -0.10387576E+01 -0.73295470E+00 -0.44344563E+00 -0.32294068E+00 -0.44344563E+00 -0.73295470E+00 -0.10387576E+01 -0.12295710E+01 -0.12335483E+01 -0.10347321E+01 -0.67286101E+00 -0.23679208E+00 0.16804584E+00 0.46331136E+00 0.62131981E+00 0.65851174E+00 0.61325858E+00 0.52553639E+00 0.42599515E+00
0.31262467E-01 0.34551546E-01 0.38456741E-01 0.43006166E-01 0.48189547E-01 0.53963518E-01 0.60276110E-01 0.67119701E-01 0.74620307E-01 0.83165254E-01 0.93559309E-01 0.10718120E+00 0.12609051E+00 0.15301309E+00 0.19111401E+00 0.24344828E+00 0.31195999E+00 0.39590121E+00 0.48963936E+00 0.58015199E+00 0.64519142E+00 0.65402710E+00 0.57321185E+00 0.37866469E+00 0.71224736E-01 -0.31317960E+00 -0.70947565E+00 -0.10472396E+01 -0.12789892E+01 -0.13955209E+01 -0.14231660E+01 -0.14088941E+01 -0.13978454E+01 -0.14088941E+01 -0.14231660E+01 -0.13955209E+01 -0.12789892E+01 -0.10472396E+01 -0.70947565E+00 -0.31317960E+00 0.71224736E-01 0.37866469E+00 0.57321185E+00 0.65402710E+00 0.64519142E+00 0.58015199E+00 0.48963936E+00 0.39590121E+00
0.35263370E-01 0.38272925E-01 0.41895221E-01 0.46190193E-01 0.51184903E-01 0.56874582E-01 0.63238862E-01 0.70281130E-01 0.78098337E-01 0.86984435E-01 0.97561464E-01 0.11091754E+00 0.12871209E+00 0.15318891E+00 0.18702127E+00 0.23290113E+00 0.29277926E+00 0.36667509E+00 0.45104544E+00 0.53690516E+00 0.60829192E+00 0.64221181E+00 0.61156121E+00 0.49205768E+00 0.27227539E+00 -0.37285474E-01 -0.40228460E+00 -0.77357758E+00 -0.11037652E+01 -0.13617489E+01 -0.15374218E+01 -0.16360335E+01 -0.16673816E+01 -0.16360335E+01 -0.15374218E+01 -0.13617489E+01 -0.11037652E+01 -0.77357758E+00 -0.40228460E+00 -0.37285474E-01 0.27227539E+00 0.49205768E+00 0.61156121E+00 0.64221181E+00 0.60829192E+00 0.53690516E+00 0.45104544E+00 0.36667509E+00
0.40291114E-01 0.42999978E-01 0.46309484E-01 0.50313390E-01 0.55079385E-01 0.60646342E-01 0.67032973E-01 0.74264621E-01 0.82424613E-01 0.91733893E-01 0.10265585E+00 0.11601169E+00 0.13307580E+00 0.15560350E+00 0.18572803E+00 0.22565572E+00 0.27708887E+00 0.34032541E+00 0.41304227E+00 0.48890139E+00 0.55636005E+00 0.59837763E+00 0.59393076E+00 0.52204723E+00 0.36813561E+00 0.13078160E+00 -0.17423139E+00 -0.51560894E+00 -0.85406504E+00 -0.11521254E+01 -0.13813390E+01 -0.15243308E+01 -0.15727703E+01 -0.15243308E+01 -0.13813390E+01 -0.11521254E+01 -0.85406504E+00 -0.51560894E+00 -0.17423139E+00 0.13078160E+00 0.36813561E+00 0.52204723E+00 0.59393076E+00 0.59837763E+00 0.55636005E+00 0.48890139E+00 0.41304227E+00 0.34032541E+00
0.46511496E-01 0.48930725E-01 0.51924779E-01 0.55621638E-01 0.60131826E-01 0.65542160E-01 0.71917560E-01 0.79316381E-01 0.87824732E-01 0.97613436E-01 0.10901643E+00 0.12262058E+00 0.13934424E+00 0.16046727E+00 0.18756182E+00 0.22226598E+00 0.26584663E+00 0.31851889E+00 0.37854008E+00 0.44119126E+00 0.49790952E+00 0.53601456E+00 0.53959068E+00 0.49197686E+00 0.37983474E+00 0.19793076E+00 -0.47048113E-01 -0.33549021E+00 -0.63755406E+00 -0.91873252E+00 -0.11461638E+01 -0.12936673E+01 -0.13447074E+01 -0.12936673E+01 -0.11461638E+01 -0.91873252E+00 -0.63755406E+00 -0.33549021E+00 -0.47048113E-01 0.19793076E+00 0.37983474E+00 0.49197686E+00 0.53959068E+00 0.53601456E+00 0.49790952E+00 0.44119126E+00 0.37854008E+00 0.31851889E+00
