crystal_functions/SURFLAPP.DAT
DSAA
 161 161
-0.75589045E+01  0.75589045E+01  0.94486307E-01
-0.75589045E+01  0.75589045E+01  0.94486307E-01
 0.00000000E+00  0.00000000E+00
[rows 21 to 41 of 161, columns 48 to 95 of 161]
0.17475322E-03 0.24365326E-03 0.33558952E-03 0.45646883E-03 0.61304751E-03 0.81282971E-03 0.10638840E-02 0.13745515E-02 0.17530841E-02 0.22071763E-02 0.27434450E-02 0.33668752E-02 0.40802787E-02 0.48838204E-02 0.57746475E-02 0.67466825E-02 0.77906030E-02 0.88940236E-02 0.10041875E-01 0.11216945E-01 0.12400545E-01 0.13573226E-01 0.14715503E-01 0.15808485E-01 0.16834450E-01 0.17777238E-01 0.18622531E-01 0.19358004E-01 0.19973367E-01 0.20460348E-01 0.20812622E-01 0.21025744E-01 0.21097076E-01 0.21025744E-01 0.20812622E-01 0.20460348E-01 0.19973367E-01 0.19358004E-01 0.18622531E-01 0.17777238E-01 0.16834450E-01 0.15808485E-01 0.14715503E-01 0.13573226E-01 0.12400545E-01 0.11216945E-01 0.10041875E-01 0.88940236E-02
0.24223055E-03 0.33681206E-03 0.46256249E-03 0.62726628E-03 0.83973654E-03 0.11096467E-02 0.14472301E-02 0.18628817E-02 0.23666186E-02 0.29674507E-02 0.36726854E-02 0.44872170E-02 0.54128765E-02 0.64478823E-02 0.75864906E-02 0.88188770E-02 0.10131288E-01 0.11506463E-01 0.12924298E-01 0.14362686E-01 0.15798473E-01 0.17208375E-01 0.18569879E-01 0.19861931E-01 0.21065457E-01 0.22163672E-01 0.23142190E-01 0.23989005E-01 0.24694355E-01 0.25250560E-01 0.25651844E-01 0.25894192E-01 0.25975235E-01 0.25894192E-01 0.25651844E-01 0.25250560E-01 0.24694355E-01 0.23989005E-01 0.23142190E-01 0.22163672E-01 0.21065457E-01 0.19861931E-01 0.18569879E-01 0.17208375E-01 0.15798473E-01 0.14362686E-01 0.12924298E-01 0.11506463E-01
0.33133301E-03 0.45938372E-03 0.62898552E-03 0.85021830E-03 0.11343665E-02 0.14936290E-02 0.19407010E-02 0.24881724E-02 0.31477941E-02 0.39296276E-02 0.48411492E-02 0.58863674E-02 0.70650620E-02 0.83722271E-02 0.97978022E-02 0.11326754E-01 0.12939524E-01 0.14612825E-01 0.16320714E-01 0.18035807E-01 0.19730571E-01 0.21378471E-01 0.22954918E-01 0.24437914E-01 0.25808397E-01 0.27050278E-01 0.28150279E-01 0.29097626E-01 0.29883724E-01 0.30501848E-01 0.30946921E-01 0.31215380E-01 0.31305102E-01 0.31215380E-01 0.30946921E-01 0.30501848E-01 0.29883724E-01 0.29097626E-01 0.28150279E-01 0.27050278E-01 0.25808397E-01 0.24437914E-01 0.22954918E-01 0.21378471E-01 0.19730571E-01 0.18035807E-01 0.16320714E-01 0.14612825E-01
0.44726161E-03 0.61825039E-03 0.84381262E-03 0.11367715E-02 0.15112809E-02 0.19824088E-02 0.25654960E-02 0.32753276E-02 0.41251308E-02 0.51254671E-02 0.62830948E-02 0.75999297E-02 0.90722167E-02 0.10690043E-01 0.12437283E-01 0.14292041E-01 0.16227580E-01 0.18213645E-01 0.20218094E-01 0.22208587E-01 0.24154162E-01 0.26026524E-01 0.27800878E-01 0.29456289E-01 0.30975578E-01 0.32344886E-01 0.33553046E-01 0.34590953E-01 0.35451055E-01 0.36127050E-01 0.36613814E-01 0.36907489E-01 0.37005656E-01 0.36907489E-01 0.36613814E-01 0.36127050E-01 0.35451055E-01 0.34590953E-01 0.33553046E-01 0.32344886E-01 0.30975578E-01 0.29456289E-01 0.27800878E-01 0.26026524E-01 0.24154162E-01 0.22208587E-01 0.20218094E-01 0.18213645E-01
0.59587159E-03 0.82108194E-03 0.11169133E-02 0.14993666E-02 0.19858524E-02 0.25945393E-02 0.33434564E-02 0.42493499E-02 0.53263598E-02 0.65846001E-02 0.80287848E-02 0.96570578E-02 0.11460192E-01 0.13421320E-01 0.15516303E-01 0.17714756E-01 0.19981701E-01 0.22279650E-01 0.24570884E-01 0.26819636E-01 0.28993858E-01 0.31066362E-01 0.33015196E-01 0.34823281E-01 0.36477478E-01 0.37967345E-01 0.39283896E-01 0.40418644E-01 0.41363130E-01 0.42108963E-01 0.42648342E-01 0.42974827E-01 0.43084154E-01 0.42974827E-01 0.42648342E-01 0.42108963E-01 0.41363130E-01 0.40418644E-01 0.39283896E-01 0.37967345E-01 0.36477478E-01 0.34823281E-01 0.33015196E-01 0.31066362E-01 0.28993858E-01 0.26819636E-01 0.24570884E-01 0.22279650E-01
0.78356532E-03 0.10761654E-02 0.14587989E-02 0.19510606E-02 0.25739022E-02 0.33486881E-02 0.42959436E-02 0.54338296E-02 0.67764269E-02 0.83319883E-02 0.10101344E-01 0.12076691E-01 0.14240994E-01 0.16568178E-01 0.19024198E-01 0.21569020E-01 0.24159269E-01 0.26751289E-01 0.29304163E-01 0.31782248E-01 0.34156804E-01 0.36406465E-01 0.38516501E-01 0.40477062E-01 0.42280841E-01 0.43920629E-01 0.45387370E-01 0.46669096E-01 0.47750972E-01 0.48616423E-01 0.49249049E-01 0.49634906E-01 0.49764625E-01 0.49634906E-01 0.49249049E-01 0.48616423E-01 0.47750972E-01 0.46669096E-01 0.45387370E-01 0.43920629E-01 0.42280841E-01 0.40477062E-01 0.38516501E-01 0.36406465E-01 0.34156804E-01 0.31782248E-01 0.29304163E-01 0.26751289E-01
0.10171176E-02 0.13921510E-02 0.18802561E-02 0.25049743E-02 0.32909466E-02 0.42626012E-02 0.54424624E-02 0.68491504E-02 0.84952359E-02 0.10385159E-01 0.12513501E-01 0.14863913E-01 0.17408997E-01 0.20111307E-01 0.22925619E-01 0.25802228E-01 0.28690992E-01 0.31545536E-01 0.34326940E-01 0.37006242E-01 0.39565224E-01 0.41995290E-01 0.44294543E-01 0.46463656E-01 0.48501336E-01 0.50400343E-01 0.52144909E-01 0.53710148E-01 0.55063611E-01 0.56168730E-01 0.56989506E-01 0.57495565E-01 0.57666625E-01 0.57495565E-01 0.56989506E-01 0.56168730E-01 0.55063611E-01 0.53710148E-01 0.52144909E-01 0.50400343E-01 0.48501336E-01 0.46463656E-01 0.44294543E-01 0.41995290E-01 0.39565224E-01 0.37006242E-01 0.34326940E-01 0.31545536E-01
0.13034348E-02 0.17776775E-02 0.23918409E-02 0.31736126E-02 0.41512706E-02 0.53518888E-02 0.67990962E-02 0.85105432E-02 0.10495295E-01 0.12751487E-01 0.15264637E-01 0.18007019E-01 0.20938433E-01 0.24008642E-01 0.27161332E-01 0.30339347E-01 0.33490461E-01 0.36572779E-01 0.39558730E-01 0.42436700E-01 0.45209736E-01 0.47891274E-01 0.50498493E-01 0.53044440E-01 0.55530451E-01 0.57940389E-01 0.60237947E-01 0.62367685E-01 0.64259780E-01 0.65837750E-01 0.67027931E-01 0.67769131E-01 0.68020909E-01 0.67769131E-01 0.67027931E-01 0.65837750E-01 0.64259780E-01 0.62367685E-01 0.60237947E-01 0.57940389E-01 0.55530451E-01 0.53044440E-01 0.50498493E-01 0.47891274E-01 0.45209736E-01 0.42436700E-01 0.39558730E-01 0.36572779E-01
0.16492226E-02 0.22409590E-02 0.30032828E-02 0.39680607E-02 0.51668884E-02 0.66286982E-02 0.83768773E-02 0.10426144E-01 0.12779522E-01 0.15425884E-01 0.18338619E-01 0.21475912E-01 0.24783127E-01 0.28197350E-01 0.31653901E-01 0.35094071E-01 0.38472928E-01 0.41765682E-01 0.44971083E-01 0.48110673E-01 0.51223348E-01 0.54355684E-01 0.57549405E-01 0.60828159E-01 0.64186090E-01 0.67580495E-01 0.70930195E-01 0.74120206E-01 0.77012239E-01 0.79459526E-01 0.81323797E-01 0.82491936E-01 0.82889901E-01 0.82491936E-01 0.81323797E-01 0.79459526E-01 0.77012239E-01 0.74120206E-01 0.70930195E-01 0.67580495E-01 0.64186090E-01 0.60828159E-01 0.57549405E-01 0.54355684E-01 0.51223348E-01 0.48110673E-01 0.44971083E-01 0.41765682E-01
0.20606311E-02 0.27892602E-02 0.37228083E-02 0.48971141E-02 0.63464468E-02 0.81003853E-02 0.10180229E-01 0.12595277E-01 0.15339501E-01 0.18389285E-01 0.21702912E-01 0.25222564E-01 0.28879164E-01 0.32600103E-01 0.36319218E-01 0.39987686E-01 0.43583870E-01 0.47119878E-01 0.50642703E-01 0.54228549E-01 0.57970229E-01 0.61958965E-01 0.66263352E-01 0.70909103E-01 0.75863376E-01 0.81026813E-01 0.86235137E-01 0.91270558E-01 0.95881596E-01 0.99808676E-01 0.10281201E+00 0.10469806E+00 0.10534124E+00 0.10469806E+00 0.10281201E+00 0.99808676E-01 0.95881596E-01 0.91270558E-01 0.86235137E-01 0.81026813E-01 0.75863376E-01 0.70909103E-01 0.66263352E-01 0.61958965E-01 0.57970229E-01 0.54228549E-01 0.50642703E-01 0.47119878E-01
0.25428224E-02 0.34283486E-02 0.45564336E-02 0.59664022E-02 0.76941679E-02 0.97682977E-02 0.12205659E-01 0.15007182E-01 0.18154487E-01 0.21608273E-01 0.25309476E-01 0.29183952E-01 0.33151084E-01 0.37135988E-01 0.41083998E-01 0.44975173E-01 0.48835744E-01 0.52743216E-01 0.56822396E-01 0.61231049E-01 0.66135941E-01 0.71682267E-01 0.77961227E-01 0.84981410E-01 0.92649285E-01 0.10076273E+00 0.10901935E+00 0.11703899E+00 0.12439758E+00 0.13066796E+00 0.13546249E+00 0.13847224E+00 0.13949835E+00 0.13847224E+00 0.13546249E+00 0.13066796E+00 0.12439758E+00 0.11703899E+00 0.10901935E+00 0.10076273E+00 0.92649285E-01 0.84981410E-01 0.77961227E-01 0.71682267E-01 0.66135941E-01 0.61231049E-01 0.56822396E-01 0.52743216E-01
0.30995372E-02 0.41619356E-02 0.55072802E-02 0.71775659E-02 0.92089303E-02 0.11626816E-01 0.14440879E-01 0.17640421E-01 0.21191388E-01 0.25036205E-01 0.29097654E-01 0.33287709E-01 0.37521526E-01 0.41735624E-01 0.45907929E-01 0.50075939E-01 0.54348447E-01 0.58906297E-01 0.63988985E-01 0.69866446E-01 0.76798513E-01 0.84987595E-01 0.94532177E-01 0.10538926E+00 0.11735268E+00 0.13005193E+00 0.14297244E+00 0.15549541E+00 0.16695177E+00 0.17668345E+00 0.18410410E+00 0.18875293E+00 0.19033617E+00 0.18875293E+00 0.18410410E+00 0.17668345E+00 0.16695177E+00 0.15549541E+00 0.14297244E+00 0.13005193E+00 0.11735268E+00 0.10538926E+00 0.94532177E-01 0.84987595E-01 0.76798513E-01 0.69866446E-01 0.63988985E-01 0.58906297E-01
0.37326694E-02 0.49911557E-02 0.65749584E-02 0.85275870E-02 0.10883589E-01 0.13662773E-01 0.16864495E-01 0.20463091E-01 0.24405953E-01 0.28615851E-01 0.32999055E-01 0.37460185E-01 0.41923515E-01 0.46358789E-01 0.50807556E-01 0.55404304E-01 0.60385848E-01 0.66083217E-01 0.72892819E-01 0.81227730E-01 0.91454451E-01 0.10382426E+00 0.11841038E+00 0.13506200E+00 0.15338399E+00 0.17274733E+00 0.19233011E+00 0.21118442E+00 0.22831899E+00 0.24278649E+00 0.25376343E+00 0.26061579E+00 0.26294516E+00 0.26061579E+00 0.25376343E+00 0.24278649E+00 0.22831899E+00 0.21118442E+00 0.19233011E+00 0.17274733E+00 0.15338399E+00 0.13506200E+00 0.11841038E+00 0.10382426E+00 0.91454451E-01 0.81227730E-01 0.72892819E-01 0.66083217E-01
0.44418885E-02 0.59141330E-02 0.77551004E-02 0.10008334E-01 0.12704627E-01 0.15855353E-01 0.19446365E-01 0.23433980E-01 0.27745092E-01 0.32283457E-01 0.36944016E-01 0.41635990E-01 0.46313732E-01 0.51011699E-01 0.55877224E-01 0.61192703E-01 0.67378374E-01 0.74968879E-01 0.84561175E-01 0.96737314E-01 0.11197148E+00 0.13053504E+00 0.15241526E+00 0.17726280E+00 0.20437942E+00 0.23275261E+00 0.26113420E+00 0.28815223E+00 0.31243629E+00 0.33273489E+00 0.34800750E+00 0.35748408E+00 0.36069535E+00 0.35748408E+00 0.34800750E+00 0.33273489E+00 0.31243629E+00 0.28815223E+00 0.26113420E+00 0.23275261E+00 0.20437942E+00 0.17726280E+00 0.15241526E+00 0.13053504E+00 0.11197148E+00 0.96737314E-01 0.84561175E-01 0.74968879E-01
0.52243481E-02 0.69256699E-02 0.90390838E-02 0.11606391E-01 0.14652208E-01 0.18176541E-01 0.22148675E-01 0.26504552E-01 0.31150185E-01 0.35973814E-01 0.40868786E-01 0.45767545E-01 0.50684251E-01 0.55760034E-01 0.61301322E-01 0.67799537E-01 0.75920935E-01 0.86459266E-01 0.10025063E+00 0.11805787E+00 0.14043893E+00 0.16761852E+00 0.19938533E+00 0.23503640E+00 0.27338819E+00 0.31286270E+00 0.35164133E+00 0.38785854E+00 0.41979239E+00 0.44600868E+00 0.46543261E+00 0.47734984E+00 0.48136408E+00 0.47734984E+00 0.46543261E+00 0.44600868E+00 0.41979239E+00 0.38785854E+00 0.35164133E+00 0.31286270E+00 0.27338819E+00 0.23503640E+00 0.19938533E+00 0.16761852E+00 0.14043893E+00 0.11805787E+00 0.10025063E+00 0.86459266E-01
0.60745143E-02 0.80171162E-02 0.10413994E-01 0.13303209E-01 0.16700646E-01 0.20592075E-01 0.24927632E-01 0.29621642E-01 0.34561025E-01 0.39625587E-01 0.44722258E-01 0.49832709E-01 0.55069804E-01 0.60733428E-01 0.67352033E-01 0.75694262E-01 0.86737205E-01 0.10158407E+00 0.12133332E+00 0.14691080E+00 0.17888493E+00 0.21729165E+00 0.26150370E+00 0.31018218E+00 0.36134705E+00 0.41258028E+00 0.46133703E+00 0.50529334E+00 0.54263166E+00 0.57217896E+00 0.59336630E+00 0.60604693E+00 0.61026131E+00 0.60604693E+00 0.59336630E+00 0.57217896E+00 0.54263166E+00 0.50529334E+00 0.46133703E+00 0.41258028E+00 0.36134705E+00 0.31018218E+00 0.26150370E+00 0.21729165E+00 0.17888493E+00 0.14691080E+00 0.12133332E+00 0.10158407E+00
0.69841353E-02 0.91764309E-02 0.11862851E-01 0.15075603E-01 0.18819309E-01 0.23062926E-01 0.27735660E-01 0.32730537E-01 0.37919819E-01 0.43186103E-01 0.48470867E-01 0.53838448E-01 0.59547763E-01 0.66117829E-01 0.74368281E-01 0.85415050E-01 0.10060559E+00 0.12138686E+00 0.14911028E+00 0.18478838E+00 0.22882870E+00 0.28078617E+00 0.33919415E+00 0.40155465E+00 0.46455750E+00 0.52454733E+00 0.57815768E+00 0.62293266E+00 0.65771801E+00 0.68267275E+00 0.69890066E+00 0.70784763E+00 0.71068222E+00 0.70784763E+00 0.69890066E+00 0.68267275E+00 0.65771801E+00 0.62293266E+00 0.57815768E+00 0.52454733E+00 0.46455750E+00 0.40155465E+00 0.33919415E+00 0.28078617E+00 0.22882870E+00 0.18478838E+00 0.14911028E+00 0.12138686E+00
0.79423864E-02 0.10388464E-01 0.13365108E-01 0.16896560E-01 0.20973845E-01 0.25547091E-01 0.30523858E-01 0.35778058E-01 0.41174708E-01 0.46614646E-01 0.52100421E-01 0.57818934E-01 0.64228956E-01 0.72133816E-01 0.82714543E-01 0.97498949E-01 0.11824860E+00 0.14675586E+00 0.18455412E+00 0.23255543E+00 0.29065030E+00 0.35733955E+00 0.42952614E+00 0.50263039E+00 0.57116627E+00 0.62977187E+00 0.67445855E+00 0.70364646E+00 0.71854761E+00 0.72270433E+00 0.72085732E+00 0.71757830E+00 0.71609922E+00 0.71757830E+00 0.72085732E+00 0.72270433E+00 0.71854761E+00 0.70364646E+00 0.67445855E+00 0.62977187E+00 0.57116627E+00 0.50263039E+00 0.42952614E+00 0.35733955E+00 0.29065030E+00 0.23255543E+00 0.18455412E+00 0.14675586E+00
0.89361879E-02 0.11635453E-01 0.14897402E-01 0.18736341E-01 0.23127726E-01 0.28001607E-01 0.33244456E-01 0.38715306E-01 0.44282232E-01 0.49883612E-01 0.55614063E-01 0.61827376E-01 0.69239032E-01 0.79001723E-01 0.92722316E-01 0.11239031E+00 0.14019525E+00 0.17821922E+00 0.22799854E+00 0.28996419E+00 0.36281284E+00 0.44295432E+00 0.52430011E+00 0.59872991E+00 0.65746479E+00 0.69321495E+00 0.70246186E+00 0.68690677E+00 0.65331330E+00 0.61172232E+00 0.57283435E+00 0.54563419E+00 0.53590938E+00 0.54563419E+00 0.57283435E+00 0.61172232E+00 0.65331330E+00 0.68690677E+00 0.70246186E+00 0.69321495E+00 0.65746479E+00 0.59872991E+00 0.52430011E+00 0.44295432E+00 0.36281284E+00 0.28996419E+00 0.22799854E+00 0.17821922E+00
0.99506984E-02 0.12897722E-01 0.16434518E-01 0.20563756E-01 0.25243914E-01 0.30384570E-01 0.35853068E-01 0.41499706E-01 0.47208415E-01 0.52977203E-01 0.59026340E-01 0.65922149E-01 0.74692239E-01 0.86897517E-01 0.10462149E+00 0.13033938E+00 0.16663456E+00 0.21573187E+00 0.27881941E+00 0.35515965E+00 0.44109271E+00 0.52923700E+00 0.60843645E+00 0.66509315E+00 0.68619336E+00 0.66346938E+00 0.59709165E+00 0.49688274E+00 0.38003433E+00 0.26630224E+00 0.17311958E+00 0.11275778E+00 0.91948028E-01 0.11275778E+00 0.17311958E+00 0.26630224E+00 0.38003433E+00 0.49688274E+00 0.59709165E+00 0.66346938E+00 0.68619336E+00 0.66509315E+00 0.60843645E+00 0.52923700E+00 0.44109271E+00 0.35515965E+00 0.27881941E+00 0.21573187E+00
0.10969972E-01 0.14154556E-01 0.17950532E-01 0.22347627E-01 0.27286570E-01 0.32657047E-01 0.38310507E-01 0.44096225E-01 0.49928384E-01 0.55887911E-01 0.62354230E-01 0.70149276E-01 0.80661563E-01 0.95906364E-01 0.11847280E+00 0.15130831E+00 0.19728745E+00 0.25849980E+00 0.33518849E+00 0.42433836E+00 0.51813689E+00 0.60294339E+00 0.65984296E+00 0.66790459E+00 0.61036146E+00 0.48195886E+00 0.29372494E+00 0.71544187E-01 -0.15170783E+00 -0.34629853E+00 -0.49249772E+00 -0.58139856E+00 -0.61101469E+00 -0.58139856E+00 -0.49249772E+00 -0.34629853E+00 -0.15170783E+00 0.71544187E-01 0.29372494E+00 0.48195886E+00 0.61036146E+00 0.66790459E+00 0.65984296E+00 0.60294339E+00 0.51813689E+00 0.42433836E+00 0.33518849E+00 0.25849980E+00
