crystal_functions/SURFLAPP.DAT
DSAA
 221 221
-0.10393494E+02  0.10393494E+02  0.94486307E-01
-0.10393494E+02  0.10393494E+02  0.94486307E-01
 0.00000000E+00  0.00000000E+00
[rows 22 to 43 of 221, columns 144 to 191 of 221]
0.29700136E-02 0.27566034E-02 0.25513231E-02 0.23553911E-02 0.21696866E-02 0.19947710E-02 0.18309182E-02 0.16781502E-02 0.15362766E-02 0.14049363E-02 0.12836385E-02 0.11718018E-02 0.10687901E-02 0.97394379E-03 0.88660661E-03 0.80614653E-03 0.73197153E-03 0.66354003E-03 0.60036676E-03 0.54202422E-03 0.48814101E-03 0.43839739E-03 0.39251900E-03 0.35026963E-03 0.31144351E-03 0.27585780E-03 0.24334571E-03 0.21375063E-03 0.18692131E-03 0.16270829E-03 0.14096156E-03 0.12152928E-03 0.10425744E-03 0.88990312E-04 0.75571460E-04 0.63845109E-04 0.53657734E-04 0.44859683E-04 0.37306722E-04 0.30861419E-04 0.25394290E-04 0.20784673E-04 0.16921334E-04 0.13702798E-04 0.11037410E-04 0.88431958E-05 0.70475364E-05 0.55866809E-05
0.35742416E-02 0.33049976E-02 0.30467469E-02 0.28010592E-02 0.25690571E-02 0.23514439E-02 0.21485427E-02 0.19603428E-02 0.17865520E-02 0.16266506E-02 0.14799458E-02 0.13456226E-02 0.12227919E-02 0.11105320E-02 0.10079243E-02 0.91408236E-03 0.82817311E-03 0.74943227E-03 0.67717301E-03 0.61078933E-03 0.54975474E-03 0.49361734E-03 0.44199235E-03 0.39455280E-03 0.35101964E-03 0.31115164E-03 0.27473601E-03 0.24157998E-03 0.21150375E-03 0.18433495E-03 0.15990453E-03 0.13804416E-03 0.11858482E-03 0.10135655E-03 0.86188867E-04 0.72911940E-04 0.61358022E-04 0.51363097E-04 0.42768529E-04 0.35422592E-04 0.29181786E-04 0.23911896E-04 0.19488742E-04 0.15798661E-04 0.12738653E-04 0.10216328E-04 0.81495997E-05 0.64662250E-05
0.43166287E-02 0.39770648E-02 0.36521272E-02 0.33438365E-02 0.30536296E-02 0.27823946E-02 0.25305213E-02 0.22979617E-02 0.20842975E-02 0.18888104E-02 0.17105525E-02 0.15484138E-02 0.14011837E-02 0.12676068E-02 0.11464295E-02 0.10364387E-02 0.93649089E-03 0.84553369E-03 0.76261811E-03 0.68690456E-03 0.61766246E-03 0.55426489E-03 0.49617972E-03 0.44295825E-03 0.39422247E-03 0.34965203E-03 0.30897165E-03 0.27193969E-03 0.23833818E-03 0.20796466E-03 0.18062595E-03 0.15613360E-03 0.13430111E-03 0.11494251E-03 0.97872093E-04 0.82905070E-04 0.69858735E-04 0.58554037E-04 0.48817262E-04 0.40481676E-04 0.33389014E-04 0.27390699E-04 0.22348779E-04 0.18136535E-04 0.14638786E-04 0.11751884E-04 0.93834820E-05 0.74520883E-05
0.52268867E-02 0.47993965E-02 0.43910827E-02 0.40045427E-02 0.36416165E-02 0.33034326E-02 0.29904717E-02 0.27026446E-02 0.24393796E-02 0.21997124E-02 0.19823779E-02 0.17858964E-02 0.16086545E-02 0.14489765E-02 0.13051863E-02 0.11756574E-02 0.10588521E-02 0.95335058E-03 0.85786804E-03 0.77126432E-03 0.69254465E-03 0.62085435E-03 0.55546832E-03 0.49577740E-03 0.44127239E-03 0.39152749E-03 0.34618389E-03 0.30493458E-03 0.26751076E-03 0.23367051E-03 0.20318955E-03 0.17585445E-03 0.15145778E-03 0.12979523E-03 0.11066426E-03 0.93863960E-04 0.79195819E-04 0.66465023E-04 0.55482101E-04 0.46064630E-04 0.38038847E-04 0.31241052E-04 0.25518709E-04 0.20731224E-04 0.16750377E-04 0.13460445E-04 0.10758017E-04 0.85515833E-05
0.63391759E-02 0.58026141E-02 0.52908542E-02 0.48072252E-02 0.43540836E-02 0.39328695E-02 0.35441878E-02 0.31879078E-02 0.28632736E-02 0.25690211E-02 0.23034940E-02 0.20647557E-02 0.18506926E-02 0.16591065E-02 0.14877938E-02 0.13346111E-02 0.11975267E-02 0.10746579E-02 0.96429619E-03 0.86492005E-03 0.77519808E-03 0.69398367E-03 0.62030328E-03 0.55333970E-03 0.49241277E-03 0.43695846E-03 0.38650798E-03 0.34066801E-03 0.29910278E-03 0.26151861E-03 0.22765114E-03 0.19725540E-03 0.17009844E-03 0.14595447E-03 0.12460193E-03 0.10582235E-03 0.89400317E-04 0.75124450E-04 0.62788814E-04 0.52194617E-04 0.43151907E-04 0.35481128E-04 0.29014390E-04 0.23596418E-04 0.19085143E-04 0.15351942E-04 0.12281539E-04 0.97716489E-05
0.76921044E-02 0.70213971E-02 0.63823516E-02 0.57792209E-02 0.52150194E-02 0.46915914E-02 0.42097127E-02 0.37692154E-02 0.33691287E-02 0.30078272E-02 0.26831793E-02 0.23926890E-02 0.21336288E-02 0.19031568E-02 0.16984188E-02 0.15166320E-02 0.13551520E-02 0.12115211E-02 0.10835020E-02 0.96909610E-03 0.86654886E-03 0.77434525E-03 0.69119622E-03 0.61601935E-03 0.54791504E-03 0.48614092E-03 0.43008560E-03 0.37924344E-03 0.33319134E-03 0.29156834E-03 0.25405837E-03 0.22037646E-03 0.19025812E-03 0.16345187E-03 0.13971430E-03 0.11880740E-03 0.10049755E-03 0.84555824E-04 0.70759055E-04 0.58891392E-04 0.48746023E-04 0.40126837E-04 0.32849858E-04 0.26744370E-04 0.21653663E-04 0.17435411E-04 0.13961697E-04 0.11118693E-04
0.93284959E-02 0.84943076E-02 0.77000281E-02 0.69510697E-02 0.62512810E-02 0.56030296E-02 0.50073259E-02 0.44639795E-02 0.39717754E-02 0.35286612E-02 0.31319342E-02 0.27784227E-02 0.24646530E-02 0.21869993E-02 0.19418125E-02 0.17255275E-02 0.15347479E-02 0.13663095E-02 0.12173234E-02 0.10852007E-02 0.96766233E-03 0.86273408E-03 0.76873233E-03 0.68424095E-03 0.60808310E-03 0.53928974E-03 0.47706729E-03 0.42076597E-03 0.36985030E-03 0.32387265E-03 0.28245067E-03 0.24524860E-03 0.21196267E-03 0.18231026E-03 0.15602236E-03 0.13283889E-03 0.11250634E-03 0.94777036E-04 0.79409694E-04 0.66170689E-04 0.54835682E-04 0.45191344E-04 0.37036923E-04 0.30185532E-04 0.24465072E-04 0.19718753E-04 0.15805242E-04 0.12598421E-04
0.11294887E-01 0.10263371E-01 0.92815396E-02 0.83562433E-02 0.74923817E-02 0.66929963E-02 0.59594199E-02 0.52914683E-02 0.46876587E-02 0.41454436E-02 0.36614461E-02 0.32316874E-02 0.28517982E-02 0.25172073E-02 0.22233048E-02 0.19655777E-02 0.17397171E-02 0.15416990E-02 0.13678401E-02 0.12148305E-02 0.10797476E-02 0.96005264E-03 0.85357458E-03 0.75848345E-03 0.67325669E-03 0.59664136E-03 0.52761444E-03 0.46534379E-03 0.40915112E-03 0.35847854E-03 0.31285933E-03 0.27189354E-03 0.23522836E-03 0.20254308E-03 0.17353828E-03 0.14792857E-03 0.12543833E-03 0.10579968E-03 0.88752179E-04 0.74043637E-04 0.61431511E-04 0.50684612E-04 0.41584759E-04 0.33928217E-04 0.27526786E-04 0.22208486E-04 0.17817823E-04 0.14215677E-04
0.13640742E-01 0.12373396E-01 0.11167161E-01 0.10030656E-01 0.89700888E-02 0.79893599E-02 0.70902402E-02 0.62725999E-02 0.55346758E-02 0.48733599E-02 0.42844917E-02 0.37631431E-02 0.33038821E-02 0.29010111E-02 0.25487709E-02 0.22415115E-02 0.19738276E-02 0.17406599E-02 0.15373666E-02 0.13597661E-02 0.12041558E-02 0.10673105E-02 0.94646470E-03 0.83928141E-03 0.74381292E-03 0.65845530E-03 0.58190065E-03 0.51308919E-03 0.45116364E-03 0.39542741E-03 0.34530760E-03 0.30032363E-03 0.26006155E-03 0.22415392E-03 0.19226485E-03 0.16407950E-03 0.13929733E-03 0.11762843E-03 0.98791949E-04 0.82516215E-04 0.68539778E-04 0.56612953E-04 0.46499516E-04 0.37978249E-04 0.30844190E-04 0.24909482E-04 0.20003778E-04 0.15974250E-04
0.16417431E-01 0.14871041E-01 0.13398965E-01 0.12011953E-01 0.10717816E-01 0.95215360E-02 0.84254662E-02 0.74296021E-02 0.65319029E-02 0.57286414E-02 0.50147639E-02 0.43842417E-02 0.38304002E-02 0.33462146E-02 0.29245664E-02 0.25584565E-02 0.22411750E-02 0.19664287E-02 0.17284312E-02 0.15219576E-02 0.13423700E-02 0.11856181E-02 0.10482192E-02 0.92722306E-03 0.82016537E-03 0.72501407E-03 0.64011196E-03 0.56411896E-03 0.49595637E-03 0.43475534E-03 0.37981078E-03 0.33054173E-03 0.28645847E-03 0.24713620E-03 0.21219505E-03 0.18128556E-03 0.15407883E-03 0.13026054E-03 0.10952791E-03 0.91588757E-04 0.76161926E-04 0.62978609E-04 0.51783943E-04 0.42338639E-04 0.34420364E-04 0.27824743E-04 0.22365931E-04 0.17876719E-04
0.19677052E-01 0.17803708E-01 0.16019793E-01 0.14338584E-01 0.12769815E-01 0.11319793E-01 0.99916253E-02 0.87855258E-02 0.76991958E-02 0.67282420E-02 0.58666112E-02 0.51070200E-02 0.44413601E-02 0.38610641E-02 0.33574244E-02 0.29218583E-02 0.25461200E-02 0.22224605E-02 0.19437400E-02 0.17034978E-02 0.14959861E-02 0.13161728E-02 0.11597201E-02 0.10229441E-02 0.90276034E-03 0.79662079E-03 0.70244556E-03 0.61855377E-03 0.54359628E-03 0.47649298E-03 0.41637615E-03 0.36254115E-03 0.31440501E-03 0.27147285E-03 0.23331171E-03 0.19953113E-03 0.16976953E-03 0.14368536E-03 0.12095201E-03 0.10125552E-03 0.84294177E-04 0.69779379E-04 0.57437052E-04 0.47009286E-04 0.38255811E-04 0.30955161E-04 0.24905381E-04 0.19924277E-04
0.23471252E-01 0.21218359E-01 0.19072124E-01 0.17048743E-01 0.15160201E-01 0.13414389E-01 0.11815345E-01 0.10363609E-01 0.90566605E-02 0.78894025E-02 0.68546838E-02 0.59438134E-02 0.51470532E-02 0.44540668E-02 0.38543114E-02 0.33373672E-02 0.28931998E-02 0.25123601E-02 0.21861242E-02 0.19065825E-02 0.16666828E-02 0.14602373E-02 0.12818993E-02 0.11271167E-02 0.99206932E-03 0.87359446E-03 0.76910684E-03 0.67651632E-03 0.59414769E-03 0.52066493E-03 0.45500261E-03 0.39630536E-03 0.34387658E-03 0.29713617E-03 0.25558724E-03 0.21879069E-03 0.18634704E-03 0.15788400E-03 0.13304884E-03 0.11150432E-03 0.92927175E-04 0.77008290E-04 0.63453813E-04 0.51986694E-04 0.42348223E-04 0.34299309E-04 0.27621342E-04 0.22116587E-04
0.27850147E-01 0.25160390E-01 0.22596916E-01 0.20179234E-01 0.17921888E-01 0.15834587E-01 0.13922471E-01 0.12186512E-01 0.10623999E-01 0.92291035E-02 0.79934829E-02 0.69068895E-02 0.59577592E-02 0.51337537E-02 0.44222391E-02 0.38106893E-02 0.32870109E-02 0.28397903E-02 0.24584692E-02 0.21334554E-02 0.18561802E-02 0.16191087E-02 0.14157159E-02 0.12404336E-02 0.10885777E-02 0.95626210E-03 0.84030409E-03 0.73812807E-03 0.64767025E-03 0.56728854E-03 0.49567999E-03 0.43180766E-03 0.37483777E-03 0.32408757E-03 0.27898345E-03 0.23902869E-03 0.20377964E-03 0.17282908E-03 0.14579539E-03 0.12231626E-03 0.10204571E-03 0.84653330E-04 0.69824902E-04 0.57263751E-04 0.46692262E-04 0.37853250E-04 0.30510965E-04 0.24451616E-04
0.32861377E-01 0.29672639E-01 0.26632570E-01 0.23764394E-01 0.21085503E-01 0.18607617E-01 0.16337111E-01 0.14275451E-01 0.12419755E-01 0.10763421E-01 0.92968207E-02 0.80080032E-02 0.68833836E-02 0.59083886E-02 0.50680313E-02 0.43474016E-02 0.37320629E-02 0.32083577E-02 0.27636251E-02 0.23863402E-02 0.20661875E-02 0.17940787E-02 0.15621266E-02 0.13635858E-02 0.11927693E-02 0.10449478E-02 0.91624114E-03 0.80350419E-03 0.70421576E-03 0.61637193E-03 0.53838789E-03 0.46901043E-03 0.40724205E-03 0.35227735E-03 0.30345140E-03 0.26019938E-03 0.22202614E-03 0.18848456E-03 0.15916085E-03 0.13366553E-03 0.11162852E-03 0.92697243E-04 0.76536506E-04 0.62829535E-04 0.51279391E-04 0.41610386E-04 0.33569201E-04 0.26925546E-04
0.38549055E-01 0.34794460E-01 0.31213997E-01 0.27835126E-01 0.24678386E-01 0.21757672E-01 0.19080651E-01 0.16649290E-01 0.14460491E-01 0.12506807E-01 0.10777207E-01 0.92578840E-02 0.79330366E-02 0.67856252E-02 0.57980492E-02 0.49527325E-02 0.42326051E-02 0.36214756E-02 0.31043000E-02 0.26673564E-02 0.22983391E-02 0.19863853E-02 0.17220494E-02 0.14972363E-02 0.13051062E-02 0.11399589E-02 0.99710746E-03 0.87274692E-03 0.76382371E-03 0.66791114E-03 0.58309389E-03 0.50786416E-03 0.44103114E-03 0.38164444E-03 0.32893128E-03 0.28224673E-03 0.24103580E-03 0.20480567E-03 0.17310655E-03 0.14551929E-03 0.12164817E-03 0.10111740E-03 0.83570182E-04 0.68669178E-04 0.56097744E-04 0.45561332E-04 0.36788691E-04 0.29532652E-04
0.44951973E-01 0.40560551E-01 0.36371705E-01 0.32418035E-01 0.28723712E-01 0.25304992E-01 0.22170842E-01 0.19323644E-01 0.16759957E-01 0.14471337E-01 0.12445192E-01 0.10665674E-01 0.91145634E-02 0.77721226E-02 0.66178787E-02 0.56313118E-02 0.47924275E-02 0.40822072E-02 0.34829368E-02 0.29784243E-02 0.25541198E-02 0.21971553E-02 0.18963200E-02 0.16419872E-02 0.14260055E-02 0.12415681E-02 0.10830659E-02 0.94593710E-03 0.82651556E-03 0.72188646E-03 0.62975131E-03 0.54830607E-03 0.47613432E-03 0.41211603E-03 0.35535219E-03 0.30510443E-03 0.26074836E-03 0.22173893E-03 0.18758594E-03 0.15783770E-03 0.13207099E-03 0.10988573E-03 0.90902788E-04 0.74763790E-04 0.61132044E-04 0.49693837E-04 0.40159689E-04 0.32265238E-04
0.52099924E-01 0.46998832E-01 0.42130502E-01 0.37534512E-01 0.33239686E-01 0.29265069E-01 0.25620980E-01 0.22310061E-01 0.19328290E-01 0.16665968E-01 0.14308693E-01 0.12238343E-01 0.10434048E-01 0.88731309E-02 0.75319926E-02 0.63868973E-02 0.54146424E-02 0.45930924E-02 0.39015768E-02 0.33211577E-02 0.28347826E-02 0.24273410E-02 0.20856437E-02 0.17983430E-02 0.15558119E-02 0.13499943E-02 0.11742386E-02 0.10231241E-02 0.89228793E-03 0.77825788E-03 0.67829626E-03 0.59025840E-03 0.51246744E-03 0.44360709E-03 0.38263206E-03 0.32869583E-03 0.28109411E-03 0.23922226E-03 0.20254470E-03 0.17057392E-03 0.14285716E-03 0.11896877E-03 0.98506484E-04 0.81090440E-04 0.66363569E-04 0.53992743E-04 0.43670017E-04 0.35113591E-04
0.60006417E-01 0.54126310E-01 0.48507189E-01 0.43199387E-01 0.38238645E-01 0.33647912E-01 0.29439203E-01 0.25615309E-01 0.22171302E-01 0.19095844E-01 0.16372355E-01 0.13980113E-01 0.11895311E-01 0.10092068E-01 0.85433987E-02 0.72220882E-02 0.61014532E-02 0.51559637E-02 0.43617142E-02 0.36967501E-02 0.31412595E-02 0.26776513E-02 0.22905420E-02 0.19666711E-02 0.16947674E-02 0.14653801E-02 0.12706905E-02 0.11043144E-02 0.96110473E-03 0.83695975E-03 0.72864428E-03 0.63362628E-03 0.54993175E-03 0.47601977E-03 0.41067737E-03 0.35293401E-03 0.30199402E-03 0.25718514E-03 0.21792089E-03 0.18367433E-03 0.15396083E-03 0.12832772E-03 0.10634880E-03 0.87622200E-04 0.71770178E-04 0.58439995E-04 0.47305064E-04 0.38065973E-04
0.68655754E-01 0.61941526E-01 0.55506332E-01 0.49418619E-01 0.43725759E-01 0.38457220E-01 0.33627841E-01 0.29240769E-01 0.25289878E-01 0.21761702E-01 0.18636976E-01 0.15891929E-01 0.13499438E-01 0.11430109E-01 0.96532934E-02 0.81380383E-02 0.68539220E-02 0.57717589E-02 0.48641473E-02 0.41058575E-02 0.34740699E-02 0.29484805E-02 0.25112985E-02 0.21471597E-02 0.18429803E-02 0.15877683E-02 0.13724126E-02 0.11894596E-02 0.10328885E-02 0.89789503E-03 0.78068655E-03 0.67829542E-03 0.58841256E-03 0.50924280E-03 0.43938299E-03 0.37772180E-03 0.32335995E-03 0.27554888E-03 0.23364528E-03 0.19707877E-03 0.16533032E-03 0.13791868E-03 0.11439279E-03 0.94328252E-04 0.77326395E-04 0.63014695E-04 0.51047821E-04 0.41108643E-04
0.77982465E-01 0.70412179E-01 0.63113128E-01 0.56185357E-01 0.49696910E-01 0.43689209E-01 0.38182699E-01 0.33181896E-01 0.28679485E-01 0.24659390E-01 0.21099033E-01 0.17970999E-01 0.15244358E-01 0.12885811E-01 0.10860739E-01 0.91341851E-02 0.76717453E-02 0.64403404E-02 0.54088335E-02 0.45484828E-02 0.38332297E-02 0.32398373E-02 0.27479035E-02 0.23397757E-02 0.20003927E-02 0.17170781E-02 0.14793045E-02 0.12784430E-02 0.11075115E-02 0.96092911E-03 0.83428572E-03 0.72412958E-03 0.62777776E-03 0.54315072E-03 0.46863193E-03 0.40295184E-03 0.34509483E-03 0.29422693E-03 0.24964161E-03 0.21072084E-03 0.17690843E-03 0.14769285E-03 0.12259721E-03 0.10117407E-03 0.83003539E-04 0.67693215E-04 0.54878966E-04 0.44225917E-04
0.87841964E-01 0.79456965E-01 0.71282626E-01 0.63473804E-01 0.56135347E-01 0.49330848E-01 0.43092097E-01 0.37427647E-01 0.32329753E-01 0.27779492E-01 0.23750316E-01 0.20210442E-01 0.17124503E-01 0.14454804E-01 0.12162388E-01 0.10208011E-01 0.85530545E-02 0.71603295E-02 0.59947553E-02 0.50238690E-02 0.42181666E-02 0.35512783E-02 0.30000024E-02 0.25442245E-02 0.21667505E-02 0.18530821E-02 0.15911566E-02 0.13710681E-02 0.11847867E-02 0.10258836E-02 0.88927201E-03 0.77096799E-03 0.66787643E-03 0.57760321E-03 0.49829512E-03 0.42850674E-03 0.36709306E-03 0.31312527E-03 0.26582708E-03 0.22452835E-03 0.18863282E-03 0.15759692E-03 0.13091686E-03 0.10812164E-03 0.88769923E-04 0.72449343E-04 0.58776986E-04 0.47400265E-04
0.97973040E-01 0.88921784E-01 0.79925162E-01 0.71230654E-01 0.63006861E-01 0.55357255E-01 0.48335529E-01 0.41959777E-01 0.36224078E-01 0.31107052E-01 0.26577688E-01 0.22599049E-01 0.19130573E-01 0.16129561E-01 0.13552269E-01 0.11354856E-01 0.94942516E-02 0.79289689E-02 0.66198062E-02 0.55304064E-02 0.46276457E-02 0.38818491E-02 0.32668494E-02 0.27599143E-02 0.23415752E-02 0.19953851E-02 0.17076348E-02 0.14670461E-02 0.12644597E-02 0.10925308E-02 0.94543922E-03 0.81862294E-03 0.70853740E-03 0.61244446E-03 0.52823130E-03 0.45425922E-03 0.38924078E-03 0.33214289E-03 0.28211283E-03 0.23842379E-03 0.20043647E-03 0.16757342E-03 0.13930290E-03 0.11512979E-03 0.94591101E-04 0.77254495E-04 0.62718339E-04 0.50612443E-04
