crystal_functions/SURFLAPP_ref.DAT
DSAA
 221 221
-0.10393494E+02  0.10393494E+02  0.94486307E-01
-0.10393494E+02  0.10393494E+02  0.94486307E-01
 0.00000000E+00  0.00000000E+00
[rows 22 to 43 of 221, columns 144 to 191 of 221]
0.31438802E-02 0.29057256E-02 0.26759434E-02 0.24560795E-02 0.22473150E-02 0.20504820E-02 0.18660883E-02 0.16943502E-02 0.15352304E-02 0.13884781E-02 0.12536712E-02 0.11302561E-02 0.10175863E-02 0.91495679E-03 0.82163437E-03 0.73688296E-03 0.65998394E-03 0.59025153E-03 0.52704363E-03 0.46976821E-03 0.41788641E-03 0.37091249E-03 0.32841152E-03 0.28999545E-03 0.25531821E-03 0.22407024E-03 0.19597301E-03 0.17077390E-03 0.14824149E-03 0.12816171E-03 0.11033464E-03 0.94572092E-04 0.80695948E-04 0.68537047E-04 0.57934617E-04 0.48736068E-04 0.40797045E-04 0.33981639E-04 0.28162649E-04 0.23221836E-04 0.19050104E-04 0.15547586E-04 0.12623596E-04 0.10196472E-04 0.81932734E-05 0.65493980E-05 0.52080945E-05 0.41199145E-05
0.38144908E-02 0.35153012E-02 0.32272232E-02 0.29522276E-02 0.26918103E-02 0.24470127E-02 0.22184535E-02 0.20063711E-02 0.18106729E-02 0.16309882E-02 0.14667225E-02 0.13171109E-02 0.11812678E-02 0.10582329E-02 0.94701088E-03 0.84660497E-03 0.75604408E-03 0.67440336E-03 0.60081882E-03 0.53449633E-03 0.47471586E-03 0.42083182E-03 0.37227021E-03 0.32852361E-03 0.28914458E-03 0.25373833E-03 0.22195519E-03 0.19348341E-03 0.16804248E-03 0.14537737E-03 0.12525378E-03 0.10745428E-03 0.91775432E-04 0.78025837E-04 0.66024776E-04 0.55601496E-04 0.46594890E-04 0.38853457E-04 0.32235417E-04 0.26608882E-04 0.21852007E-04 0.17853059E-04 0.14510384E-04 0.11732252E-04 0.94365512E-05 0.75503988E-05 0.60096340E-05 0.47582350E-05
0.46346845E-02 0.42595737E-02 0.38989852E-02 0.35554311E-02 0.32308114E-02 0.29264381E-02 0.26430760E-02 0.23809970E-02 0.21400431E-02 0.19196950E-02 0.17191431E-02 0.15373563E-02 0.13731477E-02 0.12252340E-02 0.10922875E-02 0.97298029E-03 0.86602024E-03 0.77017783E-03 0.68430583E-03 0.60735156E-03 0.53836292E-03 0.47648916E-03 0.42097760E-03 0.37116725E-03 0.32648029E-03 0.28641243E-03 0.25052287E-03 0.21842448E-03 0.18977463E-03 0.16426709E-03 0.14162511E-03 0.12159579E-03 0.10394565E-03 0.88457337E-04 0.74927371E-04 0.63164618E-04 0.52989447E-04 0.44233307E-04 0.36738596E-04 0.30358687E-04 0.24957992E-04 0.20412007E-04 0.16607260E-04 0.13441142E-04 0.10821638E-04 0.86668837E-05 0.69046639E-05 0.54717940E-05
0.56342701E-02 0.51654599E-02 0.47153471E-02 0.42871317E-02 0.38832315E-02 0.35053101E-02 0.31543277E-02 0.28306087E-02 0.25339225E-02 0.22635716E-02 0.20184823E-02 0.17972941E-02 0.15984449E-02 0.14202476E-02 0.12609584E-02 0.11188340E-02 0.99217808E-03 0.87937744E-03 0.77892741E-03 0.68944842E-03 0.60969439E-03 0.53855436E-03 0.47504857E-03 0.41832063E-03 0.36762671E-03 0.32232315E-03 0.28185327E-03 0.24573439E-03 0.21354555E-03 0.18491648E-03 0.15951797E-03 0.13705386E-03 0.11725466E-03 0.99872552E-04 0.84677814E-04 0.71456278E-04 0.60007713E-04 0.50144856E-04 0.41692913E-04 0.34489340E-04 0.28383778E-04 0.23238006E-04 0.18925864E-04 0.15333072E-04 0.12356928E-04 0.99058977E-05 0.78990524E-05 0.62654420E-05
0.68467674E-02 0.62633318E-02 0.57036111E-02 0.51716751E-02 0.46706041E-02 0.42025201E-02 0.37686468E-02 0.33693936E-02 0.30044569E-02 0.26729315E-02 0.23734271E-02 0.21041822E-02 0.18631742E-02 0.16482182E-02 0.14570550E-02 0.12874256E-02 0.11371312E-02 0.10040802E-02 0.88632176E-03 0.78206750E-03 0.68970313E-03 0.60779106E-03 0.53506622E-03 0.47042621E-03 0.41291804E-03 0.36172224E-03 0.31613608E-03 0.27555664E-03 0.23946472E-03 0.20741017E-03 0.17899889E-03 0.15388189E-03 0.13174626E-03 0.11230816E-03 0.95307394E-04 0.80503545E-04 0.67673331E-04 0.56608865E-04 0.47116623E-04 0.39016875E-04 0.32143388E-04 0.26343257E-04 0.21476748E-04 0.17417084E-04 0.14050128E-04 0.11273952E-04 0.89982561E-05 0.71437157E-05
0.83090633E-02 0.75867583E-02 0.68940794E-02 0.62361888E-02 0.56170112E-02 0.50392650E-02 0.45045320E-02 0.40133585E-02 0.35653794E-02 0.31594583E-02 0.27938341E-02 0.24662667E-02 0.21741771E-02 0.19147745E-02 0.16851695E-02 0.14824700E-02 0.13038588E-02 0.11466546E-02 0.10083550E-02 0.88666583E-03 0.77951638E-03 0.68506357E-03 0.60168729E-03 0.52797888E-03 0.46272435E-03 0.40488478E-03 0.35357497E-03 0.30804190E-03 0.26764397E-03 0.23183185E-03 0.20013142E-03 0.17212906E-03 0.14745950E-03 0.12579598E-03 0.10684269E-03 0.90329125E-04 0.76006029E-04 0.63642663E-04 0.53025036E-04 0.43954831E-04 0.36248773E-04 0.29738257E-04 0.24269072E-04 0.19701119E-04 0.15908061E-04 0.12776856E-04 0.10207184E-04 0.81107266E-05
0.10060774E-01 0.91719832E-02 0.83196396E-02 0.75102620E-02 0.67488427E-02 0.60388735E-02 0.53824224E-02 0.47802503E-02 0.42319622E-02 0.37361782E-02 0.32907165E-02 0.28927781E-02 0.25391230E-02 0.22262341E-02 0.19504610E-02 0.17081437E-02 0.14957123E-02 0.13097654E-02 0.11471266E-02 0.10048819E-02 0.88040032E-03 0.77134048E-03 0.67564534E-03 0.59152845E-03 0.51745367E-03 0.45211072E-03 0.39438863E-03 0.34334862E-03 0.29819773E-03 0.25826430E-03 0.22297589E-03 0.19184004E-03 0.16442819E-03 0.14036239E-03 0.11930502E-03 0.10095081E-03 0.85021082E-04 0.71259644E-04 0.59430051E-04 0.49313841E-04 0.40709438E-04 0.33431474E-04 0.27310333E-04 0.22191760E-04 0.17936452E-04 0.14419553E-04 0.11530057E-04 0.91700456E-05
0.12143315E-01 0.11057125E-01 0.10015092E-01 0.90253947E-02 0.80943574E-02 0.72264641E-02 0.64244356E-02 0.56893612E-02 0.50208737E-02 0.44173574E-02 0.38761713E-02 0.33938796E-02 0.29664736E-02 0.25895786E-02 0.22586387E-02 0.19690734E-02 0.17164071E-02 0.14963689E-02 0.13049663E-02 0.11385335E-02 0.99375888E-03 0.86769446E-03 0.75775067E-03 0.66167996E-03 0.57755226E-03 0.50372516E-03 0.43881099E-03 0.38164313E-03 0.33124304E-03 0.28678923E-03 0.24758915E-03 0.21305456E-03 0.18268048E-03 0.15602790E-03 0.13270991E-03 0.11238095E-03 0.94728809E-04 0.79468786E-04 0.66339709E-04 0.55101225E-04 0.45532082E-04 0.37429028E-04 0.30606084E-04 0.24893999E-04 0.20139743E-04 0.16205951E-04 0.12970265E-04 0.10324585E-04
0.14598737E-01 0.13281127E-01 0.12016230E-01 0.10814212E-01 0.96830272E-02 0.86284099E-02 0.76539423E-02 0.67611942E-02 0.59499212E-02 0.52183066E-02 0.45632320E-02 0.39805579E-02 0.34654005E-02 0.30123924E-02 0.26159153E-02 0.22703011E-02 0.19699966E-02 0.17096929E-02 0.14844193E-02 0.12896071E-02 0.11211259E-02 0.97529646E-03 0.84888645E-03 0.73909088E-03 0.64350283E-03 0.56007716E-03 0.48709038E-03 0.42309907E-03 0.36689907E-03 0.31748684E-03 0.27402417E-03 0.23580695E-03 0.20223841E-03 0.17280665E-03 0.14706665E-03 0.12462601E-03 0.10513411E-03 0.88274214E-04 0.73757784E-04 0.61320612E-04 0.50720258E-04 0.41734387E-04 0.34159669E-04 0.27811006E-04 0.22520883E-04 0.18138734E-04 0.14530229E-04 0.11576484E-04
0.17468470E-01 0.15882560E-01 0.14358733E-01 0.12909474E-01 0.11544678E-01 0.10271613E-01 0.90949651E-02 0.80169786E-02 0.70376649E-02 0.61550789E-02 0.53656344E-02 0.46644419E-02 0.40456477E-02 0.35027568E-02 0.30289268E-02 0.26172221E-02 0.22608248E-02 0.19532001E-02 0.16882180E-02 0.14602365E-02 0.12641490E-02 0.10954039E-02 0.94999993E-03 0.82446484E-03 0.71581991E-03 0.62153649E-03 0.53948728E-03 0.46789573E-03 0.40528591E-03 0.35043495E-03 0.30232928E-03 0.26012564E-03 0.22311735E-03 0.19070590E-03 0.16237779E-03 0.13768605E-03 0.11623603E-03 0.97674789E-04 0.81683406E-04 0.67971591E-04 0.56274053E-04 0.46348084E-04 0.37971973E-04 0.30943908E-04 0.25081141E-04 0.20219232E-04 0.16211264E-04 0.12926988E-04
0.20792179E-01 0.18898422E-01 0.17076986E-01 0.15342961E-01 0.13708476E-01 0.12182610E-01 0.10771416E-01 0.94780318E-02 0.83028977E-02 0.72440514E-02 0.62974859E-02 0.54575447E-02 0.47173292E-02 0.40690937E-02 0.35046107E-02 0.30154915E-02 0.25934535E-02 0.22305322E-02 0.19192392E-02 0.16526693E-02 0.14245645E-02 0.12293412E-02 0.10620880E-02 0.91854094E-03 0.79504219E-03 0.68848803E-03 0.59627032E-03 0.51621528E-03 0.44652263E-03 0.38570760E-03 0.33254722E-03 0.28603228E-03 0.24532540E-03 0.20972554E-03 0.17863869E-03 0.15155439E-03 0.12802738E-03 0.10766375E-03 0.90110724E-04 0.75049407E-04 0.62189810E-04 0.51267463E-04 0.42041191E-04 0.34291590E-04 0.27819934E-04 0.22447249E-04 0.18013438E-04 0.14376349E-04
0.24606969E-01 0.22363165E-01 0.20202998E-01 0.18144367E-01 0.16201851E-01 0.14386580E-01 0.12706207E-01 0.11164992E-01 0.97639993E-02 0.85013944E-02 0.73728359E-02 0.63719206E-02 0.54906598E-02 0.47199544E-02 0.40500419E-02 0.34708957E-02 0.29725623E-02 0.25454325E-02 0.21804437E-02 0.18692208E-02 0.16041611E-02 0.13784729E-02 0.11861767E-02 0.10220784E-02 0.88172112E-03 0.76132359E-03 0.65771041E-03 0.56823856E-03 0.49072433E-03 0.42337296E-03 0.36471363E-03 0.31354077E-03 0.26886264E-03 0.22985748E-03 0.19583705E-03 0.16621716E-03 0.14049441E-03 0.11822842E-03 0.99028618E-04 0.82544688E-04 0.68459881E-04 0.56486457E-04 0.46362633E-04 0.37850519E-04 0.30734667E-04 0.24820935E-04 0.19935476E-04 0.15923724E-04
0.28947097E-01 0.26308102E-01 0.23765584E-01 0.21340335E-01 0.19049482E-01 0.16906331E-01 0.14920303E-01 0.13096965E-01 0.11438192E-01 0.99424408E-02 0.86051549E-02 0.74192420E-02 0.63756157E-02 0.54637508E-02 0.46722207E-02 0.39891866E-02 0.34028200E-02 0.29016447E-02 0.24747980E-02 0.21122133E-02 0.18047339E-02 0.15441675E-02 0.13232940E-02 0.11358362E-02 0.97640579E-03 0.84043072E-03 0.72407258E-03 0.62413936E-03 0.53799805E-03 0.46349052E-03 0.39885511E-03 0.34265589E-03 0.29372016E-03 0.25108500E-03 0.21395244E-03 0.18165294E-03 0.15361643E-03 0.12934988E-03 0.10842046E-03 0.90443235E-04 0.75072430E-04 0.61995402E-04 0.50928554E-04 0.41614588E-04 0.33820600E-04 0.27336664E-04 0.21974644E-04 0.17567071E-04
0.33844179E-01 0.30761300E-01 0.27789959E-01 0.24953812E-01 0.22272473E-01 0.19761399E-01 0.17431802E-01 0.15290645E-01 0.13340741E-01 0.11580988E-01 0.10006740E-01 0.86103059E-02 0.73815327E-02 0.63084330E-02 0.53778168E-02 0.45758803E-02 0.38887255E-02 0.33027897E-02 0.28051779E-02 0.23839010E-02 0.20280259E-02 0.17277535E-02 0.14744358E-02 0.12605472E-02 0.10796237E-02 0.92617859E-03 0.79560580E-03 0.68407692E-03 0.58843758E-03 0.50610743E-03 0.43498672E-03 0.37337157E-03 0.31987893E-03 0.27338198E-03 0.23295573E-03 0.19783237E-03 0.16736561E-03 0.14100282E-03 0.11826393E-03 0.98725848E-04 0.82011282E-04 0.67780904E-04 0.55728030E-04 0.45575007E-04 0.37070745E-04 0.29988941E-04 0.24126667E-04 0.19303100E-04
0.39327462E-01 0.35747774E-01 0.32297702E-01 0.29003742E-01 0.25887825E-01 0.22967345E-01 0.20255143E-01 0.17759498E-01 0.15484170E-01 0.13428572E-01 0.11588076E-01 0.99544908E-02 0.85166542E-02 0.72611200E-02 0.61728728E-02 0.52360204E-02 0.44344219E-02 0.37522188E-02 0.31742547E-02 0.26863816E-02 0.22756599E-02 0.19304661E-02 0.16405259E-02 0.13968881E-02 0.11918580E-02 0.10189010E-02 0.87253045E-03 0.74818709E-03 0.64211707E-03 0.55125409E-03 0.47310894E-03 0.40566890E-03 0.34730844E-03 0.29671198E-03 0.25280853E-03 0.21471778E-03 0.18170666E-03 0.15315529E-03 0.12853086E-03 0.10736822E-03 0.89255819E-04 0.73825741E-04 0.60746865E-04 0.49720211E-04 0.40475782E-04 0.32770331E-04 0.26385664E-04 0.21127201E-04
0.45423231E-01 0.41289457E-01 0.37306852E-01 0.33505056E-01 0.29908208E-01 0.26535323E-01 0.23400512E-01 0.20513074E-01 0.17877541E-01 0.15493776E-01 0.13357202E-01 0.11459193E-01 0.97876495E-02 0.83276989E-02 0.70624761E-02 0.59739147E-02 0.50434869E-02 0.42528492E-02 0.35843652E-02 0.30214953E-02 0.25490597E-02 0.21533870E-02 0.18223693E-02 0.15454437E-02 0.13135207E-02 0.11188765E-02 0.95502386E-03 0.81657172E-03 0.69908350E-03 0.59893884E-03 0.51320405E-03 0.43951364E-03 0.37596509E-03 0.32102723E-03 0.27346256E-03 0.23226279E-03 0.19659665E-03 0.16576862E-03 0.13918717E-03 0.11634087E-03 0.96780938E-04 0.80108825E-04 0.65967553E-04 0.54035828E-04 0.44024026E-04 0.35671416E-04 0.28744112E-04 0.23033408E-04
0.52151826E-01 0.47403976E-01 0.42831552E-01 0.38468618E-01 0.34341913E-01 0.30471894E-01 0.26873489E-01 0.23556517E-01 0.20525875E-01 0.17781621E-01 0.15319110E-01 0.13129277E-01 0.11199129E-01 0.95124100E-02 0.80504143E-02 0.67928534E-02 0.57187057E-02 0.48069831E-02 0.40373699E-02 0.33907134E-02 0.28493641E-02 0.23973777E-02 0.20206014E-02 0.17066682E-02 0.14449236E-02 0.12263069E-02 0.10432041E-02 0.88928696E-03 0.75934836E-03 0.64914216E-03 0.55523208E-03 0.47485357E-03 0.40579046E-03 0.34626754E-03 0.29485896E-03 0.25041195E-03 0.21198476E-03 0.17879730E-03 0.15019285E-03 0.12560915E-03 0.10455706E-03 0.86605206E-04 0.71369284E-04 0.58504669E-04 0.47701410E-04 0.38680785E-04 0.31192824E-04 0.25014382E-04
0.59520204E-01 0.54100842E-01 0.48880349E-01 0.43900617E-01 0.39192686E-01 0.34778942E-01 0.30674882E-01 0.26890271E-01 0.23429752E-01 0.20293084E-01 0.17475243E-01 0.14966584E-01 0.12753188E-01 0.10817444E-01 0.91388298E-02 0.76948218E-02 0.64618373E-02 0.54161196E-02 0.45345036E-02 0.37950214E-02 0.31773354E-02 0.26630089E-02 0.22356334E-02 0.18808437E-02 0.15862467E-02 0.13412931E-02 0.11371128E-02 0.96633059E-03 0.82287849E-03 0.70181012E-03 0.59912640E-03 0.51161545E-03 0.43670936E-03 0.37235912E-03 0.31692765E-03 0.26910039E-03 0.22781219E-03 0.19218893E-03 0.16150194E-03 0.13513331E-03 0.11255019E-03 0.93286144E-04 0.76927995E-04 0.63106776E-04 0.51491524E-04 0.41785051E-04 0.33720967E-04 0.27061420E-04
0.67507845E-01 0.61373471E-01 0.55452056E-01 0.49800654E-01 0.44458980E-01 0.39453436E-01 0.34800631E-01 0.30509941E-01 0.26585071E-01 0.23024776E-01 0.19823114E-01 0.16969522E-01 0.14449010E-01 0.12242576E-01 0.10327896E-01 0.86802238E-02 0.72733838E-02 0.60807674E-02 0.50762253E-02 0.42347994E-02 0.35332660E-02 0.29504876E-02 0.24675965E-02 0.20680375E-02 0.17375060E-02 0.14638117E-02 0.12366967E-02 0.10476289E-02 0.88958667E-03 0.75684788E-03 0.64478919E-03 0.54970207E-03 0.46862789E-03 0.39921334E-03 0.33958659E-03 0.28825343E-03 0.24401198E-03 0.20588430E-03 0.17306268E-03 0.14486861E-03 0.12072207E-03 0.10011922E-03 0.82616479E-04 0.67819509E-04 0.55375679E-04 0.44968911E-04 0.36316098E-04 0.29164479E-04
0.76044168E-01 0.69185628E-01 0.62528100E-01 0.56157762E-01 0.50132101E-01 0.44486692E-01 0.39241561E-01 0.34406207E-01 0.29982950E-01 0.25968771E-01 0.22356056E-01 0.19132779E-01 0.16282554E-01 0.13784856E-01 0.11615535E-01 0.97476318E-02 0.81523777E-02 0.68002679E-02 0.56620737E-02 0.47097077E-02 0.39168874E-02 0.32595867E-02 0.27162872E-02 0.22680604E-02 0.18985217E-02 0.15936901E-02 0.13417906E-02 0.11330236E-02 0.95932228E-03 0.81411302E-03 0.69208679E-03 0.58898912E-03 0.50143149E-03 0.42672560E-03 0.36274120E-03 0.30778637E-03 0.26050901E-03 0.21981739E-03 0.18481762E-03 0.15476549E-03 0.12903033E-03 0.10706853E-03 0.88404535E-04 0.72617674E-04 0.59333021E-04 0.48215226E-04 0.38964239E-04 0.31312235E-04
0.84976854E-01 0.77451618E-01 0.70060732E-01 0.62943799E-01 0.56192788E-01 0.49862781E-01 0.43982760E-01 0.38564627E-01 0.33609681E-01 0.29112552E-01 0.25063122E-01 0.21447153E-01 0.18246353E-01 0.15438393E-01 0.12997197E-01 0.10893582E-01 0.90961993E-02 0.75726388E-02 0.62905388E-02 0.52185811E-02 0.43272869E-02 0.35895789E-02 0.29811159E-02 0.24804271E-02 0.20688884E-02 0.17305852E-02 0.14521003E-02 0.12222598E-02 0.10318625E-02 0.87340938E-03 0.74084559E-03 0.62932248E-03 0.53498317E-03 0.45477430E-03 0.38628382E-03 0.32760430E-03 0.27722002E-03 0.23391562E-03 0.19670388E-03 0.16476985E-03 0.13742876E-03 0.11409487E-03 0.94259178E-04 0.77473703E-04 0.63340674E-04 0.51505151E-04 0.41649969E-04 0.33492159E-04
0.94032611E-01 0.86010962E-01 0.77957303E-01 0.70104145E-01 0.62606030E-01 0.55555881E-01 0.49002376E-01 0.42965202E-01 0.37446618E-01 0.32439018E-01 0.27929084E-01 0.23899516E-01 0.20329419E-01 0.17194224E-01 0.14465715E-01 0.12112426E-01 0.10100439E-01 0.83944518E-02 0.69589552E-02 0.57593419E-02 0.47628363E-02 0.39391803E-02 0.32610635E-02 0.27043221E-02 0.22479488E-02 0.18739629E-02 0.15671880E-02 0.13149755E-02 0.11069048E-02 0.93448166E-03 0.79084831E-03 0.67051573E-03 0.56912209E-03 0.48322005E-03 0.41009339E-03 0.34760205E-03 0.29405378E-03 0.24810005E-03 0.20865343E-03 0.17482338E-03 0.14586762E-03 0.12115609E-03 0.10014489E-03 0.82357876E-04 0.67373933E-04 0.54818285E-04 0.44356557E-04 0.35690618E-04
