 Charge density - 3D GRID - GAUSSIAN CUBE FORMAT MGO BULK - GEOMETRY TEST      
     5.66594381     5.66594381     5.66594381    60.000000  60.000000  60.000000
    2    0.000000    0.000000    0.000000
    5    0.000000    1.001607    1.001607
    5    1.001607    0.000000    1.001607
    5    1.001607    1.001607    0.000000
   12   12.000000    0.000000    0.000000    0.000000
    8    8.000000    4.006427    4.006427    4.006427
  0.10620E+04  0.50969E-01  0.16957E-01  0.50969E-01  0.10620E+04
  0.50969E-01  0.20369E-01  0.20369E-01  0.50969E-01  0.50969E-01
  0.16957E-01  0.20369E-01  0.16957E-01  0.20369E-01  0.16957E-01
  0.50969E-01  0.50969E-01  0.20369E-01  0.20369E-01  0.50969E-01
  0.10620E+04  0.50969E-01  0.16957E-01  0.50969E-01  0.10620E+04
  0.50969E-01  0.20369E-01  0.20369E-01  0.50969E-01  0.50969E-01
  0.20369E-01  0.84041E-02  0.20369E-01  0.45792E-01  0.20369E-01
  0.20369E-01  0.20369E-01  0.14962E+00  0.14962E+00  0.20369E-01
  0.50969E-01  0.45792E-01  0.14962E+00  0.45792E-01  0.50969E-01
  0.50969E-01  0.20369E-01  0.20369E-01  0.50969E-01  0.50969E-01
  0.16957E-01  0.20369E-01  0.16957E-01  0.20369E-01  0.16957E-01
  0.20369E-01  0.20369E-01  0.14962E+00  0.14962E+00  0.20369E-01
  0.16957E-01  0.14962E+00  0.29418E+03  0.14962E+00  0.16957E-01
  0.20369E-01  0.14962E+00  0.14962E+00  0.20369E-01  0.20369E-01
  0.16957E-01  0.20369E-01  0.16957E-01  0.20369E-01  0.16957E-01
  0.50969E-01  0.50969E-01  0.20369E-01  0.20369E-01  0.50969E-01
  0.50969E-01  0.45792E-01  0.14962E+00  0.45792E-01  0.50969E-01
  0.20369E-01  0.14962E+00  0.14962E+00  0.20369E-01  0.20369E-01
  0.20369E-01  0.45792E-01  0.20369E-01  0.84041E-02  0.20369E-01
  0.50969E-01  0.50969E-01  0.20369E-01  0.20369E-01  0.50969E-01
  0.10620E+04  0.50969E-01  0.16957E-01  0.50969E-01  0.10620E+04
  0.50969E-01  0.20369E-01  0.20369E-01  0.50969E-01  0.50969E-01
  0.16957E-01  0.20369E-01  0.16957E-01  0.20369E-01  0.16957E-01
  0.50969E-01  0.50969E-01  0.20369E-01  0.20369E-01  0.50969E-01
  0.10620E+04  0.50969E-01  0.16957E-01  0.50969E-01  0.10620E+04
