examples/data/SURFRHOO.DAT
DSAA
 221 221
-0.10393494E+02  0.10393494E+02  0.94486307E-01
-0.10393494E+02  0.10393494E+02  0.94486307E-01
 0.00000000E+00  0.00000000E+00
[rows 198 to 219 of 221, columns 96 to 143 of 221]
0.71892449E-04 0.65281201E-04 0.59021086E-04 0.53129225E-04 0.47616768E-04 0.42489277E-04 0.37747187E-04 0.33386318E-04 0.29398421E-04 0.25771755E-04 0.22491663E-04 0.19541142E-04 0.16901392E-04 0.14552337E-04 0.12473104E-04 0.10642457E-04 0.90391795E-05 0.76424120E-05 0.64319251E-05 0.53883485E-05 0.44933464E-05 0.37297463E-05 0.30816252E-05 0.25343565E-05 0.20746248E-05 0.16904108E-05 0.13709544E-05 0.11066987E-05 0.88922031E-06 0.71115002E-06 0.56608767E-06 0.44851396E-06 0.35370214E-06 0.27763173E-06 0.21690575E-06 0.16867282E-06 0.13055503E-06 0.10058192E-06 0.77130907E-07 0.58874192E-07 0.44731844E-07 0.33830820E-07 0.25469768E-07 0.19088280E-07 0.14241533E-07 0.10578286E-07 0.78229124E-08 0.57603355E-08
0.58300571E-04 0.52925265E-04 0.47836817E-04 0.43049065E-04 0.38570968E-04 0.34406925E-04 0.30557149E-04 0.27018088E-04 0.23782879E-04 0.20841820E-04 0.18182837E-04 0.15791961E-04 0.13653771E-04 0.11751824E-04 0.10069041E-04 0.85880693E-05 0.72915873E-05 0.61625800E-05 0.51845620E-05 0.43417608E-05 0.36192587E-05 0.30030952E-05 0.24803356E-05 0.20391073E-05 0.16686092E-05 0.13590992E-05 0.11018611E-05 0.88915887E-06 0.71417817E-06 0.57096141E-06 0.45433746E-06 0.35984957E-06 0.28368316E-06 0.22259543E-06 0.17384795E-06 0.13514336E-06 0.10456674E-06 0.80532007E-07 0.61733931E-07 0.47104716E-07 0.35776369E-07 0.27047511E-07 0.20354801E-07 0.15248550E-07 0.11371734E-07 0.84426690E-08 0.62403712E-08 0.45924681E-08
0.47058381E-04 0.42707625E-04 0.38590320E-04 0.34717568E-04 0.31096503E-04 0.27730555E-04 0.24619755E-04 0.21761085E-04 0.19148844E-04 0.16775035E-04 0.14629751E-04 0.12701557E-04 0.10977859E-04 0.94452433E-05 0.80898034E-05 0.68974209E-05 0.58540211E-05 0.49457902E-05 0.41593576E-05 0.34819420E-05 0.29014645E-05 0.24066308E-05 0.19869842E-05 0.16329340E-05 0.13357615E-05 0.10876077E-05 0.88144670E-06 0.71104624E-06 0.57092039E-06 0.45627576E-06 0.36295428E-06 0.28737439E-06 0.22647231E-06 0.17764489E-06 0.13869519E-06 0.10778090E-06 0.83367249E-07 0.64183674E-07 0.49184954E-07 0.37516524E-07 0.28483997E-07 0.21526532E-07 0.16193847E-07 0.12126642E-07 0.90397844E-08 0.67083966E-08 0.49561252E-08 0.36454629E-08
0.37805057E-04 0.34299798E-04 0.30983743E-04 0.27865734E-04 0.24951406E-04 0.22243398E-04 0.19741607E-04 0.17443471E-04 0.15344269E-04 0.13437433E-04 0.11714866E-04 0.10167248E-04 0.87843373E-05 0.75552455E-05 0.64686979E-05 0.55132635E-05 0.46775596E-05 0.39504256E-05 0.33210693E-05 0.27791833E-05 0.23150352E-05 0.19195319E-05 0.15842612E-05 0.13015132E-05 0.10642841E-05 0.86626520E-06 0.70182014E-06 0.56595255E-06 0.45426725E-06 0.36292608E-06 0.28860162E-06 0.22842939E-06 0.17996042E-06 0.14111507E-06 0.11013901E-06 0.85561995E-07 0.66159713E-07 0.50919144E-07 0.39007300E-07 0.29743459E-07 0.22574717E-07 0.17054687E-07 0.12825203E-07 0.96004654E-08 0.71538407E-08 0.53066346E-08 0.39187642E-08 0.28810475E-08
0.30226646E-04 0.27415848E-04 0.24757723E-04 0.22259265E-04 0.19924890E-04 0.17756604E-04 0.15754214E-04 0.13915551E-04 0.12236721E-04 0.10712353E-04 0.93358576E-05 0.80996746E-05 0.69955127E-05 0.60145747E-05 0.51477641E-05 0.43858707E-05 0.37197331E-05 0.31403786E-05 0.26391384E-05 0.22077414E-05 0.18383836E-05 0.15237802E-05 0.12571967E-05 0.10324656E-05 0.84398815E-06 0.68672468E-06 0.55617556E-06 0.44835470E-06 0.35975762E-06 0.28732595E-06 0.22840979E-06 0.18072919E-06 0.14233597E-06 0.11157661E-06 0.87056994E-07 0.67609292E-07 0.52261527E-07 0.40209825E-07 0.30793472E-07 0.23472774E-07 0.17809541E-07 0.13450230E-07 0.10111160E-07 0.75661408E-08 0.56358558E-08 0.41789711E-08 0.30847370E-08 0.22668584E-08
0.24051343E-04 0.21808182E-04 0.19687651E-04 0.17695249E-04 0.15834409E-04 0.14106641E-04 0.12511694E-04 0.11047745E-04 0.97115950E-05 0.84988726E-05 0.74042404E-05 0.64215941E-05 0.55442549E-05 0.47651495E-05 0.40769749E-05 0.34723463E-05 0.29439268E-05 0.24845380E-05 0.20872515E-05 0.17454623E-05 0.14529441E-05 0.12038892E-05 0.99293300E-06 0.81516579E-06 0.66613390E-06 0.54183111E-06 0.43868275E-06 0.35352413E-06 0.28357458E-06 0.22640884E-06 0.17992672E-06 0.14232225E-06 0.11205306E-06 0.87810746E-07 0.68492696E-07 0.53175739E-07 0.41091877E-07 0.31606221E-07 0.24197191E-07 0.18438897E-07 0.13985787E-07 0.10559038E-07 0.79351044E-08 0.59357904E-08 0.44198800E-08 0.32761152E-08 0.24173386E-08 0.17756666E-08
0.19045108E-04 0.17263607E-04 0.15580137E-04 0.13998995E-04 0.12522834E-04 0.11152775E-04 0.98885406E-05 0.87286065E-05 0.76703586E-05 0.67102572E-05 0.58440001E-05 0.50666831E-05 0.43729531E-05 0.37571510E-05 0.32134430E-05 0.27359374E-05 0.23187878E-05 0.19562798E-05 0.16429035E-05 0.13734107E-05 0.11428584E-05 0.94663934E-06 0.78050113E-06 0.64055473E-06 0.52327472E-06 0.42549192E-06 0.34438036E-06 0.27743970E-06 0.22247430E-06 0.17757025E-06 0.14107108E-06 0.11155313E-06 0.87801182E-07 0.68784869E-07 0.53636309E-07 0.41629201E-07 0.32159606E-07 0.24728486E-07 0.18926016E-07 0.14417796E-07 0.10932474E-07 0.82512827E-08 0.61988691E-08 0.46355062E-08 0.34505084E-08 0.25566967E-08 0.18858052E-08 0.13846812E-08
0.15007575E-04 0.13599632E-04 0.12269672E-04 0.11021035E-04 0.98557574E-05 0.87746611E-05 0.77774650E-05 0.68629032E-05 0.60288513E-05 0.52724574E-05 0.45902719E-05 0.39783748E-05 0.34324973E-05 0.29481347E-05 0.25206502E-05 0.21453673E-05 0.18176505E-05 0.15329738E-05 0.12869771E-05 0.10755113E-05 0.89467154E-06 0.74082116E-06 0.61060595E-06 0.50096057E-06 0.40910806E-06 0.33255371E-06 0.26907437E-06 0.21670419E-06 0.17371790E-06 0.13861243E-06 0.11008761E-06 0.87026566E-07 0.68476435E-07 0.53629700E-07 0.41806500E-07 0.32438153E-07 0.25051995E-07 0.19257604E-07 0.14734593E-07 0.11221496E-07 0.85063297E-08 0.64182327E-08 0.48203033E-08 0.36034940E-08 0.26814530E-08 0.19861923E-08 0.14644819E-08 0.10749186E-08
0.11768233E-04 0.10660994E-04 0.96154824E-05 0.86342787E-05 0.77189348E-05 0.68700484E-05 0.60873487E-05 0.53697918E-05 0.47156612E-05 0.41226716E-05 0.35880716E-05 0.31087442E-05 0.26813027E-05 0.23021798E-05 0.19677090E-05 0.16741970E-05 0.14179871E-05 0.11955126E-05 0.10033406E-05 0.83820738E-06 0.69704355E-06 0.57699283E-06 0.47542263E-06 0.38992873E-06 0.31833454E-06 0.25868591E-06 0.20924243E-06 0.16846607E-06 0.13500773E-06 0.10769275E-06 0.85505511E-07 0.67574068E-07 0.53154860E-07 0.41618057E-07 0.32433641E-07 0.25158469E-07 0.19424352E-07 0.14927400E-07 0.11418184E-07 0.86933313E-08 0.65879991E-08 0.49693701E-08 0.37310653E-08 0.27883743E-08 0.20742622E-08 0.15359471E-08 0.11321327E-08 0.83068669E-09
0.91828680E-05 0.83164216E-05 0.74985880E-05 0.67313505E-05 0.60158855E-05 0.53526216E-05 0.47413082E-05 0.41810909E-05 0.36705912E-05 0.32079877E-05 0.27910978E-05 0.24174560E-05 0.20843895E-05 0.17890880E-05 0.15286669E-05 0.13002245E-05 0.11008908E-05 0.92786938E-06 0.77847105E-06 0.65014113E-06 0.54047924E-06 0.44725313E-06 0.36840686E-06 0.30206404E-06 0.24652707E-06 0.20027274E-06 0.16194526E-06 0.13034715E-06 0.10442864E-06 0.83276117E-07 0.66100137E-07 0.52223223E-07 0.41067952E-07 0.32145436E-07 0.25044455E-07 0.19421315E-07 0.14990681E-07 0.11516993E-07 0.88070843E-08 0.67034898E-08 0.50786430E-08 0.38297807E-08 0.28746326E-08 0.21477145E-08 0.15972065E-08 0.11823381E-08 0.87121560E-09 0.63903109E-09
0.71302735E-05 0.64556265E-05 0.58190686E-05 0.52221158E-05 0.46656546E-05 0.41499885E-05 0.36748928E-05 0.32396733E-05 0.28432295E-05 0.24841180E-05 0.21606167E-05 0.18707858E-05 0.16125272E-05 0.13836380E-05 0.11818611E-05 0.10049280E-05 0.85059792E-06 0.71668918E-06 0.60110596E-06 0.50185875E-06 0.41707963E-06 0.34503276E-06 0.28412052E-06 0.23288574E-06 0.19001091E-06 0.15431457E-06 0.12474573E-06 0.10037660E-06 0.80394293E-07 0.64091720E-07 0.50858180E-07 0.40169855E-07 0.31580489E-07 0.24712424E-07 0.19248108E-07 0.14922366E-07 0.11514973E-07 0.88443037E-08 0.67614520E-08 0.51450841E-08 0.38969263E-08 0.29378575E-08 0.22045515E-08 0.16466215E-08 0.12242078E-08 0.90596056E-09 0.66736331E-09 0.48935305E-09
0.55092267E-05 0.49865431E-05 0.44935493E-05 0.40313982E-05 0.36007539E-05 0.32018288E-05 0.28344258E-05 0.24979853E-05 0.21916341E-05 0.19142349E-05 0.16644361E-05 0.14407199E-05 0.12414478E-05 0.10649026E-05 0.90932656E-06 0.77295593E-06 0.65404975E-06 0.55091488E-06 0.46192606E-06 0.38554173E-06 0.32031560E-06 0.26490462E-06 0.21807345E-06 0.17869610E-06 0.14575509E-06 0.11833854E-06 0.95635721E-07 0.76931330E-07 0.61598966E-07 0.49094034E-07 0.38946400E-07 0.30753007E-07 0.24170634E-07 0.18908925E-07 0.14723944E-07 0.11411912E-07 0.88037764E-08 0.67601384E-08 0.51667584E-08 0.39305836E-08 0.29762744E-08 0.22431957E-08 0.16828348E-08 0.12566038E-08 0.93398749E-09 0.69099322E-09 0.50886418E-09 0.37301995E-09
0.42357345E-05 0.38328101E-05 0.34529085E-05 0.30969021E-05 0.27652856E-05 0.24582054E-05 0.21754924E-05 0.19166988E-05 0.16811358E-05 0.14679123E-05 0.12759737E-05 0.11041386E-05 0.95113419E-06 0.81562860E-06 0.69626061E-06 0.59166556E-06 0.50049795E-06 0.42145036E-06 0.35326886E-06 0.29476499E-06 0.24482453E-06 0.20241352E-06 0.16658151E-06 0.13646272E-06 0.11127526E-06 0.90318773E-07 0.72970943E-07 0.58682979E-07 0.46974538E-07 0.37428213E-07 0.29683839E-07 0.23432778E-07 0.18412306E-07 0.14400353E-07 0.11210290E-07 0.86863699E-08 0.66994148E-08 0.51429468E-08 0.39297383E-08 0.29887648E-08 0.22625433E-08 0.17048260E-08 0.12786233E-08 0.95452352E-09 0.70927527E-09 0.52460295E-09 0.38622371E-09 0.28303828E-09
0.32405480E-05 0.29314989E-05 0.26402099E-05 0.23673379E-05 0.21132495E-05 0.18780438E-05 0.16615784E-05 0.14634975E-05 0.12832610E-05 0.11201748E-05 0.97342051E-06 0.84208345E-06 0.72518019E-06 0.62168325E-06 0.53054377E-06 0.45071142E-06 0.38115162E-06 0.32085995E-06 0.26887385E-06 0.22428170E-06 0.18622942E-06 0.15392496E-06 0.12664070E-06 0.10371424E-06 0.84547691E-07 0.68605817E-07 0.55413252E-07 0.44551018E-07 0.35652570E-07 0.28399542E-07 0.22517350E-07 0.17770779E-07 0.13959779E-07 0.10915195E-07 0.84950135E-08 0.65807487E-08 0.50741626E-08 0.38943119E-08 0.29749108E-08 0.22620075E-08 0.17119509E-08 0.12896337E-08 0.96698652E-09 0.72169723E-09 0.53613295E-09 0.39643847E-09 0.29178893E-09 0.21377478E-09
0.24669403E-05 0.22310832E-05 0.20088553E-05 0.18007486E-05 0.16070334E-05 0.14277755E-05 0.12628568E-05 0.11119965E-05 0.97477381E-06 0.85065125E-06 0.73899694E-06 0.63910674E-06 0.55022476E-06 0.47156249E-06 0.40231595E-06 0.34168091E-06 0.28886593E-06 0.24310330E-06 0.20365785E-06 0.16983384E-06 0.14097987E-06 0.11649224E-06 0.95816692E-07 0.78448924E-07 0.63934013E-07 0.51864916E-07 0.41880307E-07 0.33661876E-07 0.26931280E-07 0.21446841E-07 0.17000312E-07 0.13413287E-07 0.10534084E-07 0.82345548E-08 0.64071377E-08 0.49621225E-08 0.38251597E-08 0.29350095E-08 0.22415422E-08 0.17039686E-08 0.12892990E-08 0.97100954E-09 0.72790047E-09 0.54312581E-09 0.40337658E-09 0.29819834E-09 0.21941400E-09 0.16070812E-09
0.18687394E-05 0.16896429E-05 0.15209510E-05 0.13630305E-05 0.12160795E-05 0.10801409E-05 0.95511785E-06 0.84079046E-06 0.73683290E-06 0.64283113E-06 0.55830016E-06 0.48270070E-06 0.41545491E-06 0.35596079E-06 0.30360530E-06 0.25777580E-06 0.21786994E-06 0.18330392E-06 0.15351909E-06 0.12798712E-06 0.10621371E-06 0.87740988E-07 0.72148858E-07 0.59055294E-07 0.48115852E-07 0.39022504E-07 0.31501951E-07 0.25313546E-07 0.20246926E-07 0.16119634E-07 0.12774346E-07 0.10076459E-07 0.79115456E-08 0.61829751E-08 0.48096695E-08 0.37240302E-08 0.28700571E-08 0.22016410E-08 0.16810496E-08 0.12775922E-08 0.96645506E-09 0.72769427E-09 0.54537439E-09 0.40683660E-09 0.30207068E-09 0.22325311E-09 0.16423748E-09 0.12026423E-09
0.14086034E-05 0.12732896E-05 0.11458774E-05 0.10266388E-05 0.91571836E-06 0.81314328E-06 0.71883521E-06 0.63262302E-06 0.55425590E-06 0.48341678E-06 0.41973542E-06 0.36280102E-06 0.31217415E-06 0.26739765E-06 0.22800645E-06 0.19353628E-06 0.16353106E-06 0.13754906E-06 0.11516794E-06 0.95988521E-07 0.79637558E-07 0.65769542E-07 0.54067633E-07 0.44243864E-07 0.36038729E-07 0.29220277E-07 0.23582801E-07 0.18945235E-07 0.15149467E-07 0.12058266E-07 0.95534608E-08 0.75339591E-08 0.59138580E-08 0.46206418E-08 0.35934857E-08 0.27817027E-08 0.21433135E-08 0.16437660E-08 0.12547955E-08 0.95341970E-09 0.72106317E-09 0.54280092E-09 0.40669873E-09 0.30331744E-09 0.22516576E-09 0.16637552E-09 0.12236603E-09 0.89581790E-10
0.10565231E-05 0.95480114E-06 0.85904862E-06 0.76946647E-06 0.68615951E-06 0.60914436E-06 0.53835837E-06 0.47366928E-06 0.41488519E-06 0.36176462E-06 0.31402647E-06 0.27135952E-06 0.23343135E-06 0.19989657E-06 0.17040424E-06 0.14460430E-06 0.12215318E-06 0.10271838E-06 0.85982174E-07 0.71644496E-07 0.59424927E-07 0.49064038E-07 0.40324054E-07 0.32988980E-07 0.26864271E-07 0.21776116E-07 0.17570425E-07 0.14111710E-07 0.11281581E-07 0.89774152E-08 0.71108563E-08 0.56063481E-08 0.43997130E-08 0.34367900E-08 0.26721748E-08 0.20680391E-08 0.15930652E-08 0.12214857E-08 0.93222884E-09 0.70815058E-09 0.53544712E-09 0.40298224E-09 0.30187959E-09 0.22509231E-09 0.16705811E-09 0.12341154E-09 0.90745944E-10 0.66417791E-10
0.78853377E-06 0.71244746E-06 0.64084751E-06 0.57388156E-06 0.51162528E-06 0.45408832E-06 0.40122111E-06 0.35292209E-06 0.30904529E-06 0.26940785E-06 0.23379750E-06 0.20197971E-06 0.17370433E-06 0.14871180E-06 0.12673864E-06 0.10752228E-06 0.90805204E-07 0.76338393E-07 0.63884058E-07 0.53217745E-07 0.44129834E-07 0.36426498E-07 0.29930183E-07 0.24479681E-07 0.19929834E-07 0.16151103E-07 0.13028621E-07 0.10461414E-07 0.83613434E-08 0.66520208E-08 0.52677024E-08 0.41521921E-08 0.32577691E-08 0.25441843E-08 0.19777020E-08 0.15302274E-08 0.11785086E-08 0.90340617E-09 0.68931900E-09 0.52352419E-09 0.39576021E-09 0.29778729E-09 0.22302773E-09 0.16626108E-09 0.12336786E-09 0.91115912E-10 0.66983642E-10 0.49014847E-10
0.58561695E-06 0.52899051E-06 0.47571833E-06 0.42590840E-06 0.37961504E-06 0.33684344E-06 0.29755474E-06 0.26167149E-06 0.22908328E-06 0.19965243E-06 0.17321950E-06 0.14960869E-06 0.12863275E-06 0.11009764E-06 0.93806553E-07 0.79563547E-07 0.67176603E-07 0.56460160E-07 0.47237143E-07 0.39340506E-07 0.32614334E-07 0.26914532E-07 0.22109172E-07 0.18078509E-07 0.14714858E-07 0.11922027E-07 0.96148512E-08 0.77184742E-08 0.61675808E-08 0.49055859E-08 0.38838101E-08 0.30606532E-08 0.24008108E-08 0.18745108E-08 0.14567926E-08 0.11269273E-08 0.86771392E-09 0.66502605E-09 0.50731923E-09 0.38521560E-09 0.29114261E-09 0.21902146E-09 0.16400100E-09 0.12223213E-09 0.90678407E-10 0.66958029E-10 0.49213362E-10 0.36003666E-10
0.43277306E-06 0.39084015E-06 0.35140211E-06 0.31453754E-06 0.28028525E-06 0.24864764E-06 0.21959453E-06 0.19306725E-06 0.16898275E-06 0.14723793E-06 0.12771369E-06 0.11027896E-06 0.94794304E-07 0.81115398E-07 0.69096006E-07 0.58590652E-07 0.49456879E-07 0.41557113E-07 0.34760154E-07 0.28942303E-07 0.23988167E-07 0.19791131E-07 0.16253716E-07 0.13287406E-07 0.10812622E-07 0.87583640E-08 0.70617780E-08 0.56676398E-08 0.45277856E-08 0.36004982E-08 0.28499092E-08 0.22453780E-08 0.17608918E-08 0.13745684E-08 0.10680354E-08 0.82601752E-09 0.63588130E-09 0.48724229E-09 0.37161661E-09 0.28211471E-09 0.21317495E-09 0.16033417E-09 0.12003148E-09 0.89442399E-10 0.66339347E-10 0.48975517E-10 0.35988846E-10 0.26323235E-10
0.31824487E-06 0.28734789E-06 0.25829700E-06 0.23114913E-06 0.20593186E-06 0.18264595E-06 0.16126816E-06 0.14175430E-06 0.12404228E-06 0.10805532E-06 0.93704940E-07 0.80893898E-07 0.69518933E-07 0.59473246E-07 0.50648735E-07 0.42937943E-07 0.36235718E-07 0.30440576E-07 0.25455796E-07 0.21190206E-07 0.17558900E-07 0.14483380E-07 0.11891886E-07 0.97193564E-08 0.79072979E-08 0.64035442E-08 0.51619337E-08 0.41419267E-08 0.33081538E-08 0.26300577E-08 0.20813122E-08 0.16394566E-08 0.12854400E-08 0.10032090E-08 0.77932280E-09 0.60259898E-09 0.46379204E-09 0.35530473E-09 0.27093216E-09 0.20563698E-09 0.15535391E-09 0.11682156E-09 0.87438633E-10 0.65142303E-10 0.48306146E-10 0.35655095E-10 0.26184695E-10 0.19146160E-10
