examples/data/SURFRHOO.DAT
DSAA
 221 221
-0.10393494E+02  0.10393494E+02  0.94486307E-01
-0.10393494E+02  0.10393494E+02  0.94486307E-01
 0.00000000E+00  0.00000000E+00
[rows 132 to 153 of 221, columns 48 to 95 of 221]
0.13982662E-01 0.16524540E-01 0.19487149E-01 0.22924254E-01 0.26891961E-01 0.31447345E-01 0.36646367E-01 0.42540815E-01 0.49174093E-01 0.56575685E-01 0.64754402E-01 0.73690763E-01 0.83329299E-01 0.93571962E-01 0.10427419E+00 0.11524517E+00 0.12625351E+00 0.13703866E+00 0.14732699E+00 0.15685043E+00 0.16536421E+00 0.17266085E+00 0.17857825E+00 0.18300160E+00 0.18586055E+00 0.18712422E+00 0.18679646E+00 0.18491331E+00 0.18154327E+00 0.17678951E+00 0.17079233E+00 0.16372934E+00 0.15581163E+00 0.14727502E+00 0.13836739E+00 0.12933397E+00 0.12040331E+00 0.11177593E+00 0.10361706E+00 0.96053880E-01 0.89176565E-01 0.83042339E-01 0.77681470E-01 0.73104281E-01 0.69308500E-01 0.66286492E-01 0.64031947E-01 0.62545618E-01
0.15368157E-01 0.18219390E-01 0.21555332E-01 0.25441205E-01 0.29946033E-01 0.35141100E-01 0.41097413E-01 0.47881790E-01 0.55551270E-01 0.64145595E-01 0.73677909E-01 0.84124191E-01 0.95412642E-01 0.10741489E+00 0.11994137E+00 0.13274333E+00 0.14552312E+00 0.15795296E+00 0.16969972E+00 0.18045166E+00 0.18994119E+00 0.19795927E+00 0.20435912E+00 0.20905063E+00 0.21198933E+00 0.21316435E+00 0.21258930E+00 0.21029824E+00 0.20634757E+00 0.20082292E+00 0.19384859E+00 0.18559526E+00 0.17628193E+00 0.16616924E+00 0.15554473E+00 0.14470269E+00 0.13392315E+00 0.12345415E+00 0.11349987E+00 0.10421545E+00 0.95707852E-01 0.88041228E-01 0.81244967E-01 0.75322924E-01 0.70262648E-01 0.66043844E-01 0.62645585E-01 0.60051889E-01
0.16807719E-01 0.19988187E-01 0.23723784E-01 0.28093060E-01 0.33180205E-01 0.39073295E-01 0.45861143E-01 0.53628238E-01 0.62447257E-01 0.72368839E-01 0.83408763E-01 0.95533375E-01 0.10864512E+00 0.12257111E+00 0.13705845E+00 0.15178014E+00 0.16635375E+00 0.18037240E+00 0.19344289E+00 0.20522272E+00 0.21544636E+00 0.22393446E+00 0.23058605E+00 0.23535962E+00 0.23825190E+00 0.23928031E+00 0.23847160E+00 0.23585632E+00 0.23147006E+00 0.22536293E+00 0.21761680E+00 0.20836545E+00 0.19780915E+00 0.18621623E+00 0.17390879E+00 0.16123628E+00 0.14854406E+00 0.13614494E+00 0.12429889E+00 0.11320318E+00 0.10299188E+00 0.93742462E-01 0.85486435E-01 0.78221559E-01 0.71923759E-01 0.66557584E-01 0.62084618E-01 0.58469565E-01
0.18286785E-01 0.21813708E-01 0.25972372E-01 0.30856566E-01 0.36567952E-01 0.43213998E-01 0.50904021E-01 0.59742545E-01 0.69819244E-01 0.81195012E-01 0.93884353E-01 0.10783542E+00 0.12291058E+00 0.13887221E+00 0.15537956E+00 0.17200271E+00 0.18825643E+00 0.20365110E+00 0.21775004E+00 0.23021664E+00 0.24083534E+00 0.24950053E+00 0.25618188E+00 0.26088640E+00 0.26363521E+00 0.26445875E+00 0.26339833E+00 0.26050011E+00 0.25580157E+00 0.24932490E+00 0.24109195E+00 0.23116033E+00 0.21966429E+00 0.20683964E+00 0.19302007E+00 0.17860637E+00 0.16402064E+00 0.14966023E+00 0.13586271E+00 0.12288680E+00 0.11090842E+00 0.10002804E+00 0.90284524E-01 0.81671375E-01 0.74152463E-01 0.67675479E-01 0.62182387E-01 0.57616705E-01
0.19787580E-01 0.23674489E-01 0.28275363E-01 0.33701092E-01 0.40073022E-01 0.47520466E-01 0.56175636E-01 0.66164876E-01 0.77595149E-01 0.90535110E-01 0.10499110E+00 0.12088010E+00 0.13800429E+00 0.15603459E+00 0.17451302E+00 0.19288267E+00 0.21054880E+00 0.22696231E+00 0.24170227E+00 0.25452495E+00 0.26535247E+00 0.27420071E+00 0.28108254E+00 0.28594677E+00 0.28869651E+00 0.28927219E+00 0.28772656E+00 0.28422066E+00 0.27893875E+00 0.27199092E+00 0.26337911E+00 0.25304834E+00 0.24098533E+00 0.22730588E+00 0.21229001E+00 0.19635792E+00 0.18000624E+00 0.16373391E+00 0.14798111E+00 0.13309270E+00 0.11930635E+00 0.10675934E+00 0.95506033E-01 0.85539515E-01 0.76812476E-01 0.69254968E-01 0.62787911E-01 0.57332302E-01
0.21289168E-01 0.25544794E-01 0.30601259E-01 0.36588231E-01 0.43648704E-01 0.51935928E-01 0.61606838E-01 0.72810482E-01 0.85669933E-01 0.10025679E+00 0.11655879E+00 0.13444392E+00 0.15362824E+00 0.17365988E+00 0.19393488E+00 0.21375901E+00 0.23245783E+00 0.24951375E+00 0.26468060E+00 0.27800983E+00 0.28973751E+00 0.30004283E+00 0.30878626E+00 0.31541229E+00 0.31915551E+00 0.31947696E+00 0.31643014E+00 0.31066364E+00 0.30305422E+00 0.29425545E+00 0.28446482E+00 0.27349482E+00 0.26102445E+00 0.24685328E+00 0.23104522E+00 0.21393943E+00 0.19606622E+00 0.17802695E+00 0.16038649E+00 0.14360373E+00 0.12800282E+00 0.11377602E+00 0.10100471E+00 0.89687641E-01 0.79768749E-01 0.71160731E-01 0.63762764E-01 0.57472496E-01
0.22767664E-01 0.27394799E-01 0.32912913E-01 0.39471797E-01 0.47237633E-01 0.56389114E-01 0.67108924E-01 0.79568521E-01 0.93904173E-01 0.11018303E+00 0.12836028E+00 0.14823265E+00 0.16940042E+00 0.19125816E+00 0.21304056E+00 0.23394554E+00 0.25333428E+00 0.27096369E+00 0.28715321E+00 0.30274703E+00 0.31874130E+00 0.33556744E+00 0.35231042E+00 0.36646413E+00 0.37476260E+00 0.37487663E+00 0.36684321E+00 0.35307847E+00 0.33696597E+00 0.32115272E+00 0.30667959E+00 0.29317271E+00 0.27958811E+00 0.26492878E+00 0.24865396E+00 0.23077036E+00 0.21171385E+00 0.19214638E+00 0.17276382E+00 0.15416430E+00 0.13678576E+00 0.12089717E+00 0.10662148E+00 0.93971483E-01 0.82886405E-01 0.73262978E-01 0.64978728E-01 0.57907644E-01
0.24196645E-01 0.29191055E-01 0.35168030E-01 0.42298353E-01 0.50772330E-01 0.60794832E-01 0.72574309E-01 0.86303017E-01 0.10212575E+00 0.12009553E+00 0.14011822E+00 0.16189469E+00 0.18488042E+00 0.20829627E+00 0.23123457E+00 0.25289764E+00 0.27296871E+00 0.29204336E+00 0.31194610E+00 0.33561946E+00 0.36615386E+00 0.40471046E+00 0.44799065E+00 0.48725453E+00 0.51102297E+00 0.51100764E+00 0.48722439E+00 0.44800240E+00 0.40490262E+00 0.36681955E+00 0.33725620E+00 0.31521921E+00 0.29765833E+00 0.28150983E+00 0.26470190E+00 0.24634042E+00 0.22646725E+00 0.20567827E+00 0.18476969E+00 0.16449150E+00 0.14542036E+00 0.12792500E+00 0.11218645E+00 0.98241728E-01 0.86030738E-01 0.75436693E-01 0.66316352E-01 0.58520312E-01
0.25547784E-01 0.30897260E-01 0.37320108E-01 0.45008368E-01 0.54176645E-01 0.65055806E-01 0.77878991E-01 0.92856371E-01 0.11013515E+00 0.12974312E+00 0.15151912E+00 0.17504472E+00 0.19960920E+00 0.22426371E+00 0.24803884E+00 0.27039509E+00 0.29193317E+00 0.31530192E+00 0.34604028E+00 0.39260671E+00 0.46413547E+00 0.56456211E+00 0.68451997E+00 0.79735130E+00 0.86693067E+00 0.86674774E+00 0.79688659E+00 0.68392898E+00 0.56394566E+00 0.46360503E+00 0.39248264E+00 0.34695438E+00 0.31809474E+00 0.29742422E+00 0.27916559E+00 0.26031536E+00 0.23991628E+00 0.21822977E+00 0.19605862E+00 0.17429137E+00 0.15365921E+00 0.13465119E+00 0.11752292E+00 0.10234638E+00 0.89068392E-01 0.77561881E-01 0.67664440E-01 0.59204135E-01
0.26791701E-01 0.32475354E-01 0.39319858E-01 0.47538054E-01 0.57368168E-01 0.69065894E-01 0.82886935E-01 0.99055499E-01 0.11771441E+00 0.13885513E+00 0.16223358E+00 0.18729443E+00 0.21315470E+00 0.23873689E+00 0.26317737E+00 0.28665443E+00 0.31178456E+00 0.34569661E+00 0.40249901E+00 0.50436493E+00 0.67681405E+00 0.93322008E+00 0.12511129E+01 0.15578020E+01 0.17497388E+01 0.17487772E+01 0.15555094E+01 0.12486301E+01 0.93120148E+00 0.67521417E+00 0.50301108E+00 0.40165255E+00 0.34613398E+00 0.31450004E+00 0.29249360E+00 0.27260421E+00 0.25177748E+00 0.22946997E+00 0.20631134E+00 0.18327794E+00 0.16125497E+00 0.14086542E+00 0.12245302E+00 0.10613448E+00 0.91869648E-01 0.79524749E-01 0.68920351E-01 0.59863422E-01
0.27899028E-01 0.33886928E-01 0.41117066E-01 0.49821857E-01 0.60261563E-01 0.72714583E-01 0.87456191E-01 0.10472025E+00 0.12463874E+00 0.14715769E+00 0.17193917E+00 0.19828366E+00 0.22515054E+00 0.25141671E+00 0.27658592E+00 0.30225834E+00 0.33485904E+00 0.39032420E+00 0.50070601E+00 0.71879388E+00 0.11095478E+01 0.17146649E+01 0.24919992E+01 0.32659568E+01 0.37608660E+01 0.37567902E+01 0.32564018E+01 0.24821388E+01 0.17076427E+01 0.11053653E+01 0.71608671E+00 0.49858829E+00 0.38900561E+00 0.33528667E+00 0.30548855E+00 0.28333850E+00 0.26191234E+00 0.23915653E+00 0.21525846E+00 0.19119138E+00 0.16797367E+00 0.14636487E+00 0.12680451E+00 0.10946085E+00 0.94311598E-01 0.81219651E-01 0.69990969E-01 0.60413339E-01
0.28841626E-01 0.35094870E-01 0.42662827E-01 0.51795474E-01 0.62772660E-01 0.75892520E-01 0.91446325E-01 0.10967334E+00 0.13068976E+00 0.15439102E+00 0.18034210E+00 0.20770509E+00 0.23531626E+00 0.26212074E+00 0.28831342E+00 0.31781315E+00 0.36332752E+00 0.45606994E+00 0.66096072E+00 0.10900298E+01 0.18918982E+01 0.31879861E+01 0.49344829E+01 0.67500108E+01 0.79411565E+01 0.79273560E+01 0.67181606E+01 0.49025713E+01 0.31663639E+01 0.18804787E+01 0.10844322E+01 0.65754746E+00 0.45350665E+00 0.36204897E+00 0.31891702E+00 0.29273860E+00 0.27029460E+00 0.24713861E+00 0.22269320E+00 0.19781156E+00 0.17360634E+00 0.15096354E+00 0.13041795E+00 0.11219136E+00 0.96281875E-01 0.82551538E-01 0.70794107E-01 0.60780475E-01
0.29593897E-01 0.36065160E-01 0.43911999E-01 0.53399208E-01 0.64822997E-01 0.78497601E-01 0.94726480E-01 0.11375078E+00 0.13566852E+00 0.16032488E+00 0.18719381E+00 0.21531745E+00 0.24345513E+00 0.27073340E+00 0.29833603E+00 0.33336624E+00 0.39742192E+00 0.54434010E+00 0.88990166E+00 0.16432559E+01 0.31091839E+01 0.56036150E+01 0.91394177E+01 0.12913201E+02 0.15394900E+02 0.15357395E+02 0.12828337E+02 0.90567501E+01 0.55496366E+01 0.30821970E+01 0.16316545E+01 0.88448622E+00 0.54078996E+00 0.39498470E+00 0.33290069E+00 0.30090020E+00 0.27693659E+00 0.25333587E+00 0.22847060E+00 0.20296441E+00 0.17797728E+00 0.15450022E+00 0.13315342E+00 0.11420828E+00 0.97682561E-01 0.83438623E-01 0.71260132E-01 0.60903618E-01
0.30134090E-01 0.36768675E-01 0.44825689E-01 0.54581373E-01 0.66344431E-01 0.80441107E-01 0.97183301E-01 0.11681169E+00 0.13940696E+00 0.16477044E+00 0.19230043E+00 0.22094697E+00 0.24943635E+00 0.27714441E+00 0.30638069E+00 0.34785551E+00 0.43355417E+00 0.64470547E+00 0.11609555E+01 0.23219063E+01 0.46737874E+01 0.88706048E+01 0.14963167E+02 0.21480266E+02 0.26067940E+02 0.25979412E+02 0.21299794E+02 0.14796347E+02 0.87641017E+01 0.46221491E+01 0.23009359E+01 0.11525741E+01 0.64021685E+00 0.43040441E+00 0.34637319E+00 0.30760683E+00 0.28181167E+00 0.25770510E+00 0.23249578E+00 0.20652120E+00 0.18094829E+00 0.15684428E+00 0.13489625E+00 0.11541505E+00 0.98433876E-01 0.83814958E-01 0.71333560E-01 0.60734527E-01
0.30445501E-01 0.37182856E-01 0.45373565E-01 0.55301452E-01 0.67283392E-01 0.81653277E-01 0.98727965E-01 0.11874668E+00 0.14177670E+00 0.16758775E+00 0.19552559E+00 0.22448088E+00 0.25317553E+00 0.28121929E+00 0.31189874E+00 0.35907503E+00 0.46403239E+00 0.73314577E+00 0.14064787E+01 0.29555664E+01 0.61968093E+01 0.12143698E+02 0.20807812E+02 0.32333082E+02 0.61949533E+02 0.61316557E+02 0.31942734E+02 0.20551021E+02 0.11981928E+02 0.61185989E+01 0.29244488E+01 0.13948722E+01 0.72782220E+00 0.46053894E+00 0.35707918E+00 0.31231019E+00 0.28481957E+00 0.26021132E+00 0.23470779E+00 0.20839290E+00 0.18241946E+00 0.15789940E+00 0.13556145E+00 0.11574034E+00 0.98477344E-01 0.83632659E-01 0.70974422E-01 0.60238573E-01
0.30517457E-01 0.37293088E-01 0.45535761E-01 0.55532707E-01 0.67604368E-01 0.82087823E-01 0.99301715E-01 0.11948394E+00 0.14269493E+00 0.16868924E+00 0.19678854E+00 0.22585809E+00 0.25462468E+00 0.28282680E+00 0.31426838E+00 0.36449033E+00 0.47981474E+00 0.78045227E+00 0.15403995E+01 0.33088137E+01 0.70685254E+01 0.14031521E+02 0.24301989E+02 0.51053506E+02 0.50710032E+03 0.48791856E+03 0.49926162E+02 0.24007352E+02 0.13844017E+02 0.69755682E+01 0.32715611E+01 0.15267649E+01 0.77471733E+00 0.47633764E+00 0.36242323E+00 0.31434875E+00 0.28581792E+00 0.26081558E+00 0.23506559E+00 0.20852326E+00 0.18232804E+00 0.15760555E+00 0.13509673E+00 0.11514099E+00 0.97778144E-01 0.82863528E-01 0.70159191E-01 0.59395069E-01
0.30345998E-01 0.37093655E-01 0.45304206E-01 0.55263984E-01 0.67292303E-01 0.81724970E-01 0.98879471E-01 0.11899318E+00 0.14212745E+00 0.16804037E+00 0.19606036E+00 0.22506121E+00 0.25377192E+00 0.28190240E+00 0.31313038E+00 0.36258544E+00 0.47537114E+00 0.76838020E+00 0.15074764E+01 0.32230206E+01 0.68571420E+01 0.13574909E+02 0.23431310E+02 0.43805624E+02 0.23174981E+03 0.22620689E+03 0.43120682E+02 0.23188744E+02 0.13405456E+02 0.67697102E+01 0.31870003E+01 0.14941524E+01 0.76297073E+00 0.47229044E+00 0.36082892E+00 0.31329851E+00 0.28469471E+00 0.25947835E+00 0.23354064E+00 0.20688396E+00 0.18064741E+00 0.15594018E+00 0.13348445E+00 0.11360383E+00 0.96326501E-01 0.81499910E-01 0.68881145E-01 0.58197213E-01
0.29934191E-01 0.36588183E-01 0.44683232E-01 0.54500537E-01 0.66353664E-01 0.80572776E-01 0.97471314E-01 0.11728689E+00 0.14008948E+00 0.16565889E+00 0.19336067E+00 0.22211119E+00 0.25064226E+00 0.27849169E+00 0.30861461E+00 0.35379312E+00 0.45214739E+00 0.70153522E+00 0.13214953E+01 0.27379329E+01 0.56716144E+01 0.11013798E+02 0.18786563E+02 0.27711058E+02 0.38831515E+02 0.38692256E+02 0.27552015E+02 0.18620980E+02 0.10889490E+02 0.56052075E+01 0.27094935E+01 0.13107244E+01 0.69720929E+00 0.44981885E+00 0.35266191E+00 0.30920830E+00 0.28142166E+00 0.25616793E+00 0.23011640E+00 0.20347401E+00 0.17738744E+00 0.15291904E+00 0.13074247E+00 0.11114633E+00 0.94137967E-01 0.79554657E-01 0.67150061E-01 0.56651563E-01
0.29292037E-01 0.35789517E-01 0.43689412E-01 0.53263794E-01 0.64816110E-01 0.78666651E-01 0.95121823E-01 0.11441959E+00 0.13664452E+00 0.16161354E+00 0.18875621E+00 0.21706532E+00 0.24529235E+00 0.27273163E+00 0.30127074E+00 0.34024172E+00 0.41766511E+00 0.60433410E+00 0.10554705E+01 0.20598502E+01 0.40660811E+01 0.75912164E+01 0.12688021E+02 0.18132492E+02 0.21759714E+02 0.21726057E+02 0.18045305E+02 0.12587115E+02 0.75156462E+01 0.40244562E+01 0.20413322E+01 0.10483621E+01 0.60156218E+00 0.41634870E+00 0.33996821E+00 0.30253472E+00 0.27604467E+00 0.25086473E+00 0.22479417E+00 0.19832389E+00 0.17259669E+00 0.14859700E+00 0.12692403E+00 0.10781590E+00 0.91252534E-01 0.77060139E-01 0.64991190E-01 0.54777009E-01
0.28435978E-01 0.34719051E-01 0.42350637E-01 0.51590098E-01 0.62726789E-01 0.76067150E-01 0.91907345E-01 0.11048465E+00 0.13190153E+00 0.15602249E+00 0.18236161E+00 0.21001934E+00 0.23780263E+00 0.26478327E+00 0.29175567E+00 0.32452313E+00 0.38103336E+00 0.50582536E+00 0.79369805E+00 0.14131788E+01 0.26012046E+01 0.45846276E+01 0.73508792E+01 0.10292994E+02 0.12240392E+02 0.12221753E+02 0.10246834E+02 0.72996674E+01 0.45462220E+01 0.25794127E+01 0.14033778E+01 0.79012995E+00 0.50470050E+00 0.38085631E+00 0.32524408E+00 0.29383377E+00 0.26862564E+00 0.24356402E+00 0.21760468E+00 0.19150353E+00 0.16636571E+00 0.14306818E+00 0.12211631E+00 0.10368794E+00 0.87732544E-01 0.74066305E-01 0.62443551E-01 0.52603274E-01
0.27388059E-01 0.33405567E-01 0.40704518E-01 0.49528536E-01 0.60149451E-01 0.72856231E-01 0.87931425E-01 0.10560929E+00 0.12601024E+00 0.14905075E+00 0.17434129E+00 0.20111431E+00 0.22827810E+00 0.25477311E+00 0.28051932E+00 0.30844626E+00 0.34853661E+00 0.42534347E+00 0.58939291E+00 0.92653894E+00 0.15474886E+01 0.25348693E+01 0.38408693E+01 0.51779237E+01 0.60492598E+01 0.60412854E+01 0.51584268E+01 0.38192972E+01 0.25185102E+01 0.15382919E+01 0.92280445E+00 0.58856687E+00 0.42569902E+00 0.34950488E+00 0.31019902E+00 0.28345344E+00 0.25919342E+00 0.23428727E+00 0.20862442E+00 0.18313165E+00 0.15882980E+00 0.13646474E+00 0.11643744E+00 0.98862333E-01 0.83659432E-01 0.70637878E-01 0.59557593E-01 0.50169003E-01
0.26174799E-01 0.31883696E-01 0.38796289E-01 0.47138086E-01 0.57160638E-01 0.69132324E-01 0.83318710E-01 0.99947611E-01 0.11915431E+00 0.14090555E+00 0.16491037E+00 0.19054612E+00 0.21686421E+00 0.24279079E+00 0.26769432E+00 0.29255482E+00 0.32207558E+00 0.36816208E+00 0.45459603E+00 0.61994757E+00 0.91059461E+00 0.13541605E+01 0.19161189E+01 0.24684452E+01 0.28184269E+01 0.28156566E+01 0.24616935E+01 0.19087513E+01 0.13488882E+01 0.90821770E+00 0.61979481E+00 0.45562775E+00 0.36973784E+00 0.32410569E+00 0.29528342E+00 0.27143248E+00 0.24775146E+00 0.22310771E+00 0.19799337E+00 0.17338298E+00 0.15016889E+00 0.12895311E+00 0.11003150E+00 0.93458558E-01 0.79129435E-01 0.66850827E-01 0.56392386E-01 0.47519539E-01
