examples/data/SURFRHOO.DAT
DSAA
 221 221
-0.10393494E+02  0.10393494E+02  0.94486307E-01
-0.10393494E+02  0.10393494E+02  0.94486307E-01
 0.00000000E+00  0.00000000E+00
[rows 44 to 65 of 221, columns 0 to 47 of 221]
0.00000000E+00 0.00000000E+00 0.00000000E+00 0.00000000E+00 0.00000000E+00 0.00000000E+00 0.00000000E+00 0.00000000E+00 0.00000000E+00 0.00000000E+00 0.00000000E+00 0.00000000E+00 0.00000000E+00 0.68625935E-14 0.12221625E-13 0.20334255E-13 0.33693280E-13 0.60884993E-13 0.98125415E-13 0.15808794E-12 0.25439287E-12 0.40860288E-12 0.65469855E-12 0.10460680E-11 0.16657991E-11 0.26431993E-11 0.41789472E-11 0.65791261E-11 0.10314411E-10 0.16100838E-10 0.25022764E-10 0.38736320E-10 0.59660027E-10 0.91462031E-10 0.13956448E-09 0.21196359E-09 0.32039827E-09 0.48200405E-09 0.72166358E-09 0.10753032E-08 0.15945344E-08 0.23530839E-08 0.34556995E-08 0.50503997E-08 0.73451398E-08 0.10630533E-07 0.15310469E-07 0.21943078E-07
0.00000000E+00 0.00000000E+00 0.00000000E+00 0.00000000E+00 0.00000000E+00 0.00000000E+00 0.00000000E+00 0.00000000E+00 0.00000000E+00 0.00000000E+00 0.00000000E+00 0.00000000E+00 0.00000000E+00 0.73748260E-14 0.13294146E-13 0.22088611E-13 0.43096046E-13 0.68672675E-13 0.10969000E-12 0.17541634E-12 0.28056831E-12 0.44841718E-12 0.71560177E-12 0.11396449E-11 0.18100071E-11 0.28658476E-11 0.45232721E-11 0.71109671E-11 0.11135304E-10 0.17365551E-10 0.26984402E-10 0.41723499E-10 0.64227177E-10 0.98418929E-10 0.15012094E-09 0.22792145E-09 0.34442223E-09 0.51802122E-09 0.77541712E-09 0.11551742E-08 0.17126745E-08 0.25270247E-08 0.37106149E-08 0.54222045E-08 0.78848562E-08 0.11410299E-07 0.16431658E-07 0.23547295E-07
0.00000000E+00 0.00000000E+00 0.00000000E+00 0.00000000E+00 0.00000000E+00 0.00000000E+00 0.00000000E+00 0.00000000E+00 0.00000000E+00 0.00000000E+00 0.00000000E+00 0.00000000E+00 0.00000000E+00 0.86671464E-14 0.20599379E-13 0.31953250E-13 0.49924726E-13 0.78461508E-13 0.12385850E-12 0.19612474E-12 0.31112168E-12 0.49389149E-12 0.78387198E-12 0.12426430E-11 0.19663536E-11 0.31050004E-11 0.48877174E-11 0.76689062E-11 0.11989737E-10 0.18673669E-10 0.28989691E-10 0.44786350E-10 0.68891237E-10 0.10550307E-09 0.16084668E-09 0.24410321E-09 0.36874848E-09 0.55443544E-09 0.82970602E-09 0.12357663E-08 0.18317891E-08 0.27022971E-08 0.39673221E-08 0.57964426E-08 0.84279333E-08 0.12194691E-07 0.17559094E-07 0.25160105E-07
0.00000000E+00 0.00000000E+00 0.00000000E+00 0.00000000E+00 0.00000000E+00 0.00000000E+00 0.00000000E+00 0.00000000E+00 0.00000000E+00 0.00000000E+00 0.00000000E+00 0.00000000E+00 0.63628249E-14 0.16868838E-13 0.25370664E-13 0.38536416E-13 0.59066060E-13 0.91251430E-13 0.14190689E-12 0.22183054E-12 0.34808806E-12 0.54756491E-12 0.86253026E-12 0.13588917E-11 0.21394452E-11 0.33646497E-11 0.52786874E-11 0.82597846E-11 0.12885072E-10 0.20048880E-10 0.31058960E-10 0.47925045E-10 0.73647888E-10 0.11269783E-09 0.17170712E-09 0.26044167E-09 0.39324383E-09 0.59103617E-09 0.88418740E-09 0.13165394E-08 0.19510527E-08 0.28776131E-08 0.42238952E-08 0.61702937E-08 0.89702205E-08 0.12977489E-07 0.18683882E-07 0.26768652E-07
0.00000000E+00 0.00000000E+00 0.00000000E+00 0.00000000E+00 0.00000000E+00 0.00000000E+00 0.00000000E+00 0.00000000E+00 0.00000000E+00 0.00000000E+00 0.00000000E+00 0.67806073E-14 0.15074182E-13 0.21922913E-13 0.32209522E-13 0.47816803E-13 0.71711096E-13 0.10857326E-12 0.16579182E-12 0.25502000E-12 0.39460649E-12 0.61337276E-12 0.95652635E-12 0.14944226E-11 0.23375494E-11 0.36541839E-11 0.57065364E-11 0.88957689E-11 0.13835886E-10 0.21478052E-10 0.33205001E-10 0.51153386E-10 0.78505093E-10 0.12000645E-09 0.18267499E-09 0.27687519E-09 0.41780437E-09 0.62763406E-09 0.93854175E-09 0.13969749E-08 0.20696310E-08 0.30517132E-08 0.44784360E-08 0.65409158E-08 0.95072927E-08 0.13752415E-07 0.19796833E-07 0.28359658E-07
0.00000000E+00 0.00000000E+00 0.00000000E+00 0.00000000E+00 0.00000000E+00 0.00000000E+00 0.00000000E+00 0.00000000E+00 0.00000000E+00 0.60275527E-14 0.80116140E-14 0.11349420E-13 0.20645592E-13 0.29381671E-13 0.42194520E-13 0.61195269E-13 0.89670474E-13 0.13275565E-12 0.19849274E-12 0.29948472E-12 0.45547461E-12 0.69734845E-12 0.10733969E-11 0.16585798E-11 0.25705261E-11 0.39877630E-11 0.61881392E-11 0.95978309E-11 0.14879301E-10 0.22998711E-10 0.35457726E-10 0.54501329E-10 0.83498008E-10 0.12744332E-09 0.19376103E-09 0.29338854E-09 0.44236420E-09 0.66408500E-09 0.99250066E-09 0.14766224E-08 0.21867728E-08 0.32233675E-08 0.47291280E-08 0.69053461E-08 0.10034987E-07 0.14513170E-07 0.20888723E-07 0.29919739E-07
0.00000000E+00 0.00000000E+00 0.00000000E+00 0.00000000E+00 0.00000000E+00 0.00000000E+00 0.00000000E+00 0.52375301E-14 0.70254527E-14 0.93801700E-14 0.12466271E-13 0.17452285E-13 0.28999960E-13 0.40494517E-13 0.56955991E-13 0.80789302E-13 0.11568143E-12 0.16732000E-12 0.24451765E-12 0.36096653E-12 0.53796741E-12 0.80865864E-12 0.12246240E-11 0.18657420E-11 0.28568821E-11 0.43868937E-11 0.67509076E-11 0.10396083E-10 0.16026508E-10 0.24655722E-10 0.37867392E-10 0.58033116E-10 0.88677005E-10 0.13507179E-09 0.20501875E-09 0.31001624E-09 0.46692127E-09 0.70032051E-09 0.10458953E-08 0.15551035E-08 0.23018152E-08 0.33916110E-08 0.49741728E-08 0.72610096E-08 0.10549229E-07 0.15253679E-07 0.21950603E-07 0.31435772E-07
0.00000000E+00 0.00000000E+00 0.00000000E+00 0.00000000E+00 0.00000000E+00 0.00000000E+00 0.60220077E-14 0.81142414E-14 0.10882836E-13 0.14528627E-13 0.20117978E-13 0.26762275E-13 0.41571166E-13 0.57140792E-13 0.78945833E-13 0.10978305E-12 0.15385987E-12 0.21756173E-12 0.31064715E-12 0.44810579E-12 0.65304046E-12 0.96112327E-12 0.14275476E-11 0.21384172E-11 0.32232984E-11 0.48859010E-11 0.74336774E-11 0.11354017E-10 0.17348794E-10 0.26519541E-10 0.40525815E-10 0.61832173E-10 0.94153927E-10 0.14300935E-09 0.21657014E-09 0.32687580E-09 0.49157189E-09 0.73640009E-09 0.10986676E-08 0.16322121E-08 0.24144124E-08 0.35555059E-08 0.52121455E-08 0.76055638E-08 0.11046363E-07 0.15968343E-07 0.22974001E-07 0.32895326E-07
0.00000000E+00 0.00000000E+00 0.00000000E+00 0.00000000E+00 0.00000000E+00 0.68611555E-14 0.92867369E-14 0.12511675E-13 0.16778572E-13 0.23075820E-13 0.30788294E-13 0.40911959E-13 0.60505846E-13 0.82133347E-13 0.11183303E-12 0.15294033E-12 0.21036273E-12 0.29140157E-12 0.40702368E-12 0.57382876E-12 0.81708928E-12 0.11754369E-11 0.17083318E-11 0.25073873E-11 0.37114438E-11 0.55327893E-11 0.82983433E-11 0.12521930E-10 0.18936772E-10 0.28709236E-10 0.43548946E-10 0.66056284E-10 0.10010544E-09 0.15145730E-09 0.22863883E-09 0.34420631E-09 0.51656816E-09 0.77253064E-09 0.11509750E-08 0.17080950E-08 0.25243251E-08 0.37146256E-08 0.54421131E-08 0.79372117E-08 0.11523377E-07 0.16652347E-07 0.23951505E-07 0.34287174E-07
0.00000000E+00 0.00000000E+00 0.00000000E+00 0.56709316E-14 0.77463226E-14 0.10532251E-13 0.14253849E-13 0.19201235E-13 0.25746201E-13 0.35220639E-13 0.46952632E-13 0.62333003E-13 0.89001796E-13 0.11966135E-12 0.16108045E-12 0.21735245E-12 0.29435318E-12 0.40062571E-12 0.54873766E-12 0.75736716E-12 0.10545092E-11 0.14825445E-11 0.21054742E-11 0.30229552E-11 0.43795843E-11 0.64029498E-11 0.94485682E-11 0.14023360E-10 0.20939100E-10 0.31374850E-10 0.47141613E-10 0.70942075E-10 0.10681028E-09 0.16073961E-09 0.24159531E-09 0.36242452E-09 0.54235017E-09 0.80918125E-09 0.12033287E-08 0.17830868E-08 0.26318957E-08 0.38689987E-08 0.56637060E-08 0.82549371E-08 0.11978210E-07 0.17302045E-07 0.24877116E-07 0.35601837E-07
0.00000000E+00 0.00000000E+00 0.63158933E-14 0.86663735E-14 0.11836501E-13 0.16091384E-13 0.21774511E-13 0.29328457E-13 0.40027994E-13 0.53551506E-13 0.71337734E-13 0.94629784E-13 0.13179903E-12 0.17593269E-12 0.23478136E-12 0.31352259E-12 0.41939980E-12 0.56268288E-12 0.75812518E-12 0.10272465E-11 0.14014867E-11 0.19278995E-11 0.26784338E-11 0.37549768E-11 0.53178262E-11 0.76069358E-11 0.10999373E-10 0.16038521E-10 0.23542422E-10 0.34771324E-10 0.51603074E-10 0.76848090E-10 0.11469428E-09 0.17135817E-09 0.25602465E-09 0.38221540E-09 0.56968874E-09 0.84723148E-09 0.12566996E-08 0.18581786E-08 0.27380314E-08 0.40195158E-08 0.58774948E-08 0.85588328E-08 0.12410148E-07 0.17915403E-07 0.25746815E-07 0.36832484E-07
0.00000000E+00 0.69704230E-14 0.96077969E-14 0.13181676E-13 0.18001158E-13 0.24468874E-13 0.33106412E-13 0.44585710E-13 0.60653195E-13 0.81098848E-13 0.10796665E-12 0.14311871E-12 0.19588847E-12 0.26010089E-12 0.34486616E-12 0.45692954E-12 0.60549371E-12 0.80327446E-12 0.10681568E-11 0.14252845E-11 0.19111419E-11 0.25796989E-11 0.35078999E-11 0.48097870E-11 0.66575458E-11 0.93075496E-11 0.13175380E-10 0.18795003E-10 0.27056527E-10 0.39266074E-10 0.57377596E-10 0.84308087E-10 0.12439563E-09 0.18406988E-09 0.27282976E-09 0.40460179E-09 0.59976405E-09 0.88810191E-09 0.13125275E-08 0.19350771E-08 0.28446174E-08 0.41680462E-08 0.60853334E-08 0.88505356E-08 0.12820302E-07 0.18492746E-07 0.26559496E-07 0.37975602E-07
0.76230439E-14 0.10554942E-13 0.14546691E-13 0.19955120E-13 0.27247524E-13 0.37032506E-13 0.50098345E-13 0.68180350E-13 0.91522062E-13 0.12231258E-12 0.16274539E-12 0.21560246E-12 0.29152907E-12 0.38559507E-12 0.50883338E-12 0.67027039E-12 0.88200992E-12 0.11601616E-11 0.15269191E-11 0.20129952E-11 0.26624423E-11 0.35343978E-11 0.47190209E-11 0.63418255E-11 0.85910240E-11 0.11769476E-10 0.16250146E-10 0.22663403E-10 0.31924404E-10 0.45398230E-10 0.65118121E-10 0.94109021E-10 0.13685766E-09 0.20000884E-09 0.29332425E-09 0.43113781E-09 0.63449882E-09 0.93382075E-09 0.13732953E-08 0.20165115E-08 0.29547218E-08 0.43179825E-08 0.62908570E-08 0.91337639E-08 0.13212440E-07 0.19037401E-07 0.27317666E-07 0.39032266E-07
0.11490381E-13 0.15907614E-13 0.21920792E-13 0.30066906E-13 0.41049075E-13 0.55782885E-13 0.75454021E-13 0.10248181E-12 0.13751168E-12 0.18369402E-12 0.24430061E-12 0.32347524E-12 0.43369946E-12 0.57201762E-12 0.75227864E-12 0.98674123E-12 0.12915983E-11 0.16881396E-11 0.22047250E-11 0.28808248E-11 0.37668678E-11 0.49369836E-11 0.64916080E-11 0.85759391E-11 0.11413551E-10 0.15296758E-10 0.20661854E-10 0.28171023E-10 0.38791018E-10 0.53953113E-10 0.75776739E-10 0.10739953E-09 0.15345928E-09 0.22080586E-09 0.31945614E-09 0.46417321E-09 0.67651496E-09 0.98760957E-09 0.14426932E-08 0.21067874E-08 0.30731902E-08 0.44747969E-08 0.65001137E-08 0.94152752E-08 0.13593719E-07 0.19556873E-07 0.28028857E-07 0.40009575E-07
0.17238288E-13 0.23862013E-13 0.32877601E-13 0.45089357E-13 0.61550226E-13 0.83631097E-13 0.11382209E-12 0.15336408E-12 0.20571279E-12 0.27469334E-12 0.36516897E-12 0.48329176E-12 0.64415809E-12 0.84790646E-12 0.11121967E-11 0.14542958E-11 0.18963407E-11 0.24669630E-11 0.32046690E-11 0.41568573E-11 0.53897478E-11 0.69930896E-11 0.90861601E-11 0.11853500E-10 0.15516646E-10 0.20412131E-10 0.27031682E-10 0.36080989E-10 0.48590027E-10 0.66067687E-10 0.90731530E-10 0.12584269E-09 0.17620906E-09 0.24885952E-09 0.35410204E-09 0.50713227E-09 0.72982909E-09 0.10541395E-08 0.15261376E-08 0.22122084E-08 0.32073215E-08 0.46467955E-08 0.67226774E-08 0.97057354E-08 0.13976058E-07 0.20064275E-07 0.28707265E-07 0.40922566E-07
0.25739958E-13 0.35625601E-13 0.49079051E-13 0.67299296E-13 0.91855702E-13 0.12479115E-12 0.16962816E-12 0.22848895E-12 0.30638183E-12 0.40897685E-12 0.54347630E-12 0.71903904E-12 0.95443095E-12 0.12542984E-11 0.16421903E-11 0.21424122E-11 0.27858113E-11 0.36127896E-11 0.46719043E-11 0.60289390E-11 0.77682380E-11 0.10002540E-10 0.12893938E-10 0.16620380E-10 0.21478860E-10 0.27840539E-10 0.36254203E-10 0.47492073E-10 0.62664334E-10 0.83377207E-10 0.11196474E-09 0.15184100E-09 0.20796623E-09 0.28759021E-09 0.40140675E-09 0.56477821E-09 0.80019355E-09 0.11401773E-08 0.16316128E-08 0.23420082E-08 0.33677743E-08 0.48464202E-08 0.69727042E-08 0.10021341E-07 0.14377830E-07 0.20580298E-07 0.29375998E-07 0.41796869E-07
0.38253914E-13 0.52938387E-13 0.72919659E-13 0.99976623E-13 0.13643728E-12 0.18602498E-12 0.25165347E-12 0.33888407E-12 0.45427787E-12 0.60620635E-12 0.80535981E-12 0.10650503E-11 0.14096179E-11 0.18503726E-11 0.24192417E-11 0.31508436E-11 0.40896518E-11 0.52889989E-11 0.68185443E-11 0.87658221E-11 0.11243607E-10 0.14410032E-10 0.18429703E-10 0.23560802E-10 0.30146611E-10 0.38620925E-10 0.49609944E-10 0.63976543E-10 0.82937043E-10 0.10822203E-09 0.14231370E-09 0.18880311E-09 0.25283465E-09 0.34195934E-09 0.46715139E-09 0.64412565E-09 0.89584743E-09 0.12553877E-08 0.17704691E-08 0.25094207E-08 0.35700856E-08 0.50915424E-08 0.72708598E-08 0.10385839E-07 0.14826206E-07 0.21135893E-07 0.30070190E-07 0.42672158E-07
0.56584644E-13 0.78294804E-13 0.10783155E-12 0.14782169E-12 0.20170224E-12 0.27478884E-12 0.37164368E-12 0.50033947E-12 0.67052957E-12 0.89459636E-12 0.11880367E-11 0.15706015E-11 0.20744484E-11 0.27206971E-11 0.35534140E-11 0.46230883E-11 0.59902434E-11 0.77324583E-11 0.99460706E-11 0.12751157E-10 0.16315010E-10 0.20804216E-10 0.26473431E-10 0.33643741E-10 0.42715045E-10 0.54233195E-10 0.68924130E-10 0.87775026E-10 0.11214561E-09 0.14393407E-09 0.18582512E-09 0.24160581E-09 0.31669780E-09 0.41901832E-09 0.55972118E-09 0.75508194E-09 0.10285047E-08 0.14136289E-08 0.19588386E-08 0.27334492E-08 0.38362581E-08 0.54077418E-08 0.76467281E-08 0.10833335E-07 0.15360378E-07 0.21775972E-07 0.30841162E-07 0.43606883E-07
0.83306013E-13 0.11525221E-12 0.15870850E-12 0.21753541E-12 0.29743986E-12 0.40404305E-12 0.54633298E-12 0.73540342E-12 0.98530826E-12 0.13141127E-11 0.17446658E-11 0.23057747E-11 0.30409585E-11 0.39855820E-11 0.52020973E-11 0.67604912E-11 0.87495505E-11 0.11278740E-10 0.14483132E-10 0.18544550E-10 0.23649989E-10 0.30066080E-10 0.38116710E-10 0.48218423E-10 0.60880060E-10 0.76776715E-10 0.96784105E-10 0.12206161E-09 0.15416867E-09 0.19523073E-09 0.24819544E-09 0.31712060E-09 0.40787279E-09 0.52856346E-09 0.69091428E-09 0.91164760E-09 0.12147152E-08 0.16343097E-08 0.22196673E-08 0.30407871E-08 0.41974328E-08 0.58311793E-08 0.81421728E-08 0.11412151E-07 0.16035978E-07 0.22564425E-07 0.31762098E-07 0.44684766E-07
0.12207017E-12 0.16885738E-12 0.23249198E-12 0.31862086E-12 0.43542055E-12 0.59135507E-12 0.79950021E-12 0.10758664E-11 0.14411276E-11 0.19215643E-11 0.25504702E-11 0.33697947E-11 0.44394286E-11 0.58160679E-11 0.75853951E-11 0.98504108E-11 0.12737367E-10 0.16402065E-10 0.21035538E-10 0.26894017E-10 0.34234694E-10 0.43424421E-10 0.54901428E-10 0.69216736E-10 0.87034583E-10 0.10921300E-09 0.13683784E-09 0.17131185E-09 0.21447114E-09 0.26876873E-09 0.33747966E-09 0.42508377E-09 0.53792113E-09 0.68456944E-09 0.87731774E-09 0.11334979E-08 0.14776308E-08 0.19448736E-08 0.25850127E-08 0.34689402E-08 0.46972962E-08 0.64125774E-08 0.88159074E-08 0.12190062E-07 0.16931029E-07 0.23590915E-07 0.32935831E-07 0.46023580E-07
0.17803221E-12 0.24623267E-12 0.33897653E-12 0.46448452E-12 0.63445466E-12 0.86156441E-12 0.11644951E-11 0.15666951E-11 0.20981252E-11 0.27969321E-11 0.37114188E-11 0.49024127E-11 0.64540137E-11 0.84505742E-11 0.11015798E-10 0.14296539E-10 0.18473821E-10 0.23769664E-10 0.30475619E-10 0.38893677E-10 0.49439713E-10 0.62606391E-10 0.78998814E-10 0.99341874E-10 0.12453805E-09 0.15569737E-09 0.19420408E-09 0.24180142E-09 0.30072468E-09 0.37384245E-09 0.46492644E-09 0.57912455E-09 0.72318564E-09 0.90652398E-09 0.11421288E-08 0.14480875E-08 0.18498886E-08 0.23834991E-08 0.30996683E-08 0.40702335E-08 0.53967613E-08 0.72226228E-08 0.97497137E-08 0.13261418E-07 0.18154166E-07 0.24980162E-07 0.34505344E-07 0.47787011E-07
0.25843058E-12 0.35737701E-12 0.49190987E-12 0.67466430E-12 0.92024371E-12 0.12493252E-11 0.16882595E-11 0.22708922E-11 0.30405371E-11 0.40523192E-11 0.53760088E-11 0.70994234E-11 0.93405081E-11 0.12225372E-10 0.15929655E-10 0.20663851E-10 0.26687123E-10 0.34334014E-10 0.43963182E-10 0.56056980E-10 0.71182057E-10 0.90025904E-10 0.11342385E-09 0.14237007E-09 0.17808094E-09 0.22203169E-09 0.27602542E-09 0.34228638E-09 0.42359883E-09 0.52342629E-09 0.64633155E-09 0.79807049E-09 0.98637116E-09 0.12215519E-08 0.15175759E-08 0.18936951E-08 0.23765591E-08 0.30032681E-08 0.38258229E-08 0.49172637E-08 0.63802891E-08 0.83592600E-08 0.11056818E-07 0.14756792E-07 0.19855513E-07 0.26904439E-07 0.36667933E-07 0.50200662E-07
