examples/data/SURFRHOO.DAT
DSAA
 221 221
-0.10393494E+02  0.10393494E+02  0.94486307E-01
-0.10393494E+02  0.10393494E+02  0.94486307E-01
 0.00000000E+00  0.00000000E+00
[rows 198 to 219 of 221, columns 0 to 47 of 221]
0.24816002E-08 0.34082655E-08 0.46588321E-08 0.63382070E-08 0.85822627E-08 0.11566040E-07 0.15513748E-07 0.20710972E-07 0.27519234E-07 0.36393767E-07 0.47904312E-07 0.62759783E-07 0.81837050E-07 0.10621426E-06 0.13720907E-06 0.17642208E-06 0.22578566E-06 0.28761826E-06 0.36468408E-06 0.46025788E-06 0.57819426E-06 0.72300068E-06 0.89991305E-06 0.11149723E-05 0.13751003E-05 0.16881723E-05 0.20630839E-05 0.25098090E-05 0.30394453E-05 0.36642442E-05 0.43976211E-05 0.52541407E-05 0.62494762E-05 0.74003354E-05 0.87243528E-05 0.10239943E-04 0.11966114E-04 0.13922237E-04 0.16127778E-04 0.18601978E-04 0.21363507E-04 0.24430063E-04 0.27817954E-04 0.31541641E-04 0.35613264E-04 0.40042161E-04 0.44834374E-04 0.49992171E-04
0.19795710E-08 0.27195094E-08 0.37184013E-08 0.50602043E-08 0.68537762E-08 0.92393678E-08 0.12396718E-07 0.16554844E-07 0.22003925E-07 0.29109346E-07 0.38328763E-07 0.50231896E-07 0.65523822E-07 0.85071955E-07 0.10993702E-06 0.14140827E-06 0.18104319E-06 0.23071160E-06 0.29264432E-06 0.36948598E-06 0.46435165E-06 0.58088666E-06 0.72332861E-06 0.89657036E-06 0.11062226E-05 0.13586741E-05 0.16611472E-05 0.20217465E-05 0.24494980E-05 0.29543743E-05 0.35473054E-05 0.42401685E-05 0.50457563E-05 0.59777188E-05 0.70504762E-05 0.82791007E-05 0.96791640E-05 0.11266551E-04 0.13057236E-04 0.15067027E-04 0.17311270E-04 0.19804529E-04 0.22560232E-04 0.25590297E-04 0.28904740E-04 0.32511268E-04 0.36414881E-04 0.40617467E-04
0.15719455E-08 0.21601016E-08 0.29543353E-08 0.40215595E-08 0.54485622E-08 0.73472135E-08 0.98609425E-08 0.13172586E-07 0.17513910E-07 0.23176912E-07 0.30527491E-07 0.40021384E-07 0.52222907E-07 0.67826682E-07 0.87682623E-07 0.11282436E-06 0.14450132E-06 0.18421443E-06 0.23375553E-06 0.29525027E-06 0.37120412E-06 0.46455110E-06 0.57870437E-06 0.71760784E-06 0.88578748E-06 0.10884009E-05 0.13312833E-05 0.16209884E-05 0.19648205E-05 0.23708577E-05 0.28479608E-05 0.34057672E-05 0.40546668E-05 0.48057558E-05 0.56707674E-05 0.66619768E-05 0.77920785E-05 0.90740340E-05 0.10520891E-04 0.12145573E-04 0.13960640E-04 0.15978022E-04 0.18208732E-04 0.20662558E-04 0.23347734E-04 0.26270615E-04 0.29435339E-04 0.32843496E-04
0.12425904E-08 0.17079735E-08 0.23366079E-08 0.31815850E-08 0.43117588E-08 0.58159744E-08 0.78081535E-08 0.10433592E-07 0.13876534E-07 0.18369302E-07 0.24203028E-07 0.31740600E-07 0.41431574E-07 0.53829615E-07 0.69612536E-07 0.89605150E-07 0.11480504E-06 0.14641134E-06 0.18585651E-06 0.23484093E-06 0.29537016E-06 0.36979441E-06 0.46084961E-06 0.57169940E-06 0.70597705E-06 0.86782597E-06 0.10619377E-05 0.12935855E-05 0.15686517E-05 0.18936469E-05 0.22757187E-05 0.27226484E-05 0.32428318E-05 0.38452438E-05 0.45393836E-05 0.53351982E-05 0.62429843E-05 0.72732658E-05 0.84366473E-05 0.97436428E-05 0.11204482E-04 0.12828894E-04 0.14625870E-04 0.16603414E-04 0.18768274E-04 0.21125672E-04 0.23679029E-04 0.26429697E-04
0.97777665E-09 0.13443378E-08 0.18396334E-08 0.25055885E-08 0.33966075E-08 0.45828793E-08 0.61545041E-08 0.82264055E-08 0.10944389E-07 0.14492371E-07 0.19101035E-07 0.25057914E-07 0.32719495E-07 0.42525028E-07 0.55012549E-07 0.70837142E-07 0.90791572E-07 0.11582933E-06 0.14709014E-06 0.18592773E-06 0.23393984E-06 0.29300000E-06 0.36529072E-06 0.45333749E-06 0.56004274E-06 0.68871893E-06 0.84311956E-06 0.10274668E-05 0.12464741E-05 0.15053628E-05 0.18098699E-05 0.21662463E-05 0.25812423E-05 0.30620805E-05 0.36164122E-05 0.42522572E-05 0.49779249E-05 0.58019167E-05 0.67328080E-05 0.77791100E-05 0.89491135E-05 0.10250713E-04 0.11691216E-04 0.13277137E-04 0.15013983E-04 0.16906030E-04 0.18956101E-04 0.21165344E-04
0.76589560E-09 0.10533024E-08 0.14417605E-08 0.19642253E-08 0.26634782E-08 0.35947472E-08 0.48289124E-08 0.64564892E-08 0.85923223E-08 0.11381352E-07 0.15005433E-07 0.19691455E-07 0.25720703E-07 0.33440045E-07 0.43274562E-07 0.55742092E-07 0.71469654E-07 0.91211839E-07 0.11587114E-06 0.14652017E-06 0.18442570E-06 0.23107408E-06 0.28819795E-06 0.35780359E-06 0.44219836E-06 0.54401743E-06 0.66624904E-06 0.81225706E-06 0.98579977E-06 0.11910436E-05 0.14325701E-05 0.17153756E-05 0.20448600E-05 0.24268061E-05 0.28673456E-05 0.33729110E-05 0.39501741E-05 0.46059670E-05 0.53471886E-05 0.61806940E-05 0.71131682E-05 0.81509854E-05 0.93000545E-05 0.10565653E-04 0.11952254E-04 0.13463343E-04 0.15101242E-04 0.16866925E-04
0.59719330E-09 0.82150875E-09 0.11247822E-08 0.15327989E-08 0.20790457E-08 0.28067694E-08 0.37715086E-08 0.50441685E-08 0.67148265E-08 0.88971661E-08 0.11733905E-07 0.15403158E-07 0.20125963E-07 0.26174866E-07 0.33884150E-07 0.43661232E-07 0.55999699E-07 0.71493896E-07 0.90855067E-07 0.11492904E-06 0.14471534E-06 0.18138749E-06 0.22631436E-06 0.28108202E-06 0.34751580E-06 0.42770183E-06 0.52400740E-06 0.63909932E-06 0.77595932E-06 0.93789545E-06 0.11285483E-05 0.13518910E-05 0.16122215E-05 0.19141462E-05 0.22625536E-05 0.26625771E-05 0.31195454E-05 0.36389211E-05 0.42262255E-05 0.48869511E-05 0.56264605E-05 0.64498736E-05 0.73619439E-05 0.83669258E-05 0.94684335E-05 0.10669297E-04 0.11971415E-04 0.13375611E-04
0.46352482E-09 0.63779781E-09 0.87348274E-09 0.11906619E-08 0.16154261E-08 0.21814834E-08 0.29321406E-08 0.39227124E-08 0.52234936E-08 0.69232467E-08 0.91334519E-08 0.11993305E-07 0.15675596E-07 0.20393606E-07 0.26408885E-07 0.34040486E-07 0.43675119E-07 0.55778686E-07 0.70909048E-07 0.89730004E-07 0.11302643E-06 0.14172040E-06 0.17688813E-06 0.21977744E-06 0.27182528E-06 0.33467502E-06 0.41019280E-06 0.50048234E-06 0.60789752E-06 0.73505172E-06 0.88482322E-06 0.10603557E-05 0.12650524E-05 0.15025640E-05 0.17767681E-05 0.20917397E-05 0.24517132E-05 0.28610332E-05 0.33240957E-05 0.38452782E-05 0.44288599E-05 0.50789317E-05 0.57992979E-05 0.65933696E-05 0.74640528E-05 0.84136321E-05 0.94436536E-05 0.10554809E-04
0.35813034E-09 0.49290456E-09 0.67522431E-09 0.92065810E-09 0.12494401E-08 0.16877222E-08 0.22691168E-08 0.30365821E-08 0.40447002E-08 0.53624725E-08 0.70765657E-08 0.92952508E-08 0.12152994E-07 0.15815818E-07 0.20487541E-07 0.26416742E-07 0.33904983E-07 0.43315750E-07 0.55084502E-07 0.69729692E-07 0.87864681E-07 0.11021048E-06 0.13760914E-06 0.17103756E-06 0.21162143E-06 0.26064899E-06 0.31958406E-06 0.39007797E-06 0.47397965E-06 0.57334338E-06 0.69043332E-06 0.82772418E-06 0.98789725E-06 0.11738309E-05 0.13885847E-05 0.16353773E-05 0.19175557E-05 0.22385574E-05 0.26018639E-05 0.30109459E-05 0.34691998E-05 0.39798771E-05 0.45460061E-05 0.51703073E-05 0.58551046E-05 0.66022325E-05 0.74129430E-05 0.82878124E-05
0.27543347E-09 0.37918314E-09 0.51957348E-09 0.70861799E-09 0.96193624E-09 0.12997238E-08 0.17479476E-08 0.23398082E-08 0.31175158E-08 0.41344196E-08 0.54576083E-08 0.71708971E-08 0.93784358E-08 0.12208877E-07 0.15820206E-07 0.20405317E-07 0.26198165E-07 0.33481002E-07 0.42592125E-07 0.53934518E-07 0.67985209E-07 0.85305264E-07 0.10655032E-06 0.13248145E-06 0.16397622E-06 0.20203950E-06 0.24781387E-06 0.30258912E-06 0.36781035E-06 0.44508424E-06 0.53618287E-06 0.64304456E-06 0.76777092E-06 0.91261978E-06 0.10799931E-05 0.12724197E-05 0.14925314E-05 0.17430339E-05 0.20266698E-05 0.23461762E-05 0.27042348E-05 0.31034158E-05 0.35461168E-05 0.40344958E-05 0.45704009E-05 0.51552973E-05 0.57901925E-05 0.64755636E-05
0.21086150E-09 0.29036149E-09 0.39796829E-09 0.54290924E-09 0.73718587E-09 0.99632163E-09 0.13402838E-08 0.17946120E-08 0.23917901E-08 0.31729000E-08 0.41895901E-08 0.55064677E-08 0.72038148E-08 0.93808551E-08 0.12159493E-07 0.15688609E-07 0.20148983E-07 0.25758653E-07 0.32779196E-07 0.41522347E-07 0.52357310E-07 0.65718582E-07 0.82114174E-07 0.10213415E-06 0.12645925E-06 0.15586950E-06 0.19125233E-06 0.23361014E-06 0.28406676E-06 0.34387252E-06 0.41440741E-06 0.49718187E-06 0.59383483E-06 0.70612832E-06 0.83593827E-06 0.98524116E-06 0.11560959E-05 0.13506207E-05 0.15709649E-05 0.18192757E-05 0.20976587E-05 0.24081352E-05 0.27525928E-05 0.31327342E-05 0.35500208E-05 0.40056159E-05 0.45003258E-05 0.50345418E-05
0.16068688E-09 0.22132495E-09 0.30342408E-09 0.41403877E-09 0.56234780E-09 0.76022786E-09 0.10229613E-08 0.13701033E-08 0.18265352E-08 0.24237378E-08 0.32013144E-08 0.42087892E-08 0.55077838E-08 0.71744563E-08 0.93024247E-08 0.12006078E-07 0.15424350E-07 0.19725005E-07 0.25109242E-07 0.31817070E-07 0.40132872E-07 0.50391491E-07 0.62984649E-07 0.78367583E-07 0.97065804E-07 0.11968179E-06 0.14690140E-06 0.17949983E-06 0.21834672E-06 0.26441020E-06 0.31875950E-06 0.38256572E-06 0.45710044E-06 0.54373170E-06 0.64391711E-06 0.75919347E-06 0.89116300E-06 0.10414755E-05 0.12118063E-05 0.14038308E-05 0.16191939E-05 0.18594759E-05 0.21261555E-05 0.24205682E-05 0.27438635E-05 0.30969595E-05 0.34804976E-05 0.38947962E-05
0.12188879E-09 0.16792707E-09 0.23027632E-09 0.31430484E-09 0.42699992E-09 0.57740593E-09 0.77716508E-09 0.10411801E-08 0.13884206E-08 0.18428966E-08 0.24348257E-08 0.32020204E-08 0.41915129E-08 0.54615104E-08 0.70835601E-08 0.91451324E-08 0.11752516E-07 0.15034089E-07 0.19143995E-07 0.24266051E-07 0.30618264E-07 0.38457438E-07 0.48084153E-07 0.59847920E-07 0.74152421E-07 0.91460722E-07 0.11230029E-06 0.13726762E-06 0.16703232E-06 0.20234025E-06 0.24401570E-06 0.29296207E-06 0.35016091E-06 0.41666897E-06 0.49361293E-06 0.58218162E-06 0.68361534E-06 0.79919226E-06 0.93021156E-06 0.10779734E-05 0.12437558E-05 0.14287880E-05 0.16342215E-05 0.18610984E-05 0.21103176E-05 0.23825997E-05 0.26784515E-05 0.29981300E-05
0.92033309E-10 0.12682583E-09 0.17395778E-09 0.23749531E-09 0.32273273E-09 0.43652541E-09 0.58770107E-09 0.78756392E-09 0.10505085E-08 0.13947613E-08 0.18432700E-08 0.24247621E-08 0.31749932E-08 0.41381976E-08 0.53688245E-08 0.69334349E-08 0.89129554E-08 0.11405176E-07 0.14527543E-07 0.18420277E-07 0.23249621E-07 0.29211590E-07 0.36535711E-07 0.45489010E-07 0.56380069E-07 0.69563053E-07 0.85441607E-07 0.10447246E-06 0.12716861E-06 0.15410182E-06 0.18590435E-06 0.22326958E-06 0.26695133E-06 0.31776172E-06 0.37656717E-06 0.44428255E-06 0.52186304E-06 0.61029371E-06 0.71057669E-06 0.82371570E-06 0.95069827E-06 0.10924754E-05 0.12499391E-05 0.14238979E-05 0.16150507E-05 0.18239598E-05 0.20510232E-05 0.22964467E-05
0.69170683E-10 0.95343084E-10 0.13080716E-09 0.17862846E-09 0.24279981E-09 0.32849316E-09 0.44237085E-09 0.59296737E-09 0.79115441E-09 0.10507030E-08 0.13889582E-08 0.18276420E-08 0.23938021E-08 0.31209223E-08 0.40502017E-08 0.52320770E-08 0.67278633E-08 0.86116941E-08 0.10972646E-07 0.13917093E-07 0.17571272E-07 0.22084092E-07 0.27629899E-07 0.34411738E-07 0.42664336E-07 0.52657240E-07 0.64697814E-07 0.79134038E-07 0.96356969E-07 0.11680273E-06 0.14095384E-06 0.16933980E-06 0.20253660E-06 0.24116517E-06 0.28588839E-06 0.33740667E-06 0.39645178E-06 0.46377896E-06 0.54015710E-06 0.62635701E-06 0.72313770E-06 0.83123093E-06 0.95132389E-06 0.10840404E-05 0.12299210E-05 0.13894017E-05 0.15627931E-05 0.17502589E-05
0.51747899E-10 0.71344907E-10 0.97906179E-10 0.13373212E-09 0.18181997E-09 0.24605342E-09 0.33143708E-09 0.44438415E-09 0.59306710E-09 0.78784177E-09 0.10417566E-08 0.13711591E-08 0.17964127E-08 0.23427371E-08 0.30411835E-08 0.39297491E-08 0.50546946E-08 0.64719442E-08 0.82487329E-08 0.10465388E-07 0.13217280E-07 0.16616925E-07 0.20796257E-07 0.25908809E-07 0.32132286E-07 0.39670821E-07 0.48757307E-07 0.59655559E-07 0.72662201E-07 0.88108218E-07 0.10636002E-06 0.12781991E-06 0.15292578E-06 0.18214996E-06 0.21599701E-06 0.25500038E-06 0.29971780E-06 0.35072527E-06 0.40860965E-06 0.47395971E-06 0.54735579E-06 0.62935788E-06 0.72049250E-06 0.82123836E-06 0.93201100E-06 0.10531468E-05 0.11848867E-05 0.13273595E-05
0.38534965E-10 0.53140668E-10 0.72941977E-10 0.99657081E-10 0.13552537E-09 0.18344955E-09 0.24717135E-09 0.33148735E-09 0.44251210E-09 0.58799656E-09 0.77771059E-09 0.10238989E-08 0.13418201E-08 0.17503789E-08 0.22728611E-08 0.29377805E-08 0.37798457E-08 0.48410374E-08 0.61718840E-08 0.78327417E-08 0.98953139E-08 0.12444233E-07 0.15578753E-07 0.19414546E-07 0.24085392E-07 0.29745153E-07 0.36569427E-07 0.44757221E-07 0.54532417E-07 0.66144956E-07 0.79871682E-07 0.96016717E-07 0.11491128E-06 0.13691283E-06 0.16240347E-06 0.19178739E-06 0.22548749E-06 0.26394077E-06 0.30759283E-06 0.35689102E-06 0.41227668E-06 0.47417608E-06 0.54299047E-06 0.61908515E-06 0.70277784E-06 0.79432648E-06 0.89391672E-06 0.10016495E-05
0.28563198E-10 0.39398465E-10 0.54091844E-10 0.73920675E-10 0.10055031E-09 0.13614008E-09 0.18347442E-09 0.24612398E-09 0.32864206E-09 0.43680265E-09 0.57788632E-09 0.76102127E-09 0.99758682E-09 0.13016868E-08 0.16907003E-08 0.21859169E-08 0.28132616E-08 0.36041161E-08 0.45962223E-08 0.58347483E-08 0.73733340E-08 0.92753299E-08 0.11615063E-07 0.14479172E-07 0.17967999E-07 0.22196866E-07 0.27297536E-07 0.33419393E-07 0.40730567E-07 0.49418865E-07 0.59692406E-07 0.71779940E-07 0.85930729E-07 0.10241394E-06 0.12151743E-06 0.14354592E-06 0.16881839E-06 0.19766469E-06 0.23042136E-06 0.26742655E-06 0.30901411E-06 0.35550677E-06 0.40720867E-06 0.46439706E-06 0.52731351E-06 0.59615464E-06 0.67106272E-06 0.75211612E-06
0.21073972E-10 0.29074880E-10 0.39927393E-10 0.54576677E-10 0.74255396E-10 0.10056237E-09 0.13555994E-09 0.18189363E-09 0.24293823E-09 0.32297469E-09 0.42740293E-09 0.56299566E-09 0.73819894E-09 0.96348491E-09 0.12517626E-08 0.16188515E-08 0.20840238E-08 0.26706166E-08 0.34067192E-08 0.43259209E-08 0.54681875E-08 0.68807009E-08 0.86188522E-08 0.10747234E-07 0.13340671E-07 0.16485250E-07 0.20279365E-07 0.24834534E-07 0.30276425E-07 0.36745443E-07 0.44397269E-07 0.53403093E-07 0.63949555E-07 0.76238302E-07 0.90485109E-07 0.10691851E-06 0.12577786E-06 0.14731086E-06 0.17177037E-06 0.19941063E-06 0.23048285E-06 0.26523010E-06 0.30388164E-06 0.34664677E-06 0.39370812E-06 0.44521475E-06 0.50127499E-06 0.56194929E-06
0.15476306E-10 0.21357041E-10 0.29335478E-10 0.40107887E-10 0.54582393E-10 0.73937249E-10 0.99692788E-10 0.13379990E-09 0.17874809E-09 0.23769639E-09 0.31463092E-09 0.41455294E-09 0.54370160E-09 0.70981556E-09 0.92243777E-09 0.11932673E-08 0.15365617E-08 0.19695928E-08 0.25131575E-08 0.31921444E-08 0.40361426E-08 0.50801509E-08 0.63652405E-08 0.79393341E-08 0.98579694E-08 0.12185071E-07 0.14993709E-07 0.18366839E-07 0.22397839E-07 0.27191180E-07 0.32862726E-07 0.39539953E-07 0.47361908E-07 0.56478892E-07 0.67051821E-07 0.79251216E-07 0.93255781E-07 0.10925054E-06 0.12742450E-06 0.14796782E-06 0.17106855E-06 0.19690875E-06 0.22566036E-06 0.25748049E-06 0.29250647E-06 0.33085065E-06 0.37259505E-06 0.41778595E-06
0.11312992E-10 0.15615014E-10 0.21453427E-10 0.29338117E-10 0.39935147E-10 0.54108759E-10 0.72974459E-10 0.97964125E-10 0.13090554E-09 0.17411885E-09 0.23053261E-09 0.30382248E-09 0.39857546E-09 0.52048305E-09 0.67656623E-09 0.87543546E-09 0.11275881E-08 0.14457457E-08 0.18452319E-08 0.23443925E-08 0.29650547E-08 0.37330251E-08 0.46786054E-08 0.58371999E-08 0.72498195E-08 0.89637000E-08 0.11032857E-07 0.13518621E-07 0.16490112E-07 0.20024684E-07 0.24208084E-07 0.29134783E-07 0.34907846E-07 0.41638742E-07 0.49446866E-07 0.58458804E-07 0.68807289E-07 0.80629823E-07 0.94066953E-07 0.10926018E-06 0.12634950E-06 0.14547060E-06 0.16675171E-06 0.19031015E-06 0.21624861E-06 0.24465131E-06 0.27557995E-06 0.30906975E-06
0.82313294E-11 0.11363965E-10 0.15616193E-10 0.21360564E-10 0.29082682E-10 0.39413649E-10 0.53168092E-10 0.71392004E-10 0.95421016E-10 0.12695109E-09 0.16812363E-09 0.22162722E-09 0.29081823E-09 0.37986260E-09 0.49390123E-09 0.63924106E-09 0.82357399E-09 0.10562250E-08 0.13484308E-08 0.17136489E-08 0.21678971E-08 0.27301205E-08 0.34225837E-08 0.42712702E-08 0.53063490E-08 0.65625446E-08 0.80795913E-08 0.99026220E-08 0.12082526E-07 0.14676252E-07 0.17747023E-07 0.21364505E-07 0.25604648E-07 0.30549725E-07 0.36287880E-07 0.42912607E-07 0.50521988E-07 0.59217686E-07 0.69103672E-07 0.80284686E-07 0.92864425E-07 0.10694347E-06 0.12261695E-06 0.13997198E-06 0.15908497E-06 0.18001866E-06 0.20281924E-06 0.22751329E-06
